測站,日期,測項,00,01,02,03,04,05,06,07,08,09,10,11,12,13,14,15,16,17,18,19,20,21,22,23,
鳳山,2023/01/01 00:00:00,AMB_TEMP,19.7,19.5,19.2,19,18.9,19,19,18.9,19.3,20,20.7,21.2,21.8,22.3,22.6,22.8,22.4,22.1,21.4,20.7,20.1,19.9,19.7,19.5,
鳳山,2023/01/01 00:00:00,CH4,2.23,2.25,2.28,2.26,2.23,2.24,2.25,2.25,2.25,2.23,2.24,2.22,2.22,2.24,2.22,2.2,2.19,2.23,2.17,2.15,2.13,2.15,2.15,2.16,
鳳山,2023/01/01 00:00:00,CO,0.56,0.59,0.54,0.5,0.46,0.5,0.61,0.64,0.68,0.67,0.74,0.72,0.71,0.75,0.68,0.69,0.77,0.99,0.77,0.62,0.47,0.56,0.48,0.42,
鳳山,2023/01/01 00:00:00,NMHC,0.19,0.19,0.25,0.18,0.17,0.2,0.24,0.21,0.27,0.32,0.33,0.32,0.29,0.32,0.27,0.21,0.23,0.37,0.25,0.21,0.14,0.19,0.15,0.11,
鳳山,2023/01/01 00:00:00,NO,1.9,2,1.4,1.8,1.3,2.5,3.7,6,10.6,7.3,7.9,7,5.2,4.3,3.3,2.1,2.7,6.9,4.5,3.3,1.6,3.6,2.2,1.9,
鳳山,2023/01/01 00:00:00,NO2,21.5,21.7,23.1,21.8,18.5,21.8,22.2,20.4,22.6,22.6,26.7,25.2,25.5,26.6,20.9,19.8,21.7,30.6,24.9,23.1,17.2,21.7,17.2,15.3,
鳳山,2023/01/01 00:00:00,NOx,23.4,23.7,24.5,23.7,19.9,24.3,25.9,26.5,33.2,29.9,34.6,32.3,30.7,31,24.2,21.9,24.5,37.5,29.4,26.4,18.8,25.3,19.5,17.3,
鳳山,2023/01/01 00:00:00,O3,11.7,9.4,5.2,5.7,7,2,2.5,4.8,5.1,10.1,10.6,15.4,21.9,23.9,29,30.5,23.2,12,13.2,12.4,14.5,9.5,10.9,12.9,
鳳山,2023/01/01 00:00:00,PM10,71,66,57,52,48,46,51,53,54,53,59,62,63,68,73,62,62,63,62,67,53,71,72,75,
鳳山,2023/01/01 00:00:00,PM2.5,33,43,36,38,34,36,33,38,39,44,52,49,50,52,52,53,51,42,46,35,31,40,39,45,
鳳山,2023/01/01 00:00:00,RAINFALL,0,0,0,0,0,0,0,0,0,0,0,0,0,0,0,0,0,0,0,0,0,0,0,0,
鳳山,2023/01/01 00:00:00,RH,81,82,83,83,84,84,84,84,84,81,78,75,72,71,69,68,71,75,83,87,92,93,93,93,
鳳山,2023/01/01 00:00:00,SO2,2.1,2,2.4,2.7,2.7,2.6,2.7,2.6,2.8,3.1,3.5,3.4,3.1,3.2,3,2.7,2.3,2.4,2.1,1.9,1.7,1.7,1.8,1.8,
鳳山,2023/01/01 00:00:00,THC,2.43,2.45,2.54,2.45,2.41,2.44,2.49,2.47,2.53,2.56,2.58,2.55,2.52,2.57,2.5,2.42,2.43,2.6,2.43,2.37,2.28,2.35,2.31,2.28,
鳳山,2023/01/01 00:00:00,WD_HR,293,284,301,276,286,286,288,277,286,299,300,53,64,281,298,314,279,282,285,282,319,276,278,282,
鳳山,2023/01/01 00:00:00,WIND_DIREC,271,270,286,267,283,283,289,281,90,85,302,86,37,275,56,298,272,274,278,256,44,278,271,97,
鳳山,2023/01/01 00:00:00,WIND_SPEED,1,0.8,0.8,0.8,1,1.1,1.1,0.8,0.6,0.5,0.8,0.7,0.5,0.8,0.7,0.6,0.7,0.5,0.6,0.8,0.3,0.9,0.9,0.3,
鳳山,2023/01/01 00:00:00,WS_HR,0.4,0.6,0.1,0.7,0.4,0.3,0.8,0.7,0.4,0.1,0.2,0.1,0.1,0.4,0.2,0.1,0.4,0.4,0.5,0.4,0.1,0.6,0.6,0.5,
鳳山,2023/01/02 00:00:00,AMB_TEMP,19.6,19.4,19.2,19.2,19.2,19.3,19.3,19.6,20.4,20.9,21.7,22.1,23.5,23.4,23.5,23.3,22.4,21.9,21.5,21.1,20.5,20.2,19.8,19.5,
鳳山,2023/01/02 00:00:00,CH4,2.16,2.15,2.1,2.12,2.14,2.15,2.12,2.11,2.1,2.07,2.07,2.07,2.06,2.05,2.05,2.08,2.12,2.14,2.14,2.14,2.15,2.17,2.16,2.15,
鳳山,2023/01/02 00:00:00,CO,0.4,0.34,0.32,0.31,0.32,0.32,0.39,0.5,0.53,0.51,0.57,0.58,0.45,0.42,0.47,0.6,0.71,0.85,0.73,0.71,0.68,0.64,0.49,0.45,
鳳山,2023/01/02 00:00:00,NMHC,0.12,0.1,0.03,0.05,0.08,0.09,0.1,0.15,0.17,0.16,0.18,0.2,0.13,0.09,0.11,0.22,0.27,0.32,0.25,0.22,0.19,0.17,0.12,0.1,
鳳山,2023/01/02 00:00:00,NO,1.1,1,0.6,0.8,0.5,0.8,1.8,3.9,7.7,5.2,7.1,7.3,4.9,4.9,4.9,6.7,9,8.8,6.4,6,4.6,4,1.7,1,
鳳山,2023/01/02 00:00:00,NO2,14.5,11.7,7.1,8.5,10.2,12.3,13,15.6,16.3,12.8,17.1,15.5,14.1,13.2,16.1,22.9,25.1,26.2,25.9,24.8,23,21.3,15.5,13.6,
鳳山,2023/01/02 00:00:00,NOx,15.6,12.7,7.7,9.4,10.8,13.1,14.9,19.6,24,18.1,24.2,22.8,19,18.1,21,29.7,34.2,35,32.3,30.8,27.7,25.4,17.2,14.6,
鳳山,2023/01/02 00:00:00,O3,10.9,12.6,16.3,13.2,11.4,9.6,11,8.3,10.6,15.8,14.5,19.9,24.4,24.5,21.6,13.9,9,6,4.5,6.4,9.5,10,15.6,17.2,
鳳山,2023/01/02 00:00:00,PM10,71,67,52,64,62,74,50,50,42,26,29,34,22,22,29,36,39,41,36,50,52,63,63,66,
鳳山,2023/01/02 00:00:00,PM2.5,37,40,36,33,34,33,30,35,31,19,24,29,22,16,20,19,25,27,30,32,43,48,46,51,
鳳山,2023/01/02 00:00:00,RAINFALL,0,0,0,0,0,0,0,0,0,0,0,0,0,0,0,0,0,0,0,0,0,0,0,0,
鳳山,2023/01/02 00:00:00,RH,93,94,96,97,97,97,96,94,89,85,81,79,71,71,70,74,81,86,88,91,92,92,93,93,
鳳山,2023/01/02 00:00:00,SO2,1.7,1.4,1.3,1.2,1.3,1.4,1.3,1.4,1.7,1.7,1.7,1.7,1.9,1.6,1.4,1.6,1.8,1.8,1.7,1.6,1.6,1.5,1.5,1.3,
鳳山,2023/01/02 00:00:00,THC,2.29,2.26,2.14,2.18,2.23,2.25,2.23,2.27,2.28,2.24,2.26,2.27,2.2,2.15,2.17,2.31,2.4,2.46,2.4,2.37,2.35,2.35,2.29,2.26,
鳳山,2023/01/02 00:00:00,WD_HR,283,281,273,288,287,281,276,301,280,263,268,280,279,279,279,276,274,268,285,280,274,272,271,278,
鳳山,2023/01/02 00:00:00,WIND_DIREC,282,283,265,269,289,277,256,292,270,261,283,289,281,271,273,283,268,120,289,255,272,269,268,278,
鳳山,2023/01/02 00:00:00,WIND_SPEED,1,0.9,0.4,0.7,0.4,1,0.5,0.8,1.5,1.1,1.1,1.4,1.6,1.1,1.3,1.1,1,0.6,1,0.6,0.8,0.8,1,1.2,
鳳山,2023/01/02 00:00:00,WS_HR,0.4,0.4,0.2,0.4,0.6,0.5,0.4,0.1,0.8,0.3,0.4,1.3,0.3,0.8,0.8,0.3,0.8,0.7,0.4,0.6,0.7,0.8,0.8,0.9,
鳳山,2023/01/03 00:00:00,AMB_TEMP,19.4,19.3,19.1,18.9,18.8,18.7,18.4,18.9,19.2,19.5,20.7,21.4,21.6,21.9,22.2,22.9,22,21.4,20.9,20.3,19.6,18.8,18.3,17.8,
鳳山,2023/01/03 00:00:00,CH4,2.15,2.15,2.15,2.15,2.15,2.17,2.17,2.2,2.2,2.19,2.2,2.16,2.11,2.1,2.09,2.09,2.1,2.13,2.14,2.15,2.16,2.15,2.15,2.15,
鳳山,2023/01/03 00:00:00,CO,0.41,0.36,0.34,0.33,0.34,0.41,0.52,0.76,0.94,0.88,0.88,0.81,0.72,0.67,0.65,0.76,0.91,1.34,1.11,0.88,0.79,0.67,0.54,0.44,
鳳山,2023/01/03 00:00:00,NMHC,0.1,0.1,0.11,0.11,0.13,0.15,0.19,0.28,0.35,0.35,0.43,0.33,0.25,0.23,0.25,0.28,0.29,0.44,0.39,0.33,0.29,0.27,0.24,0.21,
鳳山,2023/01/03 00:00:00,NO,0.8,1.5,0.9,0.5,0.7,2.1,3.4,14.2,22.9,24.9,28.3,17.4,10.3,8.5,7.9,8,6.9,14.1,10.9,7.4,5.5,4.2,3.5,2.3,
鳳山,2023/01/03 00:00:00,NO2,13.5,13.2,11.7,11.3,11.7,14.1,17.9,21.9,23.2,25.2,26.7,24.7,23.5,23.8,27.4,28,30.1,40.5,38.1,33.3,30.8,27.7,26.1,24.5,
鳳山,2023/01/03 00:00:00,NOx,14.3,14.7,12.7,11.9,12.5,16.3,21.3,36.2,46.2,50.2,55,42.1,33.9,32.3,35.3,36,37.1,54.6,49,40.7,36.3,31.9,29.6,26.8,
鳳山,2023/01/03 00:00:00,O3,15.3,14.4,14.3,13,13.1,10.7,7.3,2.7,2.1,3.6,5.4,11.8,19.2,19.2,20.2,23.9,24,10.4,8.5,10.4,9.4,7.4,6.4,6.7,
鳳山,2023/01/03 00:00:00,PM10,63,50,53,58,62,60,64,56,89,67,71,55,34,41,47,49,49,60,54,57,53,47,40,36,
鳳山,2023/01/03 00:00:00,PM2.5,45,38,41,40,41,53,45,41,56,58,53,38,30,26,29,33,26,30,32,37,35,28,24,24,
鳳山,2023/01/03 00:00:00,RAINFALL,0,0,0,0,0,0,0,0,0,0,0,0,0,0,0,0,0,0,0,0,0,0,0,0,
鳳山,2023/01/03 00:00:00,RH,93,93,94,94,95,95,96,95,92,90,85,78,73,71,71,69,75,77,78,81,84,85,84,86,
鳳山,2023/01/03 00:00:00,SO2,1.3,1.4,1.4,1.4,1.4,1.4,1.4,1.6,1.7,1.8,2.2,2.2,2.2,1.9,2.2,1.9,1.7,1.8,1.6,2,2.2,2,2.2,2,
鳳山,2023/01/03 00:00:00,THC,2.26,2.26,2.27,2.27,2.29,2.32,2.37,2.49,2.56,2.55,2.64,2.5,2.37,2.34,2.35,2.38,2.4,2.58,2.54,2.49,2.46,2.43,2.39,2.37,
鳳山,2023/01/03 00:00:00,WD_HR,281,281,278,279,284,282,276,20,276,278,283,272,275,270,280,275,281,273,276,275,275,276,272,272,
鳳山,2023/01/03 00:00:00,WIND_DIREC,280,282,286,279,289,292,254,237,264,273,279,273,275,280,272,281,264,283,281,272,266,277,276,271,
鳳山,2023/01/03 00:00:00,WIND_SPEED,0.5,1,1,0.9,1.1,0.4,0.3,0.5,0.8,1.1,1.6,1.1,1.2,0.9,1,1.1,0.7,0.9,1.5,1.1,1,1.1,1.4,1.1,
鳳山,2023/01/03 00:00:00,WS_HR,0.5,0.8,0.8,0.9,0.7,0.7,0.6,0.1,0.5,0.8,0.9,0.9,1.1,0.6,0.6,0.7,0.7,0.6,1,0.8,0.9,0.9,1,1,
鳳山,2023/01/04 00:00:00,AMB_TEMP,17.6,17.6,17.4,17.5,17.4,17.3,17.3,17.3,18.6,20.8,22.9,24.1,24.8,25.8,25.9,24.3,23.1,22.3,21.9,21.2,20.3,19.6,18.9,18.3,
鳳山,2023/01/04 00:00:00,CH4,2.15,2.13,2.16,2.12,2.14,2.15,2.15,2.14,2.15,2.16,2.1,2.09,2.09,2.08,2.09,2.08,2.09,2.1,2.1,2.12,2.15,2.16,2.17,2.17,
鳳山,2023/01/04 00:00:00,CO,0.4,0.32,0.3,0.29,0.3,0.33,0.45,0.66,0.68,0.61,0.65,0.77,0.65,0.58,0.69,0.77,0.92,1.16,1.13,0.85,0.75,0.68,0.51,0.45,
鳳山,2023/01/04 00:00:00,NMHC,0.2,0.18,0.18,0.11,0.15,0.15,0.21,0.23,0.29,0.3,0.3,0.35,0.23,0.2,0.24,0.25,0.29,0.36,0.34,0.29,0.3,0.32,0.26,0.27,
鳳山,2023/01/04 00:00:00,NO,1.7,1.5,1.6,1.5,1.4,3,7.5,14.5,22.2,18.8,13.3,10.8,6.3,4.5,4.4,4.1,4.9,4,4,4.1,4,3.3,2.9,1.9,
鳳山,2023/01/04 00:00:00,NO2,22.1,17.7,18,14.6,16.3,17.4,20.7,18.8,22.9,25.3,24.8,27.2,22.4,23.8,27.2,24.3,30.3,34.4,34.7,31.7,29.5,27.8,23.6,21.5,
鳳山,2023/01/04 00:00:00,NOx,23.9,19.3,19.7,16.1,17.8,20.5,28.3,33.3,45.1,44.1,38.1,38,28.7,28.3,31.6,28.4,35.3,38.4,38.7,35.9,33.6,31.1,26.5,23.5,
鳳山,2023/01/04 00:00:00,O3,7.4,8.4,7.2,9.4,5.9,4.5,1.2,4.1,5.9,10.2,18.3,25.5,35.4,46.8,53.2,45.8,35.1,28.3,26.1,22,17.3,14,13.3,11.5,
鳳山,2023/01/04 00:00:00,PM10,36,31,26,24,24,21,22,32,29,30,28,37,36,40,43,45,51,60,*,67,60,60,58,50,
鳳山,2023/01/04 00:00:00,PM2.5,19,20,23,17,18,21,13,15,24,21,14,24,25,25,38,25,26,29,30,36,34,39,35,32,
鳳山,2023/01/04 00:00:00,RAINFALL,0,0,0,0,0,0,0,0,0,0,0,0,0,0,0,0,0,0,0,0,0,0,0,0,
鳳山,2023/01/04 00:00:00,RH,86,85,85,86,86,87,87,86,81,72,64,57,54,50,51,59,66,71,72,74,75,80,84,86,
鳳山,2023/01/04 00:00:00,SO2,2.1,2.2,2.3,2.1,1.9,2.1,2.1,2,2.6,3.3,3.4,3,2.4,2.4,2.2,2,2.1,2.2,1.9,2.1,2.2,2.3,2.3,2.1,
鳳山,2023/01/04 00:00:00,THC,2.35,2.32,2.35,2.24,2.3,2.3,2.36,2.37,2.45,2.47,2.41,2.45,2.33,2.29,2.34,2.34,2.38,2.47,2.44,2.42,2.46,2.49,2.44,2.45,
鳳山,2023/01/04 00:00:00,WD_HR,276,276,275,265,277,270,256,269,252,118,278,276,269,275,283,285,280,273,284,278,280,277,279,282,
鳳山,2023/01/04 00:00:00,WIND_DIREC,277,274,224,281,273,256,243,92,94,262,90,253,22,260,284,290,291,264,284,278,271,266,282,283,
鳳山,2023/01/04 00:00:00,WIND_SPEED,1.1,0.9,0.5,0.7,0.9,0.7,0.9,0.8,0.8,0.6,0.8,1.2,0.7,0.9,1.5,1,1.1,0.4,0.9,1.1,0.8,1.1,1.1,1,
鳳山,2023/01/04 00:00:00,WS_HR,0.9,0.8,0.7,0.2,0.9,0.3,0.3,0.4,0.2,0,0.3,0.7,0.5,0.5,0.7,1.1,0.8,0.4,0.6,0.8,0.8,0.7,0.9,1,
鳳山,2023/01/05 00:00:00,AMB_TEMP,17.9,17.6,17.6,17.2,17.1,17.1,17.1,17.4,18.6,19.3,20.9,22.5,23.4,23.6,23.9,24.2,23.2,22.3,21.7,21.3,21.3,20.6,19.9,19.2,
鳳山,2023/01/05 00:00:00,CH4,2.19,2.19,2.21,2.22,2.23,2.2,2.21,2.24,2.26,2.26,#,#,#,2.16,#,#,2.08,2.16,2.21,2.32,2.22,2.19,2.17,2.18,
鳳山,2023/01/05 00:00:00,CO,0.42,0.4,0.4,0.42,0.44,0.49,0.67,1.05,1.04,0.87,#,#,#,#,0.76,0.98,0.86,1.49,2.19,2.61,1.5,0.84,0.69,0.5,
鳳山,2023/01/05 00:00:00,NMHC,0.26,0.22,0.27,0.32,0.33,0.3,0.36,0.5,0.5,0.45,#,#,#,0.31,#,#,0.31,0.55,0.86,1.1,0.67,0.41,0.33,0.26,
鳳山,2023/01/05 00:00:00,NO,1.4,0.6,1.6,2.5,3.2,5.2,14.9,39.5,34.8,30.5,#,#,#,#,5.1,5.6,#,7.4,20.9,41,22,7.4,5.8,3.2,
鳳山,2023/01/05 00:00:00,NO2,20.9,20.3,22.3,23.3,23,22.3,22.2,25.1,29,33,#,#,#,#,35.1,38.7,#,53.4,65.9,61.8,50.1,34.4,30.5,25.3,
鳳山,2023/01/05 00:00:00,NOx,22.4,21,24,25.8,26.3,27.6,37.1,64.6,63.9,63.5,#,#,#,#,40.3,44.4,#,60.8,86.8,102.9,72.1,41.9,36.4,28.6,
鳳山,2023/01/05 00:00:00,O3,9.9,7.7,3.4,1.1,0.5,1.1,0,0.6,3.3,4.2,10,17,#,#,#,#,30.4,14.7,0,0,0.6,2.8,2.5,3.8,
鳳山,2023/01/05 00:00:00,PM10,49,48,52,55,61,56,53,68,61,60,67,66,63,73,#,#,69,80,84,85,79,72,57,56,
鳳山,2023/01/05 00:00:00,PM2.5,32,27,33,34,37,39,37,42,43,50,44,53,44,#,#,50,40,42,43,47,39,34,29,25,
鳳山,2023/01/05 00:00:00,RAINFALL,0,0,0,0,0,0,0,0,0,0,0,0,0,#,0,0,0,0,0,0,0,0,0,0,
鳳山,2023/01/05 00:00:00,RH,88,90,90,92,92,92,92,90,85,82,74,66,62,61,62,63,69,75,83,86,85,88,90,92,
鳳山,2023/01/05 00:00:00,SO2,2.2,2.3,2.3,2.8,2.5,2.7,2.7,2.9,3.7,3.8,3.9,3.9,#,#,2.6,2.4,2,2,2.2,2.2,2.2,2,1.8,1.9,
鳳山,2023/01/05 00:00:00,THC,2.45,2.42,2.49,2.55,2.57,2.51,2.58,2.75,2.77,2.72,#,#,#,2.48,#,#,2.4,2.71,3.07,3.43,2.9,2.61,2.51,2.45,
鳳山,2023/01/05 00:00:00,WD_HR,282,276,281,271,277,272,270,268,278,264,281,270,289,#,#,#,262,319,7,30,274,271,284,282,
鳳山,2023/01/05 00:00:00,WIND_DIREC,284,283,275,280,276,278,246,278,274,131,295,275,303,#,#,281,243,358,34,43,262,279,329,288,
鳳山,2023/01/05 00:00:00,WIND_SPEED,1.4,1.1,1,0.8,1,1.2,0.7,0.9,1.3,0.6,1.1,0.7,0.6,#,#,0.6,0.3,0.3,0.3,0.3,0.4,0.4,0.3,0.6,
鳳山,2023/01/05 00:00:00,WS_HR,1.1,0.9,1,0.9,0.9,1,0.7,0.8,1.1,0.5,0.8,0.5,0.3,#,#,#,0.4,0.1,0.3,0.3,0.2,0.3,0.5,0.8,
鳳山,2023/01/06 00:00:00,AMB_TEMP,18.7,18.5,18.5,18.5,18.7,18.9,19,19,19.9,21.2,22.7,24,25.2,26.2,26.4,26.6,25.7,24.2,22.4,20.9,20.1,19.7,19.8,19.7,
鳳山,2023/01/06 00:00:00,CH4,2.16,2.12,2.13,2.13,2.1,2.09,2.09,2.08,2.09,2.07,2.1,#,2.08,2.06,2.05,2.07,2.08,2.11,2.11,2.11,2.12,2.12,2.12,2.15,
鳳山,2023/01/06 00:00:00,CO,0.41,0.32,0.32,0.33,0.36,0.35,0.51,0.68,0.71,0.64,0.78,0.76,#,0.55,0.52,0.71,0.87,1.11,0.93,0.71,0.62,0.65,0.54,0.53,
鳳山,2023/01/06 00:00:00,NMHC,0.21,0.13,0.13,0.11,0.11,0.11,0.13,0.2,0.24,0.26,0.35,#,0.23,0.2,0.22,0.26,0.29,0.37,0.29,0.22,0.23,0.27,0.24,0.31,
鳳山,2023/01/06 00:00:00,NO,2.1,1.7,1.3,1.5,1.1,1.6,3.8,8.9,13.5,14,15.8,13.1,#,#,#,#,6.2,5.8,5.4,5,4.8,4,3.6,2.7,
鳳山,2023/01/06 00:00:00,NO2,22.6,15.4,13.9,12.8,12.3,12.2,14.4,16.8,19,20.6,24.1,24.4,#,#,#,#,37.2,40.5,31.3,26.6,26.2,27.7,23.8,26.5,
鳳山,2023/01/06 00:00:00,NOx,24.8,17.1,15.2,14.3,13.4,13.9,18.2,25.8,32.5,34.6,40,37.5,#,#,#,#,43.4,46.3,36.8,31.6,31,31.8,27.4,29.3,
鳳山,2023/01/06 00:00:00,O3,4.5,9.3,10.2,11.7,13.8,16.6,12.3,#,#,#,#,19.1,26.1,34.5,44.5,37.1,31.9,24.3,22,19,15.8,12.3,12.2,6.9,
鳳山,2023/01/06 00:00:00,PM10,61,65,73,77,66,57,60,59,54,43,52,44,49,51,49,48,62,77,66,59,60,49,43,47,
鳳山,2023/01/06 00:00:00,PM2.5,36,45,49,44,48,46,43,41,46,35,32,25,25,30,30,25,34,37,34,31,32,30,28,30,
鳳山,2023/01/06 00:00:00,RAINFALL,0,0,0,0,0,0,0,0,0,0,0,0,0,0,0,0,0,0,0,0,0,0,0,0,
鳳山,2023/01/06 00:00:00,RH,96,97,98,98,96,93,93,93,88,79,70,62,57,53,52,51,53,61,70,76,81,82,83,84,
鳳山,2023/01/06 00:00:00,SO2,1.7,1.3,1.2,1.1,1.3,1.3,1.2,1.4,1.7,1.9,2.3,2.1,#,2.1,2.3,2.3,2.3,2.2,2.3,2.5,2.7,2.6,2.3,2.4,
鳳山,2023/01/06 00:00:00,THC,2.38,2.26,2.27,2.25,2.22,2.21,2.23,2.29,2.34,2.34,2.46,#,2.32,2.27,2.28,2.34,2.38,2.49,2.41,2.34,2.36,2.4,2.37,2.47,
鳳山,2023/01/06 00:00:00,WD_HR,281,286,278,272,272,272,259,266,288,273,275,269,276,272,276,273,274,276,278,270,275,274,282,284,
鳳山,2023/01/06 00:00:00,WIND_DIREC,275,289,278,266,278,280,141,271,88,265,274,274,273,216,259,311,267,332,276,269,272,303,1,282,
鳳山,2023/01/06 00:00:00,WIND_SPEED,1.1,0.8,1.1,0.8,1,1,0.8,0.6,0.9,0.9,1.1,1.8,1.5,1.1,0.6,0.6,0.6,0.5,1.2,1.3,1.3,0.5,0.3,0.8,
鳳山,2023/01/06 00:00:00,WS_HR,0.9,0.7,0.8,0.8,0.6,0.3,0.2,0.1,0,0.2,0.9,0.9,0.9,0.8,0.5,0.6,0.2,0.3,0.8,1,1,0.5,0.3,0.4,
鳳山,2023/01/07 00:00:00,AMB_TEMP,19.1,18.9,18.9,18.6,18.4,18.5,18.7,18.9,19.9,21.6,24.1,25.3,25.2,24.7,24.4,24.2,23.7,23.2,22.9,22.8,22.5,22.6,22.4,22.3,
鳳山,2023/01/07 00:00:00,CH4,2.19,2.22,2.27,2.27,2.26,2.23,2.26,2.32,2.29,2.24,2.16,2.11,2.1,2.09,2.08,2.07,2.07,2.09,2.1,2.09,2.1,2.09,2.12,2.12,
鳳山,2023/01/07 00:00:00,CO,0.44,0.43,0.42,0.39,0.4,0.39,0.59,1.05,1.15,0.86,0.88,0.82,0.67,0.56,0.58,0.63,0.67,0.97,1.02,0.84,0.75,0.65,0.65,0.57,
鳳山,2023/01/07 00:00:00,NMHC,0.3,0.31,0.41,0.32,0.32,0.24,0.33,0.57,0.6,0.46,0.3,0.29,0.19,0.14,0.14,0.18,0.17,0.28,0.29,0.24,0.21,0.19,0.19,0.16,
鳳山,2023/01/07 00:00:00,NO,2.4,2.7,2.6,2.5,4.1,4.4,15.2,36.5,44,29.7,11.4,7.4,4.9,3.7,3.2,3.2,3.4,3.4,3,2.2,1.6,1.5,1.8,1.5,
鳳山,2023/01/07 00:00:00,NO2,26,25.9,26.5,22.5,22.1,20.9,20.8,23.2,31.6,34.4,33.4,36.2,25.5,20.7,20.4,22.4,26.3,35.8,34.7,29.6,28.5,23,24.5,21.5,
鳳山,2023/01/07 00:00:00,NOx,28.4,28.6,29.1,25.1,26.2,25.3,36,59.7,75.6,64.1,44.8,43.6,30.5,24.5,23.6,25.7,29.8,39.3,37.8,31.8,30.2,24.6,26.3,23,
鳳山,2023/01/07 00:00:00,O3,5.3,4.1,2.5,3,1.2,1.9,0.1,0.4,1.5,8.3,27.6,39.2,44.3,47.7,48.8,45.1,43.9,36.3,35.8,41.2,41.6,45,38.1,37.8,
鳳山,2023/01/07 00:00:00,PM10,53,41,50,46,52,48,45,77,64,69,58,62,52,40,42,48,49,63,53,58,57,55,53,51,
鳳山,2023/01/07 00:00:00,PM2.5,30,29,34,32,32,35,33,32,45,42,38,35,37,33,25,28,29,25,32,33,38,31,27,27,
鳳山,2023/01/07 00:00:00,RAINFALL,0,0,0,0,0,0,0,0,0,0,0,0,0,0,0,0,0,0,0,0,0,0,0,0,
鳳山,2023/01/07 00:00:00,RH,85,85,86,88,89,89,88,87,82,76,65,59,59,60,61,62,64,67,70,71,74,74,76,78,
鳳山,2023/01/07 00:00:00,SO2,2.6,2,1.9,1.8,1.5,1.6,1.5,2.2,2.5,3.1,4.5,5.4,5,3.2,2.7,3.1,2.5,2.4,2.1,2.3,2.4,2.2,2,1.9,
鳳山,2023/01/07 00:00:00,THC,2.5,2.54,2.69,2.6,2.59,2.48,2.6,2.9,2.9,2.71,2.47,2.41,2.3,2.24,2.23,2.26,2.25,2.38,2.4,2.34,2.32,2.29,2.32,2.28,
鳳山,2023/01/07 00:00:00,WD_HR,283,283,310,288,287,330,301,277,285,289,178,260,250,263,256,264,281,280,284,275,303,342,324,355,
鳳山,2023/01/07 00:00:00,WIND_DIREC,292,284,301,120,311,69,279,270,68,255,285,251,250,251,248,264,292,302,281,259,286,5,322,342,
鳳山,2023/01/07 00:00:00,WIND_SPEED,0.6,0.8,0.4,0.5,0.3,0.3,0.5,0.7,0.5,0.5,0.9,1,1.1,0.9,1,1,0.7,0.5,0.3,0.5,0.3,0.3,0.3,0.3,
鳳山,2023/01/07 00:00:00,WS_HR,0.6,0.5,0.1,0.2,0.5,0.1,0.3,0.3,0.5,0.4,0.1,0.4,0.5,0.8,0.8,0.6,0.5,0.5,0.3,0.3,0.2,0.2,0.2,0.2,
鳳山,2023/01/08 00:00:00,AMB_TEMP,22,21.7,21.2,21,20.6,20.8,20.5,20,21.4,22.6,24.2,25.3,25.3,26,25.7,25.6,25.3,24.2,23.2,22.9,22.4,22,21.7,21.9,
鳳山,2023/01/08 00:00:00,CH4,2.18,2.31,2.47,2.54,2.49,2.52,2.54,2.59,2.57,2.39,2.16,2.22,2.19,2.14,2.1,2.09,2.12,2.12,2.12,2.18,2.22,2.37,2.37,2.47,
鳳山,2023/01/08 00:00:00,CO,0.59,0.7,0.67,0.68,0.6,0.7,0.83,0.86,1.2,0.77,0.66,0.92,0.84,0.74,0.65,0.62,0.85,0.9,0.96,0.97,0.88,1.02,0.96,1.11,
鳳山,2023/01/08 00:00:00,NMHC,0.2,0.27,0.36,0.41,0.37,0.4,0.44,0.45,0.52,0.34,0.21,0.28,0.22,0.15,0.15,0.13,0.22,0.24,0.23,0.28,0.29,0.37,0.39,0.45,
鳳山,2023/01/08 00:00:00,NO,1.4,0.8,1,1.3,1.2,1.9,4.7,9.3,16.8,8.2,2.8,3.1,3,1.9,1.6,1.8,2.1,2.3,1.6,1.6,1.7,1.2,1.2,2.8,
鳳山,2023/01/08 00:00:00,NO2,23.6,23.4,24.6,27.6,27.2,27.6,31,27.8,36.8,28.8,17.9,22.8,19.4,15.7,14.6,17.1,27.3,27.9,27.1,33.8,34.2,36.7,34.5,39.5,
鳳山,2023/01/08 00:00:00,NOx,25,24.3,25.6,28.9,28.4,29.5,35.8,37.1,53.6,37,20.7,25.9,22.4,17.7,16.2,18.9,29.5,30.2,28.8,35.5,35.9,38,35.7,42.4,
鳳山,2023/01/08 00:00:00,O3,31.8,24.1,10.5,8.4,8.8,6.2,3.5,4,7.9,27.9,51.8,56,64.9,72.5,67.3,62.4,51.8,47.1,43.6,31.6,28.2,18.4,17.5,7.1,
鳳山,2023/01/08 00:00:00,PM10,50,51,67,82,90,86,96,92,96,84,62,74,78,61,47,50,52,53,63,73,84,83,81,85,
鳳山,2023/01/08 00:00:00,PM2.5,30,33,41,56,55,56,59,61,64,57,39,45,47,42,33,33,31,31,39,39,47,51,53,54,
鳳山,2023/01/08 00:00:00,RAINFALL,0,0,0,0,0,0,0,0,0,0,0,0,0,0,0,0,0,0,0,0,0,0,0,0,
鳳山,2023/01/08 00:00:00,RH,83,84,85,82,82,81,82,84,76,71,63,57,59,55,54,55,56,62,68,69,70,73,74,75,
鳳山,2023/01/08 00:00:00,SO2,1.8,1.4,1.2,1.5,1.5,1.7,1.9,1.7,3.1,4,3.4,3.2,3.6,3.6,2.6,2.3,2,1.8,1.5,1.9,2.2,2.1,1.8,1.8,
鳳山,2023/01/08 00:00:00,THC,2.39,2.59,2.84,2.96,2.87,2.92,2.99,3.05,3.1,2.73,2.38,2.51,2.42,2.3,2.26,2.23,2.35,2.37,2.36,2.47,2.52,2.75,2.77,2.93,
鳳山,2023/01/08 00:00:00,WD_HR,314,56,306,21,301,304,278,40,291,102,259,302,289,278,285,274,277,277,274,313,341,61,66,318,
鳳山,2023/01/08 00:00:00,WIND_DIREC,23,88,292,335,288,312,293,281,307,175,241,288,293,279,268,288,284,247,68,351,70,356,57,286,
鳳山,2023/01/08 00:00:00,WIND_SPEED,0.3,0.4,0.3,0.3,0.3,0.3,0.4,0.3,0.5,0.7,0.8,1.3,1.5,1,1.2,0.7,0.6,0.6,0.3,0.3,0.3,0.3,0.3,0.9,
鳳山,2023/01/08 00:00:00,WS_HR,0.3,0.2,0.1,0.1,0.1,0.3,0.5,0.1,0.3,0.4,0.4,0.5,1.1,0.8,0.9,0.8,0.4,0.5,0.2,0.2,0.2,0.2,0.3,0.2,
鳳山,2023/01/09 00:00:00,AMB_TEMP,21.1,20.1,19.7,20,19.5,19.5,19.8,21,22.1,22.3,24.3,25.8,26.2,26.9,26.3,26.1,25.5,23.8,23.4,22.6,21.7,21.3,20.8,20.6,
鳳山,2023/01/09 00:00:00,CH4,2.3,2.41,2.43,2.47,2.45,2.42,2.35,2.4,2.4,2.4,2.33,2.21,2.16,2.14,2.07,2.09,2.09,2.1,2.14,2.16,2.18,2.2,2.22,2.28,
鳳山,2023/01/09 00:00:00,CO,0.61,0.59,0.54,0.55,0.49,0.52,0.65,1.36,1.33,1.04,0.95,0.91,0.74,0.69,0.63,0.76,0.91,1.08,1.12,0.87,0.84,0.73,0.63,0.64,
鳳山,2023/01/09 00:00:00,NMHC,0.19,0.25,0.23,0.25,0.22,0.16,0.18,0.4,0.45,0.37,0.33,0.25,0.2,0.2,0.16,0.21,0.26,0.33,0.37,0.31,0.32,0.29,0.26,0.27,
鳳山,2023/01/09 00:00:00,NO,1.9,1.1,0.8,1.3,0.7,1,1.3,15.5,19.5,15.8,13.3,6.2,4,2.9,3.3,3.5,5,4.9,4.4,3.6,6.2,8.1,1.9,1.6,
鳳山,2023/01/09 00:00:00,NO2,22.4,26.5,25,24.6,19.2,14.5,15.1,32.8,36.5,34.6,39.2,27.3,22.8,22.9,18.8,23.4,31,35.6,41.5,34.6,34.7,33.6,32.5,31,
鳳山,2023/01/09 00:00:00,NOx,24.3,27.7,25.8,25.9,19.9,15.5,16.4,48.3,56.1,50.4,52.5,33.5,26.8,25.8,22.2,26.9,36.1,40.5,45.9,38.2,40.9,41.7,34.5,32.7,
鳳山,2023/01/09 00:00:00,O3,22.6,13.5,11.1,8.9,6.9,15.6,17.3,6.8,8.8,12.7,23.7,43.2,54.9,60.8,52.8,48.3,36.5,35.1,25.7,25.8,16.8,12.1,9.1,7.2,
鳳山,2023/01/09 00:00:00,PM10,93,94,89,92,84,78,59,70,89,97,99,78,64,67,44,58,54,78,92,102,92,87,80,80,
鳳山,2023/01/09 00:00:00,PM2.5,53,60,58,62,57,57,48,46,62,73,71,48,44,47,28,33,26,35,45,52,52,48,49,49,
鳳山,2023/01/09 00:00:00,RAINFALL,0,0,0,0,0,0,0,0,0,0,0,0,0,0,0,0,0,0,0,0,0,0,0,0,
鳳山,2023/01/09 00:00:00,RH,81,85,87,86,88,88,87,81,77,77,64,53,49,46,45,49,48,66,68,71,76,78,81,83,
鳳山,2023/01/09 00:00:00,SO2,1.8,1.8,1.5,1.7,1.4,1.2,1.3,1.9,2.3,2.4,2.6,2.4,2.4,2.4,2,1.9,1.5,1.3,1.8,2.1,2,2.5,2.4,2.2,
鳳山,2023/01/09 00:00:00,THC,2.5,2.66,2.66,2.73,2.68,2.59,2.54,2.81,2.86,2.78,2.66,2.47,2.37,2.35,2.24,2.31,2.36,2.44,2.52,2.48,2.51,2.5,2.48,2.56,
鳳山,2023/01/09 00:00:00,WD_HR,280,175,4,48,89,57,28,291,286,299,273,262,271,283,278,275,281,272,273,279,274,273,289,23,
鳳山,2023/01/09 00:00:00,WIND_DIREC,284,273,294,83,102,79,274,312,315,299,284,255,291,283,268,273,267,256,274,286,280,275,347,288,
鳳山,2023/01/09 00:00:00,WIND_SPEED,0.8,0.8,0.3,0.5,0.5,0.3,0.3,0.5,0.6,0.5,1,1.1,1.2,1.3,1.5,0.9,1.3,0.8,1,0.7,0.9,0.5,0.3,0.4,
鳳山,2023/01/09 00:00:00,WS_HR,0.5,0.1,0.1,0,0.4,0.1,0.1,0.2,0.5,0.3,0.6,0.8,0.7,1.1,1.2,1,1,0.8,0.6,0.4,0.6,0.3,0.1,0.1,
鳳山,2023/01/10 00:00:00,AMB_TEMP,20.6,20,19.9,20,20.1,20.1,20.2,20.6,21,22.7,24.3,25.1,25.5,24.8,24.8,24.8,24.6,23.7,23.1,22.7,22.6,22.4,22,21.3,
鳳山,2023/01/10 00:00:00,CH4,2.29,2.29,2.33,2.36,2.39,2.45,2.44,2.43,2.39,2.29,2.22,2.16,2.14,2.12,2.08,2.07,2.09,2.11,2.1,2.1,2.13,2.16,2.22,2.22,
鳳山,2023/01/10 00:00:00,CO,0.62,0.5,0.49,0.47,0.47,0.5,0.64,1.08,0.98,1.06,0.85,0.74,0.73,0.65,0.69,0.74,1,0.98,0.92,0.69,0.6,0.64,0.77,0.59,
鳳山,2023/01/10 00:00:00,NMHC,0.33,0.34,0.36,0.31,0.3,0.23,0.22,0.41,0.39,0.41,0.32,0.24,0.21,0.17,0.26,0.28,0.38,0.37,0.33,0.27,0.27,0.31,0.37,0.28,
鳳山,2023/01/10 00:00:00,NO,2.1,0.9,1.6,1.5,1.2,1,2.1,19.1,20.3,21.4,7.4,4.1,4.1,3.6,5.9,4.5,7.1,6.3,4.6,3,1.7,2.1,3.4,2.4,
鳳山,2023/01/10 00:00:00,NO2,30.8,22.3,26.8,25.1,21.7,19.4,19.2,27.5,30.2,37.4,31.4,22.7,22.6,21.7,25.6,28.7,38.1,37.1,35.1,28.3,27.7,29.7,32.4,26.1,
鳳山,2023/01/10 00:00:00,NOx,33,23.2,28.5,26.6,22.9,20.5,21.3,46.7,50.6,58.9,38.8,26.8,26.7,25.4,31.6,33.3,45.2,43.5,39.8,31.4,29.4,31.8,35.8,28.5,
鳳山,2023/01/10 00:00:00,O3,4.2,7.3,2.5,2.5,2.4,9.2,8,2.4,4.1,10.8,32.2,46.6,45.8,43.1,31.6,30.7,25.5,21.9,22.4,23,18.5,12.5,6.5,11.2,
鳳山,2023/01/10 00:00:00,PM10,82,94,94,88,84,84,80,91,96,102,93,71,59,51,56,67,59,70,52,53,48,50,65,66,
鳳山,2023/01/10 00:00:00,PM2.5,55,66,64,59,58,58,58,59,64,64,63,50,38,44,38,32,34,40,36,32,30,33,34,43,
鳳山,2023/01/10 00:00:00,RAINFALL,0,0,0,0,0,0,0,0,0,0,0,0,0,0,0,0,0,0,0,0,0,0,0,0,
鳳山,2023/01/10 00:00:00,RH,83,86,87,87,87,85,85,83,82,74,65,60,60,64,66,65,63,67,68,70,72,74,78,82,
鳳山,2023/01/10 00:00:00,SO2,2.2,2,2.3,2.1,2,1.8,1.9,2,2.7,3.3,3.7,2.8,2.3,2.3,2.2,2.2,2.5,2.3,2.5,2.3,2.6,1.9,2,1.8,
鳳山,2023/01/10 00:00:00,THC,2.63,2.64,2.7,2.68,2.7,2.69,2.67,2.85,2.78,2.71,2.54,2.41,2.36,2.3,2.35,2.36,2.48,2.49,2.43,2.38,2.41,2.48,2.6,2.51,
鳳山,2023/01/10 00:00:00,WD_HR,305,297,10,78,80,91,56,275,316,280,280,267,271,284,280,276,276,273,278,305,90,49,288,280,
鳳山,2023/01/10 00:00:00,WIND_DIREC,297,290,23,75,81,97,89,308,92,275,286,247,280,279,300,295,286,187,270,74,90,312,282,269,
鳳山,2023/01/10 00:00:00,WIND_SPEED,0.5,0.9,0.3,0.3,0.3,0.7,0.3,0.5,0.5,0.9,1,1,1.5,1.2,1,0.9,1,0.8,0.6,0.4,0.3,0.4,0.6,0.7,
鳳山,2023/01/10 00:00:00,WS_HR,0.1,0.3,0.1,0.3,0.3,0.4,0.2,0.4,0,0.8,0.4,0.3,0.7,1,0.8,0.7,0.6,0.4,0.6,0.1,0.2,0.2,0.4,0.4,
鳳山,2023/01/11 00:00:00,AMB_TEMP,21,21,20.5,20.4,20.5,20.9,20.2,19.8,21.1,22.6,24.5,25.7,26.3,27,26.7,25.9,25.6,24.5,23.9,23.6,23.1,22.8,22.5,22.2,
鳳山,2023/01/11 00:00:00,CH4,2.24,2.26,2.27,2.24,2.31,2.3,2.26,2.2,2.18,2.14,2.1,2.15,2.17,2.15,2.11,2.07,2.1,2.11,2.14,2.16,2.17,2.2,2.23,2.25,
鳳山,2023/01/11 00:00:00,CO,0.51,0.49,0.44,0.41,0.43,0.5,0.59,0.7,0.79,0.61,0.58,0.8,0.78,0.69,0.67,0.74,1.04,0.94,0.88,0.9,0.66,0.78,0.69,0.7,
鳳山,2023/01/11 00:00:00,NMHC,0.26,0.28,0.46,0.3,0.2,0.23,0.24,0.2,0.22,0.21,0.22,0.33,0.3,0.24,0.24,0.27,0.41,0.37,0.35,0.35,0.32,0.35,0.37,0.37,
鳳山,2023/01/11 00:00:00,NO,1.2,0.5,0.4,0.3,0.2,2.6,5.1,6.7,9.5,6.1,6.8,8.7,7.5,5.5,3.8,4.6,8.2,6.4,5.7,4.4,2.7,4.4,2.4,2.7,
鳳山,2023/01/11 00:00:00,NO2,22.6,24.5,21.7,20.1,16,17.7,19.9,17.4,19.7,20.8,19.7,30.4,26.7,24.3,23.9,26.6,36.5,36.5,38.6,34.7,31.3,31.2,31.5,30,
鳳山,2023/01/11 00:00:00,NOx,23.8,25,22.1,20.4,16.3,20.3,25,24.1,29.2,26.9,26.5,39.2,34.2,29.8,27.7,31.3,44.8,43,44.3,39.2,34,35.6,34,32.8,
鳳山,2023/01/11 00:00:00,O3,9.5,6.3,6.6,6.8,9.3,7.5,5.4,7.7,9.2,17.1,25.3,29.2,32.1,36.4,39.9,32.4,20.1,15.3,9.2,8.7,8.1,5.7,3.3,2.7,
鳳山,2023/01/11 00:00:00,PM10,72,70,70,70,63,71,89,92,67,58,46,65,84,70,62,78,84,72,66,70,72,78,73,79,
鳳山,2023/01/11 00:00:00,PM2.5,49,54,52,55,47,49,60,59,48,42,35,48,51,47,42,28,36,40,40,51,55,53,47,45,
鳳山,2023/01/11 00:00:00,RAINFALL,0,0,0,0,0,0,0,0,0,0,0,0,0,0,0,0,0,0,0,0,0,0,0,0,
鳳山,2023/01/11 00:00:00,RH,84,85,87,88,88,87,90,93,86,77,65,62,62,59,59,63,64,65,67,69,73,76,78,79,
鳳山,2023/01/11 00:00:00,SO2,1.9,1.3,1.4,1.2,1,0.8,0.9,0.7,0.8,1.1,1.3,1.8,1.5,1.5,1.4,1.1,1.3,1.1,1.7,1.4,1.4,1.6,1.2,1.3,
鳳山,2023/01/11 00:00:00,THC,2.51,2.55,2.74,2.55,2.51,2.54,2.51,2.41,2.41,2.36,2.32,2.49,2.48,2.39,2.36,2.35,2.52,2.49,2.5,2.52,2.5,2.56,2.61,2.63,
鳳山,2023/01/11 00:00:00,WD_HR,358,296,351,351,76,287,277,223,283,87,280,272,279,280,282,272,273,272,266,315,336,293,293,291,
鳳山,2023/01/11 00:00:00,WIND_DIREC,287,85,299,75,285,283,279,192,154,86,226,276,275,273,282,267,286,316,74,61,102,294,260,280,
鳳山,2023/01/11 00:00:00,WIND_SPEED,0.4,0.5,0.7,0.4,0.5,1.1,1.2,0.8,0.7,0.7,1,1.3,1.3,1.2,1.3,0.9,0.9,0.6,0.3,0.7,0.6,0.5,0.5,0.7,
鳳山,2023/01/11 00:00:00,WS_HR,0.1,0.2,0.1,0.1,0.3,0.7,0.8,0.1,0.1,0.3,0.3,0.9,1.2,1.2,1,0.8,0.8,0.5,0.3,0.1,0.1,0.2,0.3,0.5,
鳳山,2023/01/12 00:00:00,AMB_TEMP,21.4,20.7,21,21.2,20.9,20.7,20.4,20.1,21.2,22.9,24.5,25.7,26.4,27.2,27.6,27.3,26,25.3,24.8,24.3,23.7,23,22.6,22,
鳳山,2023/01/12 00:00:00,CH4,2.26,2.25,2.25,2.31,2.32,2.32,2.3,2.24,2.19,2.21,2.17,2.13,2.12,2.09,2.09,2.08,2.07,2.08,2.11,2.15,2.16,2.24,2.25,2.33,
鳳山,2023/01/12 00:00:00,CO,0.56,0.38,0.37,0.41,0.44,0.47,0.53,0.64,0.87,0.92,0.89,0.92,0.79,0.61,0.56,0.73,0.85,1.12,1.22,1.39,1,0.95,0.93,0.74,
鳳山,2023/01/12 00:00:00,NMHC,0.3,0.2,0.15,0.33,0.36,0.28,0.28,0.21,0.25,0.37,0.44,0.32,0.25,0.16,0.17,0.23,0.23,0.33,0.4,0.5,0.41,0.51,0.46,0.46,
鳳山,2023/01/12 00:00:00,NO,1.7,0.9,0.6,3.4,2.9,4.9,9.9,11.1,13.4,23.5,22,8.9,6.1,3.5,2.5,4.1,3.4,7.5,10.8,12.6,4.2,4.1,4.7,3.2,
鳳山,2023/01/12 00:00:00,NO2,26,19.5,15.3,21.3,21.3,22,19.9,17.3,21.5,31.4,39.6,31.5,27.7,22.9,22,28.5,30.6,39.8,44.7,46.2,41.4,44.4,37.3,38.5,
鳳山,2023/01/12 00:00:00,NOx,27.7,20.4,16,24.7,24.2,27,29.8,28.5,34.9,54.9,61.7,40.5,33.8,26.4,24.5,32.6,34.1,47.4,55.5,58.8,45.6,48.5,42.1,41.7,
鳳山,2023/01/12 00:00:00,O3,4.3,4.8,8.9,2,2.6,0.7,0.1,2.3,5.6,7.4,12.3,27.2,36.6,49.1,57,45.9,38.2,22.2,10.1,4.4,6.6,1.3,3.8,1.1,
鳳山,2023/01/12 00:00:00,PM10,81,87,69,84,87,84,78,75,66,75,73,75,63,56,42,47,43,49,46,48,51,55,74,80,
鳳山,2023/01/12 00:00:00,PM2.5,45,58,51,48,56,61,55,48,47,48,44,46,45,31,31,27,27,29,23,26,31,37,51,62,
鳳山,2023/01/12 00:00:00,RAINFALL,0,0,0,0,0,0,0,0,0,0,0,0,0,0,0,0,0,0,0,0,0,0,0,0,
鳳山,2023/01/12 00:00:00,RH,84,87,86,86,87,88,89,91,85,79,71,64,59,54,52,53,60,62,60,62,65,71,77,82,
鳳山,2023/01/12 00:00:00,SO2,0.9,1.3,1.3,1.5,1.9,2.4,2.3,1.9,1.9,2.8,4.2,2.9,2.5,2.5,2.4,2.4,2.3,2.3,2.2,2.1,2,1.9,2.2,2.3,
鳳山,2023/01/12 00:00:00,THC,2.57,2.46,2.41,2.65,2.69,2.6,2.58,2.46,2.45,2.58,2.61,2.46,2.38,2.26,2.27,2.32,2.31,2.42,2.52,2.66,2.58,2.76,2.72,2.8,
鳳山,2023/01/12 00:00:00,WD_HR,287,87,302,281,290,275,271,142,285,282,282,281,259,281,258,283,263,266,269,276,94,77,282,50,
鳳山,2023/01/12 00:00:00,WIND_DIREC,78,138,284,304,112,274,142,111,294,273,300,291,259,278,249,281,273,271,271,249,284,57,276,96,
鳳山,2023/01/12 00:00:00,WIND_SPEED,0.5,0.3,0.3,0.4,0.4,0.7,0.6,0.5,1,0.6,1,1.3,0.8,1.1,1,1,0.7,0.7,0.7,0.3,0.4,0.3,0.6,0.5,
鳳山,2023/01/12 00:00:00,WS_HR,0.4,0.3,0.2,0.5,0.3,0.7,0.3,0.1,0.5,0.3,0.5,0.9,0.6,0.7,0.1,0.8,0.5,0.6,0.5,0.3,0.1,0.3,0.1,0.1,
鳳山,2023/01/13 00:00:00,AMB_TEMP,21.4,21.3,21,21,20.8,20.6,20.4,20.9,22.7,24.9,26.4,28.1,29.2,29.2,29,28.8,28,27.1,26.6,26.3,26,26,25.7,25.5,
鳳山,2023/01/13 00:00:00,CH4,2.37,2.37,2.54,2.71,2.57,2.44,2.44,2.38,2.27,2.15,2.09,2.07,2.02,1.98,1.96,1.97,1.97,2,2.02,2.03,2.03,2.04,2.06,2,
鳳山,2023/01/13 00:00:00,CO,0.65,0.56,0.63,0.62,0.46,0.43,0.54,0.97,1.11,0.75,0.53,0.52,0.39,0.38,0.31,0.34,0.4,0.59,0.64,0.55,0.45,0.77,0.82,0.25,
鳳山,2023/01/13 00:00:00,NMHC,0.37,0.29,0.36,0.42,0.31,0.23,0.21,0.36,0.48,0.26,0.16,0.18,0.13,0.11,0.09,0.1,0.14,0.2,0.22,0.2,0.17,0.19,0.16,0.07,
鳳山,2023/01/13 00:00:00,NO,2.2,1.2,1.4,2.3,1.1,0.9,2,9,12.5,9.3,4.5,3,3.1,3,3,3.2,3.5,3.7,3.8,3,2.3,2.5,4.2,1,
鳳山,2023/01/13 00:00:00,NO2,31.8,23.1,23.6,26,19.7,17.1,16.4,24.9,40,31.6,22.8,19.7,14.6,10,10.2,10.8,12.7,18.5,21.7,19.6,17.2,19.5,24.4,12.8,
鳳山,2023/01/13 00:00:00,NOx,34,24.3,25,28.3,20.8,18,18.4,34,52.5,41,27.4,22.8,17.7,13,13.2,14,16.2,22.2,25.6,22.6,19.5,22,28.7,13.8,
鳳山,2023/01/13 00:00:00,O3,0.9,5.6,4.2,1.6,8.8,10.8,7.9,6,12.5,26.1,48.8,58.8,51.3,34.2,27.9,25,21.6,15.1,11.1,13.1,15.3,12.2,7,18.7,
鳳山,2023/01/13 00:00:00,PM10,78,77,68,72,61,49,49,62,81,65,54,52,52,35,41,31,27,37,32,33,33,28,32,22,
鳳山,2023/01/13 00:00:00,PM2.5,60,57,59,55,50,47,39,47,52,46,29,27,17,11,9,13,13,14,17,12,17,22,16,13,
鳳山,2023/01/13 00:00:00,RAINFALL,0,0,0,0,0,0,0,0,0,0,0,0,0,0,0,0,0,0,0,0,0,0,0,0,
鳳山,2023/01/13 00:00:00,RH,86,87,88,88,88,89,90,87,79,66,56,50,48,51,53,54,57,61,63,62,63,64,66,68,
鳳山,2023/01/13 00:00:00,SO2,2.2,1.6,1.3,1.5,1.2,1.4,1.1,1.3,2.8,3.4,3.6,3.5,2.3,2,1.4,1.4,1.7,1.6,1.5,1.8,1.8,2.9,7.7,1.5,
鳳山,2023/01/13 00:00:00,THC,2.75,2.67,2.91,3.14,2.89,2.68,2.66,2.75,2.76,2.41,2.26,2.26,2.16,2.1,2.06,2.08,2.12,2.21,2.24,2.23,2.21,2.24,2.23,2.08,
鳳山,2023/01/13 00:00:00,WD_HR,79,67,19,68,86,92,78,92,94,217,110,128,187,152,154,186,189,221,20,169,175,326,77,118,
鳳山,2023/01/13 00:00:00,WIND_DIREC,52,65,46,53,72,89,79,96,99,201,131,147,179,156,149,135,170,161,269,157,59,348,111,77,
鳳山,2023/01/13 00:00:00,WIND_SPEED,0.3,0.3,0.3,0.3,0.3,0.5,0.4,0.5,0.7,0.5,0.7,1.3,1.7,1.8,1.4,1.6,1.3,1.2,0.9,1,0.6,0.4,1,1.1,
鳳山,2023/01/13 00:00:00,WS_HR,0.2,0.3,0.2,0.3,0.3,0.3,0.3,0.3,0.5,0.1,0.3,0.4,0.3,0.4,0.5,0.3,0.1,0.1,0.1,0.1,0.2,0.1,0.3,0.3,
鳳山,2023/01/14 00:00:00,AMB_TEMP,24.8,23.8,23.7,23.1,22.8,22.4,22.3,22.6,24.6,27,27.9,28.7,29.3,29.7,29.4,29,28,26.8,25.8,25.5,25.2,25,24.7,24.2,
鳳山,2023/01/14 00:00:00,CH4,2.05,2.31,2.52,2.93,2.68,2.3,2.16,2.1,2.07,2.04,2.01,1.98,1.96,1.96,1.96,1.96,1.98,2,1.97,1.98,1.98,2.01,2.05,2.07,
鳳山,2023/01/14 00:00:00,CO,0.25,0.29,0.36,0.4,0.36,0.35,0.38,0.49,0.51,0.6,0.47,0.42,0.33,0.31,0.33,0.4,0.62,0.81,0.6,0.59,0.56,0.58,0.51,0.38,
鳳山,2023/01/14 00:00:00,NMHC,0.07,0.1,0.2,0.28,0.23,0.16,0.14,0.15,0.15,0.15,0.14,0.16,0.08,0.08,0.09,0.12,0.19,0.25,0.14,0.16,0.15,0.15,0.16,0.14,
鳳山,2023/01/14 00:00:00,NO,0.6,1.2,1.5,2.6,2.6,1.8,1.5,2.6,6,6.8,5.7,5.2,3.9,5,4.5,4.6,6.7,6.3,5,4.4,4.6,5,2.9,2.2,
鳳山,2023/01/14 00:00:00,NO2,9.7,13.5,16.2,19.4,18,13.9,12.6,12.5,14.4,16.2,17,12.5,9.5,11.8,11.1,9.5,14.7,16.7,13.9,16.6,16.9,17.8,16,16.1,
鳳山,2023/01/14 00:00:00,NOx,10.3,14.7,17.8,22,20.7,15.8,14.1,15.2,20.4,23,22.8,17.8,13.4,16.8,15.6,14.1,21.4,23,18.9,21.1,21.6,22.8,18.9,18.4,
鳳山,2023/01/14 00:00:00,O3,17.4,9.4,5.8,0.8,1.3,4.8,6.4,9,11.7,20.4,20.9,23.4,27.7,24.6,22.9,22.8,18.2,16.7,17.8,13,11.7,9.5,9.1,8.4,
鳳山,2023/01/14 00:00:00,PM10,17,26,25,31,31,23,22,17,25,34,25,19,16,20,20,11,19,25,23,28,35,32,42,60,
鳳山,2023/01/14 00:00:00,PM2.5,9,14,17,19,20,16,20,17,15,17,11,10,11,10,11,13,14,11,14,11,11,12,13,19,
鳳山,2023/01/14 00:00:00,RAINFALL,0,0,0,0,0,0,0,0,0,0,0,0,0,0,0,0,0,0,0,0,0,0,0,0,
鳳山,2023/01/14 00:00:00,RH,71,74,77,83,85,85,83,75,62,57,60,58,55,57,58,59,64,73,85,86,85,88,89,91,
鳳山,2023/01/14 00:00:00,SO2,1.5,1.6,1.4,1.7,1.5,1.6,1.7,1.9,2.9,3.6,3.2,2.7,2.1,2,2,1.7,1.5,1.6,1.6,1.6,2,1.6,1.7,1.9,
鳳山,2023/01/14 00:00:00,THC,2.13,2.41,2.73,3.22,2.92,2.47,2.31,2.26,2.23,2.2,2.16,2.15,2.05,2.05,2.06,2.09,2.18,2.26,2.12,2.15,2.14,2.17,2.22,2.22,
鳳山,2023/01/14 00:00:00,WD_HR,108,64,52,85,91,93,92,92,97,160,101,142,184,244,251,279,277,290,278,273,277,273,284,84,
鳳山,2023/01/14 00:00:00,WIND_DIREC,110,12,83,82,88,92,100,96,105,177,129,118,266,194,260,268,286,287,285,265,279,272,238,269,
鳳山,2023/01/14 00:00:00,WIND_SPEED,0.6,0.3,0.3,0.4,0.5,0.8,0.6,0.5,0.7,0.9,0.8,1.4,1.2,1.2,1.1,1.3,1.2,1.2,0.9,0.8,0.9,0.8,0.4,0.5,
鳳山,2023/01/14 00:00:00,WS_HR,0.5,0.3,0.3,0.4,0.5,0.5,0.6,0.6,0.6,0.2,0.3,0.3,0.2,0.6,0.7,0.9,0.9,0.9,1,0.6,0.6,0.4,0.2,0.1,
鳳山,2023/01/15 00:00:00,AMB_TEMP,23.9,23.5,23.4,23.3,23,22.9,22.4,22.2,22.9,24.7,26.2,27.4,27.9,27.9,26.7,26.3,25.1,23.9,23.4,22.1,21.1,20.3,19.3,18.5,
鳳山,2023/01/15 00:00:00,CH4,2.03,2.05,2.15,2.13,2.16,2.17,2.03,2.04,2.04,2.07,2.08,2.09,2.14,2.12,2.09,2.07,2.07,2.08,2.12,2.15,2.17,2.2,2.15,2.14,
鳳山,2023/01/15 00:00:00,CO,0.25,0.26,0.26,0.25,0.22,0.22,0.28,0.48,0.47,0.63,0.54,0.65,0.64,0.62,0.59,0.57,0.64,0.71,0.78,0.65,0.59,0.59,0.48,0.4,
鳳山,2023/01/15 00:00:00,NMHC,0.06,0.06,0.11,0.1,0.05,0.05,0.05,0.12,0.09,0.19,0.16,0.17,0.17,0.15,0.13,0.12,0.16,0.18,0.2,0.16,0.15,0.18,0.11,0.1,
鳳山,2023/01/15 00:00:00,NO,1.1,0.2,0,0.2,0,0.5,1.6,3.9,5.4,9,7.1,5.1,3.6,2.6,1.6,1.6,2.1,2.3,3.6,2.9,2.3,3.2,1.3,0.7,
鳳山,2023/01/15 00:00:00,NO2,7.6,8,10.6,12.9,11,10.2,9.5,12.2,9.4,15.2,15.9,15.1,17.4,14.5,15.1,13.7,16.1,19.4,23,21.1,20.8,20.5,17.4,15.5,
鳳山,2023/01/15 00:00:00,NOx,8.8,8.2,10.4,13.2,11,10.7,11.1,16.2,14.8,24.2,23.1,20.3,21,17.1,16.7,15.4,18.2,21.8,26.6,24.1,23.2,23.8,18.7,16.2,
鳳山,2023/01/15 00:00:00,O3,15.6,14.7,10.3,8.4,8.6,8.1,8.8,5.7,8.2,11.6,18.9,27.7,35.4,45.5,42.5,43.4,36.1,29.9,22,21,15,11,12.2,12.6,
鳳山,2023/01/15 00:00:00,PM10,28,21,24,34,32,35,35,26,29,37,34,40,46,47,58,70,70,69,72,89,83,76,45,41,
鳳山,2023/01/15 00:00:00,PM2.5,21,13,11,21,24,31,29,27,29,33,30,24,34,27,23,30,20,21,22,24,28,32,20,17,
鳳山,2023/01/15 00:00:00,RAINFALL,0,0,0,0,0,0,0,0,0,0,0,0,0,0,0,0,0,0,0,0,0,0,0,0,
鳳山,2023/01/15 00:00:00,RH,90,92,93,92,94,92,93,93,89,80,71,61,59,59,63,63,64,67,66,64,65,67,67,68,
鳳山,2023/01/15 00:00:00,SO2,1.8,0.9,0.9,1.5,1,1.1,0.9,1.1,1.2,1.7,2.3,1.8,1.8,1.9,2.1,2.1,1.8,1.4,1.4,1.8,1.6,1.6,1.5,1.4,
鳳山,2023/01/15 00:00:00,THC,2.1,2.12,2.27,2.24,2.22,2.23,2.09,2.17,2.14,2.27,2.25,2.27,2.32,2.28,2.23,2.2,2.24,2.27,2.33,2.32,2.33,2.38,2.27,2.25,
鳳山,2023/01/15 00:00:00,WD_HR,172,80,303,273,272,277,270,265,55,280,276,270,279,269,278,283,278,278,276,269,276,284,282,275,
鳳山,2023/01/15 00:00:00,WIND_DIREC,255,41,282,263,270,287,274,253,175,296,276,274,268,251,267,284,278,257,279,239,288,289,282,275,
鳳山,2023/01/15 00:00:00,WIND_SPEED,0.5,0.3,0.5,1.3,1.2,1.2,1.1,0.4,0.5,0.8,1.1,1.2,1.1,1.3,1.1,1.4,1.4,0.7,1,1.2,1,1.7,1.2,1.5,
鳳山,2023/01/15 00:00:00,WS_HR,0.1,0.2,0.2,0.5,0.7,1.1,1,0.3,0.1,0.3,0.5,0.5,1,0.9,0.9,1,1.1,0.9,0.8,0.8,0.8,1,1,1.1,
鳳山,2023/01/16 00:00:00,AMB_TEMP,18,17.5,17.2,16.7,16.3,16,15.7,16,17,18.5,20.3,22.9,23.9,23.9,23.9,23.3,22.4,21.3,19.6,18.4,17.6,17,16.9,17,
鳳山,2023/01/16 00:00:00,CH4,2.14,2.14,2.14,2.14,2.14,2.13,2.13,2.13,2.13,2.13,2.12,2.13,2.13,2.09,2.1,2.11,2.11,2.13,2.15,2.15,2.16,2.17,2.18,2.15,
鳳山,2023/01/16 00:00:00,CO,0.4,0.32,0.32,0.32,0.31,0.38,0.41,0.64,0.68,0.62,0.59,0.85,0.83,0.57,0.63,0.73,0.83,1.06,0.95,0.84,0.78,0.76,0.61,0.54,
鳳山,2023/01/16 00:00:00,NMHC,0.08,0.08,0.08,0.07,0.07,0.08,0.11,0.22,0.24,0.23,0.2,0.29,0.26,0.16,0.18,0.22,0.26,0.34,0.3,0.27,0.26,0.26,0.24,0.24,
鳳山,2023/01/16 00:00:00,NO,0,1.4,1.1,1,1,1.5,2.5,11.5,16,17.2,10.6,11.7,8.1,4.2,4,4.9,5.4,8.5,8.3,7.9,7.3,6.3,4.2,3,
鳳山,2023/01/16 00:00:00,NO2,14.3,14.3,13.2,12.5,12,12.9,14.5,19.6,21.6,21.1,19.5,28.9,26.1,17.7,21,24.2,27.4,36.2,35.2,31.7,30.8,29.1,27.8,25.5,
鳳山,2023/01/16 00:00:00,NOx,14.4,15.8,14.3,13.6,13,14.5,17,31.1,37.6,38.3,30.1,40.6,34.2,21.9,25.1,29.1,32.9,44.8,43.5,39.7,38.2,35.4,32.1,28.5,
鳳山,2023/01/16 00:00:00,O3,12.5,11.5,12.6,13,13.3,12.2,10.9,6.8,7.2,11.7,20.4,25.4,32.7,43.7,45.3,39.5,30.7,17.3,11.9,9.5,5.1,3.4,2.2,2.7,
鳳山,2023/01/16 00:00:00,PM10,31,28,24,21,20,17,17,30,25,34,40,52,53,43,41,52,58,58,63,59,63,56,45,42,
鳳山,2023/01/16 00:00:00,PM2.5,17,16,13,9,9,13,10,9,17,14,19,23,24,16,22,20,24,28,26,25,32,29,29,27,
鳳山,2023/01/16 00:00:00,RAINFALL,0,0,0,0,0,0,0,0,0,0,0,0,0,0,0,0,0,0,0,0,0,0,0,0,
鳳山,2023/01/16 00:00:00,RH,69,70,70,73,75,74,74,72,68,63,60,52,50,50,49,49,53,55,57,60,63,65,66,67,
鳳山,2023/01/16 00:00:00,SO2,1.6,2.3,2.3,2.1,1.9,2.2,2.1,2.5,2.5,2.9,2.8,2.9,2.5,2.1,2,2.1,2.1,2.2,2.4,2.6,2.4,2.2,2.5,2.5,
鳳山,2023/01/16 00:00:00,THC,2.23,2.23,2.23,2.22,2.22,2.22,2.25,2.36,2.38,2.37,2.33,2.43,2.4,2.26,2.29,2.34,2.38,2.48,2.46,2.43,2.43,2.43,2.42,2.4,
鳳山,2023/01/16 00:00:00,WD_HR,273,260,274,276,276,272,276,270,268,271,263,283,281,269,272,262,265,274,270,276,277,272,272,280,
鳳山,2023/01/16 00:00:00,WIND_DIREC,270,267,278,265,274,278,273,289,165,100,257,320,274,268,278,275,300,279,270,273,276,259,274,283,
鳳山,2023/01/16 00:00:00,WIND_SPEED,1.3,0.8,1.2,1.3,1.2,1.7,1.3,1.6,1,1,0.8,1,1.5,1.1,1.3,1,1,1.2,1.5,1.6,1.5,0.8,1.6,1.3,
鳳山,2023/01/16 00:00:00,WS_HR,1,0.6,1.1,1.2,1.1,1.4,1.3,0.7,0.6,0.3,0.4,0.7,1,0.9,1,0.9,0.7,0.8,1,1.2,1.2,0.9,0.3,0.9,
鳳山,2023/01/17 00:00:00,AMB_TEMP,16.8,16.5,16.2,15.9,15.9,15.8,15.6,15.6,16.4,18.8,21.1,22.7,23.5,23.9,23.6,22.9,21.8,20.4,19,18.1,18.1,17.9,17.5,17.4,
鳳山,2023/01/17 00:00:00,CH4,2.17,2.17,2.2,2.18,2.18,2.2,2.19,2.21,2.21,2.21,2.17,2.14,2.11,2.08,2.07,2.07,2.08,2.1,2.1,2.1,2.1,2.12,2.11,2.12,
鳳山,2023/01/17 00:00:00,CO,0.54,0.52,0.52,0.5,0.49,0.52,0.63,0.91,0.87,0.88,0.87,0.91,0.72,0.61,0.63,0.7,0.8,0.89,0.73,0.6,0.56,0.56,0.47,0.4,
鳳山,2023/01/17 00:00:00,NMHC,0.22,0.19,0.19,0.17,0.17,0.18,0.21,0.29,0.3,0.37,0.33,0.27,0.2,0.15,0.15,0.18,0.24,0.28,0.23,0.17,0.2,0.2,0.15,0.14,
鳳山,2023/01/17 00:00:00,NO,3.2,2.6,3,1.9,1.8,3.5,8.5,23.1,22.5,25.5,16.6,9,4.8,4.3,3.7,4.5,6.3,7.6,5.3,4.2,3.6,4.1,3.1,2.4,
鳳山,2023/01/17 00:00:00,NO2,26.7,22,22.8,20.5,19.5,21.8,21.8,22.3,24.8,32.2,33.9,26,20,17.3,16.9,19.7,26.5,30.2,25.6,21.3,23.7,20.2,18.1,17.1,
鳳山,2023/01/17 00:00:00,NOx,30,24.6,25.9,22.5,21.3,25.3,30.4,45.5,47.4,57.8,50.6,35,24.9,21.7,20.7,24.3,32.9,37.8,31,25.6,27.3,24.3,21.3,19.5,
鳳山,2023/01/17 00:00:00,O3,1.1,1.9,1.1,3.7,3.7,1.2,0.8,2,5.1,9.5,19.8,33.5,43.4,47.1,46.3,41.8,33.2,24.4,22.7,22.9,16.6,14.1,12.6,11.7,
鳳山,2023/01/17 00:00:00,PM10,40,40,34,37,38,40,36,49,52,57,62,55,41,32,37,44,53,64,53,49,41,41,40,40,
鳳山,2023/01/17 00:00:00,PM2.5,29,28,31,31,29,29,30,30,30,37,40,33,28,19,21,21,29,30,28,27,26,27,30,32,
鳳山,2023/01/17 00:00:00,RAINFALL,0,0,0,0,0,0,0,0,0,0,0,0,0,0,0,0,0,0,0,0,0,0,0,0,
鳳山,2023/01/17 00:00:00,RH,68,69,70,71,73,74,76,77,74,65,58,53,50,50,51,56,61,63,68,72,74,76,80,82,
鳳山,2023/01/17 00:00:00,SO2,2.9,2.1,2.3,2.2,2.1,2.1,2.3,2.2,2.4,3.7,3.3,2.3,2,1.9,1.9,1.7,1.9,1.7,1.4,1.5,1.9,1.6,1.9,2.1,
鳳山,2023/01/17 00:00:00,THC,2.4,2.37,2.4,2.36,2.36,2.39,2.41,2.51,2.52,2.59,2.51,2.42,2.32,2.24,2.23,2.26,2.32,2.38,2.34,2.27,2.31,2.32,2.27,2.27,
鳳山,2023/01/17 00:00:00,WD_HR,277,280,275,266,278,277,277,268,275,283,275,280,274,282,286,279,274,270,274,274,234,274,265,258,
鳳山,2023/01/17 00:00:00,WIND_DIREC,275,281,283,276,274,268,279,264,114,282,290,262,293,283,294,287,271,259,255,279,163,267,233,275,
鳳山,2023/01/17 00:00:00,WIND_SPEED,1.2,1.2,1.1,1.1,0.8,1.1,1,1.2,0.8,0.9,1.2,1.4,1.5,1.3,1.5,1.4,1.3,1.2,1.6,1.8,1,1.7,0.9,0.8,
鳳山,2023/01/17 00:00:00,WS_HR,1.1,0.9,1,0.8,0.7,0.9,1,0.7,0.5,0.5,0.6,0.8,1,1,1.1,1,1,0.9,1.2,1.3,0.2,0.5,0.5,0.4,
鳳山,2023/01/18 00:00:00,AMB_TEMP,17.3,17,16.6,16.3,16.1,16,15.9,15.8,16.5,17.9,19.7,21.8,22.8,23.8,24,23.8,23.1,21.8,20.6,19.7,18.9,17.8,#,17.3,
鳳山,2023/01/18 00:00:00,CH4,2.12,2.12,2.1,2.1,2.11,2.12,2.14,2.14,2.13,2.14,2.13,2.13,2.11,2.1,2.09,2.09,2.1,2.13,2.15,2.17,2.17,2.17,#,2.21,
鳳山,2023/01/18 00:00:00,CO,0.38,0.34,0.31,0.3,0.32,0.37,0.47,0.74,0.73,0.75,0.69,0.82,0.66,0.62,0.64,0.68,0.82,1.08,1,0.96,0.85,0.77,#,0.63,
鳳山,2023/01/18 00:00:00,NMHC,0.11,0.1,0.09,0.08,0.07,0.09,0.13,0.22,0.23,0.27,0.27,0.31,0.21,0.2,0.24,0.24,0.27,0.34,0.35,0.36,0.32,0.29,#,0.28,
鳳山,2023/01/18 00:00:00,NO,1.8,1.3,0.8,0.7,0.9,1.7,3.4,12.5,14.3,16.6,13.3,11,7.2,4.6,3.6,3.7,4.6,5,5.4,7.6,5.8,4.6,#,3.4,
鳳山,2023/01/18 00:00:00,NO2,16,13.9,12.9,11.4,11.2,13.3,16.5,19,19.7,22,22.7,25.8,22.5,21.5,23.5,24.9,32.6,39.6,38.9,39.8,36.2,30.7,#,30.1,
鳳山,2023/01/18 00:00:00,NOx,17.8,15.2,13.7,12.2,12.2,15,20,31.5,34,38.6,36,36.8,29.7,26.2,27.1,28.7,37.3,44.6,44.4,47.5,42.1,35.4,#,33.5,
鳳山,2023/01/18 00:00:00,O3,12.4,13.3,13.5,14,13.5,11.3,8.6,7.3,8.2,11,18.7,25.7,34.2,44.5,49.8,43.2,39.6,28.3,21.2,12.4,10.9,9.9,#,4.5,
鳳山,2023/01/18 00:00:00,PM10,35,34,35,32,*,35,37,35,41,37,44,44,47,49,52,55,66,88,99,98,86,73,76,#,
鳳山,2023/01/18 00:00:00,PM2.5,32,31,34,29,37,32,32,26,28,27,29,29,30,28,27,29,31,39,41,46,46,45,46,#,
鳳山,2023/01/18 00:00:00,RAINFALL,0,0,0,0,0,0,0,0,0,0,0,0,0,0,0,0,0,0,0,0,0,0,#,0,
鳳山,2023/01/18 00:00:00,RH,83,85,86,87,89,89,89,89,85,76,65,55,49,45,44,45,47,53,57,60,63,67,#,69,
鳳山,2023/01/18 00:00:00,SO2,2.1,1.5,1.3,1.3,1.2,1.3,1.3,1.1,1.5,2,2.4,2.5,2.2,2.2,2.4,2.5,2.4,2.7,2.8,2.9,3,2.7,#,2.5,
鳳山,2023/01/18 00:00:00,THC,2.24,2.23,2.2,2.19,2.19,2.22,2.28,2.37,2.37,2.42,2.41,2.45,2.33,2.31,2.34,2.34,2.38,2.48,2.51,2.54,2.5,2.47,#,2.49,
鳳山,2023/01/18 00:00:00,WD_HR,274,258,273,280,274,279,252,268,269,273,279,273,275,276,270,241,275,266,270,283,284,276,#,280,
鳳山,2023/01/18 00:00:00,WIND_DIREC,259,220,267,277,280,281,192,29,267,264,109,271,274,279,129,281,273,262,239,284,287,275,271,#,
鳳山,2023/01/18 00:00:00,WIND_SPEED,1,0.8,0.9,1.2,1.6,0.9,0.8,1.1,1.8,1.2,1,1.4,1.7,1.3,1.1,1.1,1.4,0.9,0.9,1,1,1.3,1,#,
鳳山,2023/01/18 00:00:00,WS_HR,0.8,0.4,0.9,0.8,1.1,0.6,0.3,0.5,1.2,1,0.7,0.8,1.2,0.9,0.3,0.2,0.8,0.6,0.8,0.8,0.4,1,#,1,
鳳山,2023/01/19 00:00:00,AMB_TEMP,16.4,16.2,16.1,15.4,15.3,15.4,15.1,15.3,16.4,18.2,21,23.3,25.4,25.5,25.5,25.1,24.4,23.3,22.6,21.6,20.5,19.4,18.7,18.1,
鳳山,2023/01/19 00:00:00,CH4,2.2,#,2.19,2.18,2.19,2.2,2.22,2.23,2.23,2.22,2.22,2.14,2.13,2.14,2.11,2.11,2.13,2.13,2.12,2.17,2.17,2.19,2.23,2.25,
鳳山,2023/01/19 00:00:00,CO,#,0.52,0.5,0.5,0.52,0.56,0.71,0.96,1.04,0.87,0.94,0.76,0.87,0.89,0.82,0.92,#,#,0.94,1.04,0.86,0.76,0.74,0.63,
鳳山,2023/01/19 00:00:00,NMHC,0.23,#,0.22,0.18,0.19,0.23,0.26,0.39,0.42,0.43,0.46,0.32,0.31,0.27,0.21,0.28,0.49,0.42,0.3,0.37,0.29,0.27,0.31,0.26,
鳳山,2023/01/19 00:00:00,NO,#,1.3,2.2,2.2,1.7,3.7,9.7,24,28.3,21.1,20.2,6.6,4.8,4.6,3.4,2.9,#,#,#,5.7,4.3,2.2,3,2.3,
鳳山,2023/01/19 00:00:00,NO2,#,24.5,23.8,21.6,21.2,23.2,23,23.7,27.3,30.8,40.2,30.9,33.7,27.6,24.6,25.8,#,#,#,39.3,35.4,27,26.5,24.9,
鳳山,2023/01/19 00:00:00,NOx,#,25.9,26.1,23.8,22.9,27,32.8,47.8,55.7,51.9,60.5,37.5,38.5,32.2,28.1,28.7,#,#,#,45,39.8,29.2,29.5,27.2,
鳳山,2023/01/19 00:00:00,O3,5.3,3.5,4,5,4,0.8,0.4,1.1,3.6,9.2,16,39.4,51,55.4,57.9,63.1,#,27.9,29.9,19.8,19.2,22,16.5,14.2,
鳳山,2023/01/19 00:00:00,PM10,61,64,65,65,56,53,58,61,62,67,73,63,64,66,55,64,#,79,57,75,78,85,86,84,
鳳山,2023/01/19 00:00:00,PM2.5,40,48,47,48,43,48,46,44,50,46,48,36,32,36,31,35,#,31,24,33,42,45,44,42,
鳳山,2023/01/19 00:00:00,RAINFALL,0,0,0,0,0,0,0,0,0,0,0,0,0,0,0,0,#,#,0,0,0,0,0,0,
鳳山,2023/01/19 00:00:00,RH,72,73,74,78,79,80,82,82,76,67,57,53,47,47,47,48,50,53,47,56,64,70,75,80,
鳳山,2023/01/19 00:00:00,SO2,#,2.7,2.3,2,1.8,1.9,2,2.5,3,3.3,4,3.7,3.1,2.5,2.3,2.5,#,#,2.1,2.5,3,2.7,2.5,2.6,
鳳山,2023/01/19 00:00:00,THC,2.44,#,2.42,2.37,2.38,2.44,2.49,2.63,2.66,2.66,2.69,2.47,2.45,2.42,2.33,2.4,2.63,2.56,2.43,2.55,2.47,2.47,2.55,2.52,
鳳山,2023/01/19 00:00:00,WD_HR,277,275,267,278,274,280,278,279,279,240,292,207,267,281,279,279,268,265,263,269,264,275,280,280,
鳳山,2023/01/19 00:00:00,WIND_DIREC,271,263,275,254,282,287,278,153,279,182,171,251,296,271,285,268,268,228,295,265,109,81,271,281,
鳳山,2023/01/19 00:00:00,WIND_SPEED,1.2,1,1.5,1,1,1.1,1.4,0.9,1.5,0.6,0.8,0.9,1.2,1.2,1.3,1.1,1.1,0.6,0.7,0.9,0.5,0.5,0.9,1,
鳳山,2023/01/19 00:00:00,WS_HR,1.1,0.8,1,1.2,0.9,1,1.1,0.8,0.8,0.1,0.3,0,0.6,1.3,0.9,1.1,0.8,0.5,0.2,0.5,0.3,0.6,1,1,
鳳山,2023/01/20 00:00:00,AMB_TEMP,17.7,17.5,17.4,17.1,16.9,16.3,16,16.5,17.4,19.5,21,22.9,24.5,25.6,24.7,24.5,23.7,22.9,22.3,21.4,20.2,19.6,18.9,18.3,
鳳山,2023/01/20 00:00:00,CH4,2.26,2.28,2.27,2.24,2.25,2.28,2.31,2.31,2.29,2.29,2.21,2.18,2.16,2.15,2.13,2.13,2.13,2.15,2.17,2.17,2.17,2.21,2.23,2.22,
鳳山,2023/01/20 00:00:00,CO,0.58,0.54,0.52,0.52,0.54,0.6,0.71,0.79,0.92,1,0.97,0.94,0.72,0.74,0.78,0.88,1.07,1.28,1.02,0.83,0.71,0.73,0.67,0.6,
鳳山,2023/01/20 00:00:00,NMHC,0.28,0.32,0.31,0.2,0.19,0.18,0.24,0.26,0.32,0.39,0.33,0.29,0.2,0.21,0.19,0.28,0.31,0.41,0.31,0.25,0.2,0.26,0.27,0.2,
鳳山,2023/01/20 00:00:00,NO,1.3,1,1,1,1.1,2,5.1,8.9,13.6,12.3,10.1,7.8,5,3.2,3.3,1.9,3.1,3.6,3.2,3.7,4.6,3.8,3.1,2.1,
鳳山,2023/01/20 00:00:00,NO2,23.8,21.3,22,18.3,17.1,17.7,20.8,21,22.5,27.9,25.6,24.7,20.6,20.8,19.2,19.9,27.3,31.7,30.5,28.4,24.2,24.3,23.9,20.9,
鳳山,2023/01/20 00:00:00,NOx,25.1,22.3,23.1,19.4,18.2,19.7,26,30,36.1,40.2,35.8,32.5,25.7,24,22.5,21.9,30.5,35.4,33.8,32.1,28.8,28.2,27,23,
鳳山,2023/01/20 00:00:00,O3,13.3,12.1,10,13.1,12,7.1,3.6,5,7.5,13,19.8,28.4,40.6,50.3,52.7,53.2,40.6,29.4,27.8,24.7,23.3,17,14.8,16.4,
鳳山,2023/01/20 00:00:00,PM10,84,69,71,71,74,75,75,78,76,72,63,65,58,62,74,75,85,81,89,87,80,79,79,73,
鳳山,2023/01/20 00:00:00,PM2.5,44,45,42,43,45,52,50,53,53,49,42,34,32,34,38,34,33,30,33,34,31,30,35,34,
鳳山,2023/01/20 00:00:00,RAINFALL,0,0,0,0,0,0,0,0,0,0,0,0,0,0,0,0,0,0,0,0,0,0,0,0,
鳳山,2023/01/20 00:00:00,RH,82,84,84,85,85,88,90,87,82,71,61,52,46,45,54,54,58,62,58,60,64,66,69,71,
鳳山,2023/01/20 00:00:00,SO2,2.7,2.5,2.5,2.3,2,2,2.2,2.2,2.4,2.9,3.3,2.5,2.5,2.6,2.5,2.4,2.4,2.2,2,2.3,2.4,2.4,2.2,2.3,
鳳山,2023/01/20 00:00:00,THC,2.55,2.61,2.59,2.45,2.45,2.47,2.56,2.58,2.62,2.69,2.55,2.48,2.37,2.37,2.33,2.42,2.45,2.57,2.49,2.43,2.38,2.48,2.51,2.42,
鳳山,2023/01/20 00:00:00,WD_HR,283,281,273,265,273,276,280,280,270,278,275,274,280,286,286,286,281,274,267,288,272,271,276,275,
鳳山,2023/01/20 00:00:00,WIND_DIREC,293,186,284,261,278,289,286,262,285,282,282,292,260,293,303,283,275,274,261,287,267,185,265,267,
鳳山,2023/01/20 00:00:00,WIND_SPEED,1,0.5,1.1,0.9,1.1,1.4,0.9,0.9,0.8,1.6,1.4,0.9,1.1,1.1,1.4,0.9,0.9,0.9,0.8,1.2,1,0.4,0.6,0.9,
鳳山,2023/01/20 00:00:00,WS_HR,1,0.8,0.5,0.6,0.9,1.1,0.7,0.5,0.9,0.5,0.9,0.7,0.6,0.5,0.9,0.9,0.8,0.6,0.3,0.6,0.6,0.2,0.7,0.6,
鳳山,2023/01/21 00:00:00,AMB_TEMP,17.7,17.2,17,16.9,17,16.9,16.4,16.7,18.5,20.5,22.6,23.9,24.8,25.5,25.4,24.9,24.2,22.7,21.7,21,21,20.3,19.6,18.8,
鳳山,2023/01/21 00:00:00,CH4,2.22,2.25,2.25,2.26,2.27,2.27,2.23,2.25,2.25,2.23,2.2,2.14,2.14,2.14,2.13,2.12,2.13,2.1,2.09,2.09,2.15,2.19,2.22,2.2,
鳳山,2023/01/21 00:00:00,CO,0.54,0.5,0.47,0.46,0.49,0.53,0.54,0.66,0.7,0.83,0.83,0.67,0.66,0.67,0.71,0.7,0.73,0.74,0.62,0.52,0.62,0.61,0.59,0.52,
鳳山,2023/01/21 00:00:00,NMHC,0.17,0.18,0.21,0.24,0.29,0.21,0.21,0.3,0.32,0.28,0.23,0.15,0.15,0.15,0.17,0.15,0.18,0.16,0.14,0.11,0.17,0.21,0.18,0.14,
鳳山,2023/01/21 00:00:00,NO,1.5,2,2.4,2.3,2.8,2.7,3,5.3,6.2,7.8,4.8,3.3,2.3,2.5,2.4,2.6,2.4,2.2,1.7,1.9,1.8,2.2,2.8,2.3,
鳳山,2023/01/21 00:00:00,NO2,19.4,18.7,18.4,18.2,19.3,18.6,16.7,19,19.3,22.1,20.4,13.9,13.6,15.5,15.5,16.4,19.6,17.9,15.1,14.8,18.5,18.6,20.1,15.3,
鳳山,2023/01/21 00:00:00,NOx,21,20.8,20.9,20.5,22.1,21.3,19.7,24.4,25.6,29.9,25.3,17.3,16,18,17.9,19,22.1,20.1,16.8,16.7,20.3,20.9,23,17.6,
鳳山,2023/01/21 00:00:00,O3,15.3,13.1,11.9,9.9,7.7,9.8,10.7,9.7,17.2,24.5,38.8,54.6,66.5,70,68,62.6,58.4,54.7,53.8,50.3,41.8,32.1,25.3,27.7,
鳳山,2023/01/21 00:00:00,PM10,62,58,52,48,54,55,46,41,50,58,59,61,65,68,61,61,61,59,59,62,67,67,64,65,
鳳山,2023/01/21 00:00:00,PM2.5,30,29,28,29,27,28,23,28,28,35,34,35,42,38,40,35,31,28,26,28,36,40,37,33,
鳳山,2023/01/21 00:00:00,RAINFALL,0,0,0,0,0,0,0,0,0,0,0,0,0,0,0,0,0,0,0,0,0,0,0,0,
鳳山,2023/01/21 00:00:00,RH,74,78,81,82,81,80,83,82,75,65,57,55,51,49,50,53,57,66,75,76,72,76,80,85,
鳳山,2023/01/21 00:00:00,SO2,2.4,2.2,2.2,2.4,2.5,2.2,2.2,2.1,2.5,3.1,3.3,3.7,4.2,4.3,3.9,3.8,3.1,2.6,2.2,2.2,2.4,2.1,2.2,2.4,
鳳山,2023/01/21 00:00:00,THC,2.39,2.44,2.47,2.51,2.56,2.48,2.45,2.56,2.58,2.52,2.44,2.3,2.3,2.29,2.31,2.28,2.31,2.27,2.24,2.21,2.33,2.41,2.41,2.35,
鳳山,2023/01/21 00:00:00,WD_HR,278,280,280,282,283,290,273,281,0,273,288,268,288,268,277,289,290,285,283,272,275,274,281,277,
鳳山,2023/01/21 00:00:00,WIND_DIREC,274,276,280,84,305,280,265,92,116,281,303,274,250,250,273,288,290,296,277,309,120,272,289,280,
鳳山,2023/01/21 00:00:00,WIND_SPEED,1.1,0.9,0.7,0.4,0.3,0.9,0.9,0.4,0.5,0.8,0.7,1.1,1,1.1,1.3,1,1.1,0.7,0.8,0.3,0.5,0.5,1,1.1,
鳳山,2023/01/21 00:00:00,WS_HR,0.6,0.8,0.6,0.2,0.4,0.6,0.7,0.4,0,0.3,0.3,0.6,0.4,0.8,0.8,0.9,0.7,0.8,0.6,0.4,0.3,0.6,0.8,0.4,
鳳山,2023/01/22 00:00:00,AMB_TEMP,18.2,18.1,17.3,17.4,17.4,17.6,17.7,17.8,19.6,22.9,25.6,27.5,28.4,28,27.7,27.1,26.2,25.2,24.8,23.4,22.6,22,21.9,22.1,
鳳山,2023/01/22 00:00:00,CH4,2.22,2.22,2.21,2.2,2.15,2.16,2.18,2.19,2.19,2.18,2.15,2.13,2.14,2.16,2.13,2.11,2.1,2.12,2.15,2.13,2.11,2.07,2.09,2.13,
鳳山,2023/01/22 00:00:00,CO,0.45,0.43,0.38,0.37,0.36,0.38,0.45,0.48,0.49,0.6,0.59,0.63,0.66,0.66,0.67,0.61,0.67,0.77,0.7,0.48,0.5,0.37,0.39,0.4,
鳳山,2023/01/22 00:00:00,NMHC,0.15,0.18,0.11,0.08,0.05,0.06,0.1,0.09,0.09,0.14,0.11,0.13,0.16,0.13,0.13,0.12,0.14,0.19,0.18,0.13,0.12,0.07,0.08,0.16,
鳳山,2023/01/22 00:00:00,NO,1.7,0.8,0.4,0.4,0.5,0.4,1,1.2,1.1,1.9,2,2,1.7,1.8,2,2,1.9,1.5,1.8,1.6,2.8,1.5,1.1,1.4,
鳳山,2023/01/22 00:00:00,NO2,14.4,13.1,10.8,7.8,5.5,5.4,7.4,7.9,7.5,9.7,9.9,11.7,13.3,14.8,14.4,14,16.3,19,20.1,15.7,16.2,8.3,9,13.8,
鳳山,2023/01/22 00:00:00,NOx,16.1,14,11.3,8.2,6,5.9,8.5,9.1,8.7,11.6,12,13.7,15.1,16.6,16.4,16,18.3,20.5,22,17.4,19,9.8,10.1,15.2,
鳳山,2023/01/22 00:00:00,O3,25,21.4,22.4,23.7,25.3,23,18.8,17.8,24,33.5,44.1,51.7,59.8,61.1,54.6,46.2,42.9,38.1,33.8,30,24.8,31,28.5,21.4,
鳳山,2023/01/22 00:00:00,PM10,79,75,92,98,78,74,74,72,57,46,41,37,42,52,51,44,48,56,49,37,36,25,22,25,
鳳山,2023/01/22 00:00:00,PM2.5,44,44,45,47,44,39,46,45,39,35,28,24,28,34,31,26,22,26,25,17,19,12,12,13,
鳳山,2023/01/22 00:00:00,RAINFALL,0,0,0,0,0,0,0,0,0,0,0,0,0,0,0,0,0,0,0,0,0,0,0,0,
鳳山,2023/01/22 00:00:00,RH,88,89,93,94,94,94,94,93,83,64,51,44,42,47,51,57,61,63,59,62,65,68,69,69,
鳳山,2023/01/22 00:00:00,SO2,2.5,2,1.9,1.7,1.4,1.3,1.5,1.8,1.9,2.3,2.6,2.3,3.5,3,2.9,2.6,2.3,2.2,2.6,2.8,2.5,2,1.7,2.8,
鳳山,2023/01/22 00:00:00,THC,2.38,2.41,2.33,2.29,2.21,2.23,2.29,2.29,2.29,2.33,2.27,2.27,2.31,2.3,2.27,2.24,2.25,2.32,2.34,2.26,2.24,2.15,2.18,2.3,
鳳山,2023/01/22 00:00:00,WD_HR,278,280,272,275,273,244,281,106,97,304,314,282,268,275,286,301,289,287,273,277,274,280,279,312,
鳳山,2023/01/22 00:00:00,WIND_DIREC,276,299,280,275,258,256,78,89,106,292,303,305,265,297,283,302,295,287,265,280,268,269,283,260,
鳳山,2023/01/22 00:00:00,WIND_SPEED,0.9,0.8,1.5,1.2,0.8,0.6,0.3,0.4,0.8,1.2,0.8,1.1,1,1.1,0.9,1,0.7,0.6,0.8,1.3,1,0.8,0.8,0.5,
鳳山,2023/01/22 00:00:00,WS_HR,0.7,0.5,1.2,0.2,0.4,0.1,0.1,0.3,0.6,0.3,0.2,0.6,0.9,0.9,0.9,0.7,0.6,0.5,0.2,0.9,0.7,0.4,0.5,0.1,
鳳山,2023/01/23 00:00:00,AMB_TEMP,22.3,22.3,22.2,22,21.6,21.3,21.1,21,21,22.2,23.6,24.9,26.4,27.6,27.6,25.8,26,24.8,23.2,22.1,21.5,20.8,20,18.7,
鳳山,2023/01/23 00:00:00,CH4,2.15,2.18,2.18,2.17,2.16,2.24,2.34,2.36,2.3,2.29,2.24,2.17,2.15,2.12,2.08,2.06,2.09,2.11,2.13,2.16,2.19,2.19,2.2,2.2,
鳳山,2023/01/23 00:00:00,CO,0.38,0.37,0.33,0.31,0.29,0.36,0.45,0.51,0.51,0.59,0.61,0.57,0.49,0.43,0.45,0.44,0.49,0.56,0.51,0.48,0.53,0.51,0.51,0.46,
鳳山,2023/01/23 00:00:00,NMHC,0.13,0.15,0.13,0.07,0.05,0.07,0.11,0.13,0.12,0.16,0.13,0.13,0.13,0.09,0.08,0.08,0.09,0.11,0.11,0.11,0.15,0.14,0.14,0.09,
鳳山,2023/01/23 00:00:00,NO,0.7,0.7,0.5,0.5,0.6,0.8,1.4,4.6,4.5,6.7,6.2,3.4,2.2,1.4,2,1.8,2,1.8,2,2,2.1,2.1,2,1.8,
鳳山,2023/01/23 00:00:00,NO2,12,13.3,11.3,9.4,8.6,11.5,13.4,15,14.3,15.6,14.9,13.3,11.6,9.6,11.5,11.1,13.4,15.5,15.2,15.3,17,17.7,16.5,13.7,
鳳山,2023/01/23 00:00:00,NOx,12.8,14,11.9,10,9.3,12.3,14.8,19.7,18.9,22.3,21.1,16.7,13.9,11.1,13.5,13,15.5,17.4,17.2,17.3,19.1,19.9,18.5,15.5,
鳳山,2023/01/23 00:00:00,O3,25.7,22.7,24.8,25.4,23.3,17,13.4,11.2,11.8,13.7,19.1,31.2,45.2,50.6,45.7,46.1,45.7,38.4,35.8,27.4,20.4,16.2,14.8,15.1,
鳳山,2023/01/23 00:00:00,PM10,37,25,24,26,25,26,29,29,38,31,39,39,35,39,48,71,60,54,57,55,50,55,49,51,
鳳山,2023/01/23 00:00:00,PM2.5,19,15,15,14,16,22,19,24,22,25,29,30,20,18,19,21,22,25,23,25,27,30,21,27,
鳳山,2023/01/23 00:00:00,RAINFALL,0,0,0,0,0,0,0,0,0,0,0,0,0,0,0,0,0,0,0,0,0,0,0,0,
鳳山,2023/01/23 00:00:00,RH,68,68,69,69,71,72,72,73,74,69,63,57,52,51,56,61,57,60,66,70,73,77,81,86,
鳳山,2023/01/23 00:00:00,SO2,2.8,1.5,1.2,1.4,1.4,1.5,1.3,1.3,1.6,2.1,1.8,1.9,2.4,2.1,1.7,1.4,1.8,1.5,1.4,1.5,1.6,1.8,1.9,1.6,
鳳山,2023/01/23 00:00:00,THC,2.29,2.34,2.32,2.25,2.22,2.32,2.45,2.49,2.43,2.46,2.38,2.31,2.28,2.22,2.17,2.15,2.19,2.23,2.25,2.28,2.35,2.34,2.35,2.29,
鳳山,2023/01/23 00:00:00,WD_HR,281,290,275,278,278,278,278,278,275,284,274,285,287,302,285,278,277,273,276,279,278,270,274,273,
鳳山,2023/01/23 00:00:00,WIND_DIREC,284,283,275,278,270,278,283,281,287,291,89,76,293,312,285,279,275,278,280,109,265,265,265,270,
鳳山,2023/01/23 00:00:00,WIND_SPEED,0.6,0.5,0.9,1,1,0.7,1.1,1.2,1.1,0.7,0.9,0.9,0.8,1,1.5,1.9,1.2,1.1,1.2,0.6,0.9,1.4,1.3,1.9,
鳳山,2023/01/23 00:00:00,WS_HR,0.3,0.3,0.6,0.7,0.9,0.6,0.9,0.7,0.7,0.7,0.2,0.2,0.4,0.2,1.2,1.5,1.2,0.9,0.9,0.4,0.5,0.9,1,1.4,
鳳山,2023/01/24 00:00:00,AMB_TEMP,18.2,18.2,18.1,18,17.7,17.4,17.1,16.6,16.6,16.8,17.8,18.9,19.7,20.6,20.8,20.6,19.3,17,15.3,14.4,14,13.6,13.4,13,
鳳山,2023/01/24 00:00:00,CH4,2.16,2.13,2.1,2.08,2.08,2.07,2.06,2.05,2.04,2.04,2.04,2.05,2.05,2.05,2.06,2.07,2.08,2.1,2.1,2.1,2.09,2.09,2.08,2.08,
鳳山,2023/01/24 00:00:00,CO,0.38,0.34,0.31,0.28,0.27,0.28,0.3,0.3,0.29,0.31,0.35,0.41,0.38,0.41,0.46,0.51,0.58,0.63,0.58,0.56,0.5,0.46,0.42,0.37,
鳳山,2023/01/24 00:00:00,NMHC,0.06,0.06,0.05,0.04,0.05,0.05,0.05,0.06,0.05,0.06,0.06,0.08,0.07,0.06,0.07,0.08,0.09,0.1,0.1,0.1,0.1,0.09,0.08,0.07,
鳳山,2023/01/24 00:00:00,NO,1,1.2,1.2,1.3,1.2,1.2,1.6,2.3,2.8,3.4,3.5,3.7,3.6,2.7,3,2.4,3,3.8,3.2,2.8,2.4,2.3,2.3,1.9,
鳳山,2023/01/24 00:00:00,NO2,10.2,8.3,6.8,5.8,5.4,5,5.3,6.4,5.7,6.7,5.7,6.4,6.5,7.1,7.6,9.1,12.1,13,12,12.2,11.3,10.9,10.8,9.8,
鳳山,2023/01/24 00:00:00,NOx,11.3,9.6,8.1,7.1,6.7,6.3,7,8.8,8.6,10.2,9.2,10.1,10.1,9.8,10.6,11.6,15.1,16.8,15.2,15,13.8,13.3,13.1,11.7,
鳳山,2023/01/24 00:00:00,O3,17.3,17.7,18.3,20.4,20.5,22,21.7,23.8,28.5,29.8,32.7,36.5,41.2,43.7,45.7,45.9,41,32.9,28.6,27.5,26.7,26.9,27.3,28.7,
鳳山,2023/01/24 00:00:00,PM10,45,41,45,33,31,23,26,44,77,97,93,78,70,49,65,58,57,86,92,78,63,57,55,56,
鳳山,2023/01/24 00:00:00,PM2.5,28,26,22,18,15,9,6,7,5,3,5,8,7,7,11,11,17,21,25,29,25,22,22,22,
鳳山,2023/01/24 00:00:00,RAINFALL,0,0,0,0,0,0,0,0,0,0,0,0,0,0,0,0,0,0,0,0,0,0,0,0,
鳳山,2023/01/24 00:00:00,RH,90,90,89,88,87,86,83,80,71,65,57,52,48,44,43,42,43,48,49,49,50,48,45,45,
鳳山,2023/01/24 00:00:00,SO2,0.9,0.9,0.9,1,1,1,1,0.9,0.9,0.9,1.1,0.9,0.9,1,0.9,0.9,0.9,1.1,1.1,1.1,0.9,0.8,0.9,1.1,
鳳山,2023/01/24 00:00:00,THC,2.23,2.2,2.16,2.13,2.13,2.12,2.12,2.12,2.1,2.11,2.11,2.13,2.12,2.12,2.13,2.16,2.18,2.21,2.21,2.21,2.2,2.18,2.17,2.16,
鳳山,2023/01/24 00:00:00,WD_HR,271,274,266,278,274,262,266,270,264,256,264,274,274,269,270,274,270,273,268,268,264,272,277,271,
鳳山,2023/01/24 00:00:00,WIND_DIREC,263,272,280,275,277,268,198,252,268,246,275,275,269,267,235,278,259,277,269,278,259,267,273,250,
鳳山,2023/01/24 00:00:00,WIND_SPEED,1.6,1.5,1,1.5,1.3,1.6,1.4,1.7,2.1,1.6,2.4,2.2,1.9,2.3,1.4,1.6,1.8,2.5,1.9,1.6,1.5,1.6,1.5,1,
鳳山,2023/01/24 00:00:00,WS_HR,1.3,1,0.6,1,0.8,0.8,0.7,0.8,0.9,0.8,1,1.4,1.5,0.9,1.1,1.3,1.4,1.6,1.2,1,0.9,1.2,1,0.9,
鳳山,2023/01/25 00:00:00,AMB_TEMP,12.6,12.4,12.4,12.3,12.3,12.3,12.1,12.6,13.5,15.3,17.4,19.1,19.7,20,19.6,19.4,18.6,18,17.6,17.3,17,16.2,15.7,15.3,
鳳山,2023/01/25 00:00:00,CH4,2.08,2.08,2.1,2.11,2.12,2.13,2.12,2.14,2.15,#,2.13,2.1,#,2.06,2.05,2.04,2.05,2.05,2.05,2.05,2.07,2.1,2.1,2.09,
鳳山,2023/01/25 00:00:00,CO,0.34,0.33,0.34,0.38,0.34,0.35,0.38,0.44,0.48,0.52,0.55,0.62,0.54,0.48,0.43,0.52,0.63,0.64,0.55,0.52,0.48,0.49,0.45,0.39,
鳳山,2023/01/25 00:00:00,NMHC,0.08,0.06,0.08,0.11,0.1,0.09,0.11,0.14,0.15,#,0.12,0.13,#,0.08,0.06,0.09,0.14,0.14,0.13,0.11,0.11,0.12,0.11,0.08,
鳳山,2023/01/25 00:00:00,NO,1.7,0.7,0.5,0.8,0.5,0.8,1.1,3.4,4.8,6.3,5.3,4.3,3,2,1.6,2.4,2.8,3,2.3,2.2,1.8,1.6,1.5,1.4,
鳳山,2023/01/25 00:00:00,NO2,8.6,8.7,9.9,10.3,9.6,10.1,11,16,16.3,15.4,13.5,14.5,12.7,10.9,8.9,11.6,14.1,17,15.7,15.5,15.7,16.1,17.2,11.7,
鳳山,2023/01/25 00:00:00,NOx,10.3,9.5,10.5,11.1,10.1,11,12.1,19.4,21.2,21.7,18.9,18.9,15.8,13,10.5,14,17,20.1,18.1,17.7,17.6,17.7,18.7,13.2,
鳳山,2023/01/25 00:00:00,O3,29.3,29.2,26.1,24.3,24,21.8,20.8,16.7,17.3,23,29.6,37.5,42.4,43.7,48.2,47.2,43,38.9,39.2,38.7,36.1,30.8,28.8,31.5,
鳳山,2023/01/25 00:00:00,PM10,53,50,49,58,48,42,43,47,46,48,50,41,#,38,44,46,46,42,46,40,43,41,37,38,
鳳山,2023/01/25 00:00:00,PM2.5,21,21,22,35,24,20,25,25,25,23,22,21,#,20,14,18,18,21,20,16,18,18,17,12,
鳳山,2023/01/25 00:00:00,RAINFALL,0,0,0,0,0,0,0,0,0,0,0,0,0,0,0,0,0,0,0,0,0,0,0,0,
鳳山,2023/01/25 00:00:00,RH,45,46,47,49,51,52,54,54,51,47,42,39,42,45,50,52,56,59,61,60,57,58,60,62,
鳳山,2023/01/25 00:00:00,SO2,1,2.3,2.7,2.6,2,1.9,1.9,2,2.4,2.9,2.3,2.8,2.6,2.1,1.8,1.9,1.8,1.6,1.5,1.4,1.8,1.9,1.9,1.8,
鳳山,2023/01/25 00:00:00,THC,2.17,2.15,2.19,2.23,2.22,2.23,2.23,2.29,2.31,#,2.26,2.24,#,2.15,2.12,2.14,2.19,2.2,2.18,2.17,2.19,2.23,2.22,2.18,
鳳山,2023/01/25 00:00:00,WD_HR,271,280,279,276,269,267,288,269,280,281,278,272,272,276,261,288,279,278,273,277,281,282,275,263,
鳳山,2023/01/25 00:00:00,WIND_DIREC,280,280,276,277,279,117,274,279,270,276,254,284,267,294,280,285,275,233,268,270,259,290,284,255,
鳳山,2023/01/25 00:00:00,WIND_SPEED,1.2,1.1,1,1.2,0.7,0.7,0.6,1.2,0.8,1.1,1,1.1,1.3,1.5,1.7,1.3,1.2,0.6,1,0.9,0.6,0.9,0.9,0.6,
鳳山,2023/01/25 00:00:00,WS_HR,1.2,0.8,0.5,1,0.2,0.1,0.3,0.4,0.5,0.9,0.4,0.6,0.8,1.1,0.8,1.1,0.9,0.8,0.8,0.6,0.5,0.4,0.3,0.3,
鳳山,2023/01/26 00:00:00,AMB_TEMP,15.1,15.2,14.9,14.4,14.2,14.3,13.8,14.2,16.2,18.8,20.9,22.5,23.8,24.7,24.7,24.8,23.9,23,21.5,20.2,18.9,18,17.7,17.4,
鳳山,2023/01/26 00:00:00,CH4,2.1,2.1,2.14,2.17,2.13,2.11,2.17,2.19,2.13,2.1,2.05,2.05,2.06,2.08,2.07,2.07,2.07,2.09,2.11,2.13,2.13,2.16,2.12,2.14,
鳳山,2023/01/26 00:00:00,CO,0.35,0.31,0.32,0.33,0.32,0.35,0.47,0.51,0.51,0.51,0.5,0.48,0.48,0.48,0.43,0.56,0.55,0.74,0.74,0.59,0.58,0.65,0.54,0.51,
鳳山,2023/01/26 00:00:00,NMHC,0.07,0.06,0.1,0.12,0.07,0.07,0.19,0.21,0.11,0.11,0.12,0.13,0.14,0.13,0.11,0.16,0.15,0.22,0.21,0.19,0.16,0.2,0.14,0.16,
鳳山,2023/01/26 00:00:00,NO,1.1,0.1,0.2,0.6,0.6,0.4,2.1,4.3,3.5,3.3,3.2,3,2.1,1.7,1.6,1.4,1.9,2.8,2.6,2.5,2.6,3.7,3.1,1.9,
鳳山,2023/01/26 00:00:00,NO2,10.6,9.4,11.2,12.9,10.7,8.1,17.1,18,12.6,13,11.3,12.4,12.8,12.7,11.8,14.2,16,24.7,23.5,22.3,19.6,22.5,16.3,19.1,
鳳山,2023/01/26 00:00:00,NOx,11.7,9.5,11.4,13.6,11.3,8.6,19.2,22.3,16.2,16.3,14.5,15.4,14.9,14.4,13.4,15.7,17.9,27.5,26.1,24.9,22.2,26.2,19.4,21,
鳳山,2023/01/26 00:00:00,O3,31.1,32.1,27.3,20.4,23.2,27.4,12.4,13.6,25.2,31,39.1,44.1,51.8,54.9,57.4,55.4,46.9,33.1,29.1,24.1,22.2,14.9,19.1,14.8,
鳳山,2023/01/26 00:00:00,PM10,39,36,31,36,36,32,33,37,35,33,34,28,29,34,28,34,41,50,64,63,66,72,57,50,
鳳山,2023/01/26 00:00:00,PM2.5,17,12,19,17,13,22,22,22,22,17,16,13,19,14,11,17,16,23,28,27,36,43,35,31,
鳳山,2023/01/26 00:00:00,RAINFALL,0,0,0,0,0,0,0,0,0,0,0,0,0,0,0,0,0,0,0,0,0,0,0,0,
鳳山,2023/01/26 00:00:00,RH,64,62,66,70,69,67,72,72,62,52,44,39,36,34,34,35,41,47,55,61,67,70,70,71,
鳳山,2023/01/26 00:00:00,SO2,1.4,1.7,1.8,2,2,1.8,2.2,2.6,2.5,2.3,2.4,2.6,2.6,2.6,2.4,2.4,2.6,2.8,2.9,2.9,2.3,2.4,2.1,2.3,
鳳山,2023/01/26 00:00:00,THC,2.17,2.17,2.25,2.3,2.21,2.19,2.37,2.41,2.25,2.22,2.18,2.19,2.2,2.22,2.19,2.24,2.22,2.32,2.33,2.33,2.3,2.37,2.27,2.31,
鳳山,2023/01/26 00:00:00,WD_HR,268,267,274,272,258,245,274,276,122,259,272,264,275,281,275,265,276,271,277,261,280,273,270,277,
鳳山,2023/01/26 00:00:00,WIND_DIREC,170,277,283,257,278,263,276,135,153,254,288,258,277,283,121,263,292,300,281,139,250,113,278,286,
鳳山,2023/01/26 00:00:00,WIND_SPEED,0.5,0.8,1.2,0.6,0.8,0.6,1.1,0.8,1,1.1,1.5,1,1.1,1.3,1,1.9,0.9,0.8,1.1,0.6,1,0.8,1.1,1.5,
鳳山,2023/01/26 00:00:00,WS_HR,0.4,0.2,0.5,0.6,0.2,0.4,0.8,0.3,0.2,0.2,0.5,0.4,0.7,0.9,0.7,1,0.9,0.6,0.7,0.2,0.7,0.4,0.7,1,
鳳山,2023/01/27 00:00:00,AMB_TEMP,17,16.2,15.5,16,16.3,15.6,15.3,15.4,16.8,18.8,20.7,21.7,22.4,22.8,22.3,21.4,20.1,18.1,16.2,14.8,14.1,13.4,13,12.5,
鳳山,2023/01/27 00:00:00,CH4,2.15,2.16,2.21,2.15,2.14,2.17,2.17,2.13,2.09,2.07,2.06,2.05,2.06,2.06,2.08,2.08,2.09,2.09,2.1,2.11,2.11,2.12,2.13,2.13,
鳳山,2023/01/27 00:00:00,CO,0.47,0.43,0.45,0.38,0.37,0.41,0.44,0.45,0.49,0.44,0.52,0.49,0.46,0.45,0.46,0.53,0.63,0.59,0.59,0.55,0.56,0.53,0.5,0.46,
鳳山,2023/01/27 00:00:00,NMHC,0.15,0.13,0.11,0.07,0.09,0.12,0.09,0.09,0.11,0.08,0.13,0.11,0.09,0.09,0.09,0.1,0.15,0.13,0.13,0.12,0.14,0.14,0.12,0.09,
鳳山,2023/01/27 00:00:00,NO,1.4,1.5,1.4,1.2,1,1.5,2.2,3.6,5.5,4.6,4.5,4.2,3.6,2.8,2.1,2.6,3.5,2.8,4,3.3,3.7,2.9,1.7,1.6,
鳳山,2023/01/27 00:00:00,NO2,18.9,16.8,19.9,14,11.8,16.2,16,16,14,11.1,11.8,10.4,10.5,10.9,11.4,13.4,15,14.5,15.9,14,15.8,16.5,15,13.7,
鳳山,2023/01/27 00:00:00,NOx,20.4,18.3,21.3,15.2,12.9,17.7,18.2,19.6,19.5,15.7,16.3,14.7,14.2,13.7,13.5,16.1,18.5,17.3,19.9,17.4,19.5,19.4,16.8,15.4,
鳳山,2023/01/27 00:00:00,O3,15.2,13.5,6,15.2,17.7,9,11.9,16.6,23.1,28.1,32.3,37.1,43.9,49.1,49.7,47.7,43,38.2,33,32.7,29.4,26.4,26,26.6,
鳳山,2023/01/27 00:00:00,PM10,49,50,43,34,31,36,32,27,25,29,35,42,53,58,83,95,105,100,95,77,75,68,61,56,
鳳山,2023/01/27 00:00:00,PM2.5,30,31,30,24,20,24,26,18,14,11,8,11,17,19,24,29,33,31,43,32,36,31,34,33,
鳳山,2023/01/27 00:00:00,RAINFALL,0,0,0,0,0,0,0,0,0,0,0,0,0,0,0,0,0,0,0,0,0,0,0,0,
鳳山,2023/01/27 00:00:00,RH,72,77,84,75,70,77,78,78,70,59,49,45,42,38,38,39,40,43,46,46,47,50,52,53,
鳳山,2023/01/27 00:00:00,SO2,2.4,2.1,2.3,1.9,1.6,2,2.4,2.4,2.4,2.1,2,1.9,2.1,1.9,1.9,2.1,2.1,1.9,1.8,1.6,1.8,2.3,2.2,2,
鳳山,2023/01/27 00:00:00,THC,2.31,2.3,2.33,2.23,2.24,2.3,2.27,2.23,2.2,2.16,2.2,2.17,2.16,2.16,2.17,2.19,2.25,2.23,2.24,2.24,2.26,2.27,2.26,2.23,
鳳山,2023/01/27 00:00:00,WD_HR,270,277,275,266,269,276,269,280,268,244,256,260,266,270,272,273,275,274,265,271,269,248,262,277,
鳳山,2023/01/27 00:00:00,WIND_DIREC,248,280,289,276,244,275,264,284,266,119,114,271,270,254,278,269,266,284,265,274,269,136,253,280,
鳳山,2023/01/27 00:00:00,WIND_SPEED,0.7,1.4,0.9,1.3,1.1,1.6,1.4,1.5,1.3,1.2,1.6,1.8,2,1.6,2.2,1.4,1.9,1.7,1.8,1.8,1.8,1,0.9,1.5,
鳳山,2023/01/27 00:00:00,WS_HR,0.6,1.2,0.9,0.9,0.9,1,1,0.9,0.6,0.4,0.5,0.7,1.1,0.8,0.9,1.4,1.3,1.1,1,1.3,1.3,0.4,0.5,1.3,
鳳山,2023/01/28 00:00:00,AMB_TEMP,12,11.9,11.6,11.7,11.8,11.6,11.5,11.7,12.2,12.7,14.3,16.3,17.5,18.8,18.9,19.1,18.2,17.5,15.8,15.1,14.5,14.1,13.3,12.4,
鳳山,2023/01/28 00:00:00,CH4,2.13,2.13,2.15,2.14,2.13,2.12,2.12,2.12,2.13,2.13,2.12,2.12,2.11,2.09,2.08,2.08,2.09,2.1,2.1,2.11,2.12,2.13,2.13,2.13,
鳳山,2023/01/28 00:00:00,CO,0.41,0.39,0.37,0.34,0.32,0.34,0.39,0.47,0.52,0.61,0.61,0.65,0.55,0.53,0.57,0.56,0.62,0.73,0.61,0.61,0.54,0.53,0.48,0.46,
鳳山,2023/01/28 00:00:00,NMHC,0.08,0.09,0.09,0.09,0.09,0.1,0.09,0.13,0.18,0.21,0.24,0.19,0.13,0.11,0.12,0.14,0.15,0.2,0.16,0.16,0.17,0.16,0.17,0.14,
鳳山,2023/01/28 00:00:00,NO,1.1,0.5,0.5,0.5,0.4,0.4,1.5,2.6,3.7,6.6,7.2,5.9,3.3,2.7,2,1.5,2.1,2.4,2.8,2.8,2.1,1.7,2.1,1.3,
鳳山,2023/01/28 00:00:00,NO2,13,11.9,11.3,10.4,9.8,10.1,11.3,14.5,19.6,22.6,20.4,18.3,15,12.5,12.8,13.8,17.1,20.6,21.4,21.3,19,19.7,18.4,17.6,
鳳山,2023/01/28 00:00:00,NOx,14.2,12.4,11.8,10.9,10.2,10.6,12.9,17.2,23.4,29.3,27.7,24.2,18.3,15.3,14.9,15.4,19.3,23,24.2,24.2,21.2,21.5,20.5,19,
鳳山,2023/01/28 00:00:00,O3,26.3,25.6,25.8,25.8,26.7,26.5,25.9,23.9,21,19.7,25.9,31,38.9,47.1,52.7,53.6,48.4,39.2,32.4,27.9,25.8,22.2,19.8,18.4,
鳳山,2023/01/28 00:00:00,PM10,52,53,43,45,44,41,42,50,54,56,61,62,61,53,51,48,58,71,74,69,66,63,59,54,
鳳山,2023/01/28 00:00:00,PM2.5,27,24,22,21,20,18,18,20,26,29,28,31,28,25,24,24,23,25,27,28,26,26,37,34,
鳳山,2023/01/28 00:00:00,RAINFALL,0,0,0,0,0,0,0,0,0,0,0,0,0,0,0,0,0,0,0,0,0,0,0,0,
鳳山,2023/01/28 00:00:00,RH,55,56,55,54,52,52,51,49,48,47,45,43,43,43,43,43,44,42,44,46,47,48,50,52,
鳳山,2023/01/28 00:00:00,SO2,2.4,2.7,2.3,2.4,2.6,2.6,2.3,2.5,2.8,3.3,3.2,2.4,2,2.1,2.1,2.1,2.1,1.9,2.3,2.8,2.6,3.1,2.8,2.5,
鳳山,2023/01/28 00:00:00,THC,2.22,2.23,2.24,2.24,2.23,2.23,2.22,2.26,2.31,2.35,2.37,2.32,2.25,2.21,2.21,2.23,2.24,2.31,2.27,2.28,2.29,2.3,2.31,2.28,
鳳山,2023/01/28 00:00:00,WD_HR,270,280,271,273,282,270,274,275,290,275,272,279,283,278,281,282,275,278,267,278,276,273,278,278,
鳳山,2023/01/28 00:00:00,WIND_DIREC,273,266,261,149,283,271,266,280,283,281,275,285,282,236,286,286,271,276,226,282,217,280,271,277,
鳳山,2023/01/28 00:00:00,WIND_SPEED,1.5,1.1,1.2,0.8,0.6,1,1.2,0.9,1.3,1.2,1.4,0.8,1.1,1.2,1.3,1.5,1.1,1.1,1,1.5,0.7,1.1,1,1,
鳳山,2023/01/28 00:00:00,WS_HR,1.1,0.9,1.1,0.7,0.6,0.7,1.1,1,0.7,1,1,0.7,0.6,0.8,0.6,0.6,0.9,1.1,0.7,1,0.9,0.8,0.8,0.8,
鳳山,2023/01/29 00:00:00,AMB_TEMP,11.8,11.6,11.6,11.6,11.9,11.9,12,12.4,13.3,14.4,16.3,18.3,19.4,20.3,20.7,19.5,18.8,18.8,18.3,17.7,16.9,16.2,15.4,14.9,
鳳山,2023/01/29 00:00:00,CH4,2.15,2.16,2.18,2.17,2.18,2.19,2.18,2.21,2.23,2.22,2.19,2.18,2.13,2.1,2.1,2.08,2.09,2.1,2.12,2.12,2.14,2.17,2.19,2.21,
鳳山,2023/01/29 00:00:00,CO,0.45,0.4,0.39,0.36,0.35,0.39,0.45,0.53,0.62,0.73,0.78,0.87,0.77,0.66,0.64,0.63,0.74,0.77,0.74,0.56,0.67,0.73,0.69,0.66,
鳳山,2023/01/29 00:00:00,NMHC,0.15,0.13,0.16,0.2,0.18,0.21,0.21,0.28,0.33,0.37,0.34,0.3,0.22,0.18,0.15,0.16,0.21,0.2,0.21,0.15,0.16,0.22,0.24,0.27,
鳳山,2023/01/29 00:00:00,NO,1.2,0.8,0.5,0.8,0.3,1.2,1.6,3.9,5.3,11.9,10.5,7.5,5.3,3.3,2.7,2.7,3.2,3.6,2.2,1.4,1.6,3,2.3,2,
鳳山,2023/01/29 00:00:00,NO2,16.8,15,14.5,14.1,13.4,15.6,16.6,20,23.8,29.6,30.4,30.5,22.6,18.2,16.2,17.2,23.6,25.3,23.2,17.3,19.2,25.7,23.8,22.9,
鳳山,2023/01/29 00:00:00,NOx,18.1,15.9,15.1,14.9,13.7,16.8,18.2,24,29.1,41.5,41,38.1,28,21.5,19,20,26.8,28.9,25.5,18.7,20.8,28.8,26.2,25,
鳳山,2023/01/29 00:00:00,O3,17.7,17.1,16.5,16.4,16.5,13.1,12.5,9.9,12,11.6,18.7,29.1,38.1,44.3,48.4,47.4,41.6,40.4,35.8,36.9,31.9,21.5,18.8,17.2,
鳳山,2023/01/29 00:00:00,PM10,50,49,47,51,45,42,43,51,53,64,98,78,55,49,45,57,61,65,70,62,61,67,69,71,
鳳山,2023/01/29 00:00:00,PM2.5,28,28,29,31,23,28,31,32,33,38,61,44,31,24,22,23,22,25,28,25,28,34,37,33,
鳳山,2023/01/29 00:00:00,RAINFALL,0,0,0,0,0,0,0,0,0,0,0,0,0,0,0,0,0,0,0,0,0,0,0,0,
鳳山,2023/01/29 00:00:00,RH,55,56,57,57,58,59,59,60,60,57,51,45,42,41,43,50,51,49,52,54,57,61,66,70,
鳳山,2023/01/29 00:00:00,SO2,2.3,2.1,2.1,2.6,2.4,2.4,2.7,2.8,2.5,4,4.5,3.4,2.3,2,2.3,2.5,2.8,2.4,2.3,2.4,2,2,2.2,2.3,
鳳山,2023/01/29 00:00:00,THC,2.31,2.3,2.35,2.38,2.37,2.41,2.4,2.5,2.57,2.6,2.54,2.49,2.36,2.29,2.26,2.25,2.3,2.31,2.34,2.28,2.31,2.4,2.44,2.49,
鳳山,2023/01/29 00:00:00,WD_HR,272,280,275,274,282,282,283,288,290,287,289,275,265,287,279,280,274,270,275,139,281,279,277,283,
鳳山,2023/01/29 00:00:00,WIND_DIREC,280,268,268,287,347,274,280,301,281,295,282,273,265,282,273,276,282,274,281,135,279,274,101,291,
鳳山,2023/01/29 00:00:00,WIND_SPEED,1.2,0.9,1,0.8,0.5,1.2,1.2,0.7,1,1,0.8,0.9,1,1.2,1.4,1.9,1.2,1.2,0.9,0.5,0.9,1,0.4,0.8,
鳳山,2023/01/29 00:00:00,WS_HR,0.9,0.9,1,0.8,0.4,0.9,1,0.6,0.2,0.8,0.5,0.5,0.7,0.9,0.9,1.2,1.1,0.8,0.6,0.1,0.3,0.5,0.4,0.6,
鳳山,2023/01/30 00:00:00,AMB_TEMP,14.4,14.1,13.7,13.6,13.3,13,12.9,13.5,15.8,18.6,21.1,23.1,24,23.9,23,22.5,21.9,20.7,19.8,19.3,18.7,17.7,16.9,16.5,
鳳山,2023/01/30 00:00:00,CH4,2.23,2.24,2.28,2.37,2.35,2.27,2.26,2.28,2.24,2.18,2.13,2.09,2.1,2.12,2.11,2.07,2.06,2.07,2.09,2.13,2.16,2.21,2.21,2.31,
鳳山,2023/01/30 00:00:00,CO,0.62,0.66,0.59,0.63,0.65,0.58,0.7,1.01,1.01,0.78,0.77,0.75,0.76,0.68,0.66,0.6,0.78,0.99,1.17,1.1,0.8,0.6,0.52,0.58,
鳳山,2023/01/30 00:00:00,NMHC,0.24,0.28,0.22,0.18,0.22,0.21,0.26,0.45,0.37,0.24,0.21,0.19,0.23,0.16,0.16,0.15,0.22,0.26,0.33,0.37,0.28,0.24,0.21,0.29,
鳳山,2023/01/30 00:00:00,NO,2.2,2,1.3,1,1.2,2.3,6.4,22.3,17.9,9.9,7.1,5.3,5.7,3.7,3.5,3.3,3.8,3.9,4.2,3.7,2.2,1.2,1.3,1,
鳳山,2023/01/30 00:00:00,NO2,21.7,24.4,19.6,16,14.9,17.1,22.4,30.1,31.5,25.8,21.8,21.6,29,21.1,21,17.5,22,29.5,37.1,37.5,31.9,23.5,24.9,25.2,
鳳山,2023/01/30 00:00:00,NOx,23.9,26.5,20.9,17,16.2,19.4,28.8,52.4,49.5,35.7,29,27,34.7,24.8,24.5,20.8,25.8,33.4,41.3,41.2,34.1,24.7,26.2,26.3,
鳳山,2023/01/30 00:00:00,O3,14.8,12.1,12.6,12.4,10.6,10.4,4.8,3.2,10,23.8,34.9,42.9,51,59.8,58.6,55.4,50.5,44.2,34.9,28.8,29.2,29.6,25.1,19.6,
鳳山,2023/01/30 00:00:00,PM10,72,74,73,81,79,64,63,73,92,64,58,49,66,60,61,42,39,46,49,48,56,53,62,55,
鳳山,2023/01/30 00:00:00,PM2.5,37,49,50,54,55,41,45,46,45,36,34,26,29,31,30,19,13,19,18,22,25,25,29,26,
鳳山,2023/01/30 00:00:00,RAINFALL,0,0,0,0,0,0,0,0,0,0,0,0,0,0,0,0,0,0,0,0,0,0,0,0,
鳳山,2023/01/30 00:00:00,RH,74,78,81,81,83,84,83,80,69,56,48,40,40,44,49,49,50,56,59,59,57,58,61,64,
鳳山,2023/01/30 00:00:00,SO2,2.6,3.4,3.2,2.8,2.6,2.6,3.1,3.7,4.4,3.9,4.2,4.2,3.6,3.2,3,2.7,2.6,2.7,2.7,2.6,2.8,2.5,2.1,2.2,
鳳山,2023/01/30 00:00:00,THC,2.48,2.53,2.51,2.56,2.58,2.49,2.53,2.73,2.62,2.43,2.35,2.29,2.34,2.29,2.28,2.23,2.29,2.34,2.43,2.5,2.45,2.46,2.43,2.6,
鳳山,2023/01/30 00:00:00,WD_HR,281,290,71,79,45,282,277,282,77,102,276,218,255,275,277,277,280,277,273,268,114,75,83,76,
鳳山,2023/01/30 00:00:00,WIND_DIREC,249,77,74,92,295,274,289,334,65,78,281,224,259,297,294,248,288,249,257,306,89,83,76,80,
鳳山,2023/01/30 00:00:00,WIND_SPEED,0.4,0.3,0.3,0.4,0.4,0.9,0.4,0.6,0.5,0.7,0.7,0.9,1.2,1.5,1.6,1.3,1,0.8,0.4,0.3,0.6,0.3,0.3,0.3,
鳳山,2023/01/30 00:00:00,WS_HR,0.5,0.5,0.3,0.3,0.2,1,0.5,0.7,0.1,0.2,0.3,0.2,0.5,0.9,1,0.9,0.7,0.7,0.5,0.2,0.2,0.3,0.3,0.3,
鳳山,2023/01/31 00:00:00,AMB_TEMP,16.2,15.9,15.6,15.4,15.1,14.8,14.7,14.8,16.8,19.2,21.3,22.7,23.6,23.6,23.8,23.9,22.7,21.4,20.8,20.1,18.9,18,17.8,17,
鳳山,2023/01/31 00:00:00,CH4,2.28,2.24,2.4,2.45,2.56,2.49,2.46,2.29,2.27,2.16,2.15,2.11,2.07,2.06,2.06,2.06,2.05,2.04,2.06,2.08,2.11,2.25,2.39,2.27,
鳳山,2023/01/31 00:00:00,CO,0.49,0.42,0.46,0.5,0.5,0.52,0.7,0.92,0.91,0.82,0.91,0.78,0.57,0.47,0.56,0.7,0.73,0.84,0.93,0.81,0.7,1,1.31,0.62,
鳳山,2023/01/31 00:00:00,NMHC,0.26,0.14,0.23,0.36,0.42,0.41,0.42,0.4,0.36,0.2,0.22,0.21,0.16,0.11,0.14,0.19,0.2,0.23,0.29,0.28,0.26,0.43,0.59,0.28,
鳳山,2023/01/31 00:00:00,NO,1.3,0,#,0,0,0,4.4,14.9,11.9,5.8,6.6,4.3,#,2.6,3,3.4,3.7,4.7,5.4,5.4,2.7,2.2,6.7,2.3,
鳳山,2023/01/31 00:00:00,NO2,22.8,11.9,*,17.2,18.5,21.6,27.6,33.7,33.7,26.9,34.8,27.8,#,17.3,18.2,20.8,22.4,27,31.6,31.9,32.2,41.5,49.5,27,
鳳山,2023/01/31 00:00:00,NOx,24.1,11.5,*,16.9,18.3,21.6,32,48.7,45.6,32.7,41.4,32.1,#,19.9,21.2,24.3,26.1,31.8,37,37.4,34.9,43.7,56.2,29.3,
鳳山,2023/01/31 00:00:00,O3,24.4,29.7,24.6,17.3,14.2,12.1,7.7,6.7,15.8,33.5,42,57.9,62.2,60.4,58.5,55.6,45.4,35.7,29.4,26,24,11.8,2,18.5,
鳳山,2023/01/31 00:00:00,PM10,56,51,47,52,45,51,55,63,71,64,70,56,42,33,31,30,33,33,42,38,44,43,51,48,
鳳山,2023/01/31 00:00:00,PM2.5,26,27,33,33,30,33,34,35,41,38,39,30,17,14,14,15,11,11,13,16,21,25,24,25,
鳳山,2023/01/31 00:00:00,RAINFALL,0,0,0,0,0,0,0,0,0,0,0,0,0,0,0,0,0,0,0,0,0,0,0,0,
鳳山,2023/01/31 00:00:00,RH,67,72,75,76,77,78,79,78,67,57,48,40,36,37,35,34,39,41,41,39,40,45,48,52,
鳳山,2023/01/31 00:00:00,SO2,2.2,2.3,2.2,2.4,2.2,2.2,2.3,3.3,3.8,4.8,7.6,5.1,3.8,3,2.6,2.6,2.4,2.2,2.3,2.9,3,2.8,2.8,2.5,
鳳山,2023/01/31 00:00:00,THC,2.55,2.39,2.63,2.82,2.99,2.91,2.89,2.7,2.64,2.37,2.38,2.33,2.24,2.18,2.2,2.26,2.26,2.28,2.36,2.37,2.38,2.69,2.99,2.56,
鳳山,2023/01/31 00:00:00,WD_HR,95,80,79,77,83,79,302,270,112,105,96,261,264,263,280,286,276,272,273,277,208,53,50,92,
鳳山,2023/01/31 00:00:00,WIND_DIREC,102,62,78,79,84,43,266,276,106,268,249,72,270,282,269,269,271,283,275,221,90,11,92,99,
鳳山,2023/01/31 00:00:00,WIND_SPEED,0.5,0.3,0.3,0.3,0.3,0.3,0.9,0.5,0.6,1,0.8,1.1,1.4,1.4,1.3,1,1.4,0.8,1.1,0.6,0.3,0.3,0.4,1,
鳳山,2023/01/31 00:00:00,WS_HR,0.5,0.3,0.3,0.3,0.3,0.2,0.2,0.7,0.2,0.3,0.1,0.1,0.7,0.7,0.9,1,0.8,0.8,0.6,0.6,0.1,0.3,0.1,0.6,
鳳山,2023/02/01 00:00:00,AMB_TEMP,16.3,16.3,16.4,15.9,15.6,15.8,16,16.7,18.6,23.5,25.4,25.7,25.8,25.2,25.8,25.8,25.3,24.1,23.1,22.6,22.5,21.7,21,20.3,
鳳山,2023/02/01 00:00:00,CH4,2.24,2.31,2.42,2.37,2.31,2.51,2.5,2.28,2.13,2.06,2.07,2.08,2.12,2.14,2.11,2.12,2.1,2.17,2.21,2.13,2.19,2.25,2.4,2.54,
鳳山,2023/02/01 00:00:00,CO,0.38,0.44,0.45,0.39,0.43,0.55,0.69,0.91,0.7,0.48,0.81,0.78,0.96,0.94,0.72,0.85,0.91,1.38,1.76,1.03,0.98,0.93,1.21,1.1,
鳳山,2023/02/01 00:00:00,NMHC,0.14,0.18,0.31,0.26,0.23,0.33,0.37,0.31,0.21,0.18,0.36,0.36,0.41,0.43,0.28,0.3,0.39,0.58,0.66,0.39,0.42,0.46,0.58,0.6,
鳳山,2023/02/01 00:00:00,NO,0.8,0.3,0.2,0.2,0.3,1.1,2.5,3.9,3.6,3.4,5.4,6.7,6,5.2,3.7,2.8,4.1,4.6,5.3,1,1.7,0.6,2.4,2.4,
鳳山,2023/02/01 00:00:00,NO2,14.9,17.5,18,18.2,17.7,25.7,33.1,33.3,29,17.8,29.9,36.1,42.1,41.8,33.8,37.3,44,52.9,54.7,38,38.7,38.4,48.1,43.8,
鳳山,2023/02/01 00:00:00,NOx,15.8,17.9,18.2,18.4,18,26.8,35.7,37.3,32.6,21.3,35.3,42.8,48.1,47,37.6,40.2,48.1,57.6,60,39.1,40.5,39,50.5,46.2,
鳳山,2023/02/01 00:00:00,O3,29.1,25.5,22.2,19.7,20.9,10,7,15.2,23.8,43.3,36.3,35.7,31.9,35.9,50.7,47.7,34.2,19.2,12.6,25,18.8,13.1,4.1,4.2,
鳳山,2023/02/01 00:00:00,PM10,34,35,40,42,37,36,42,48,45,48,44,44,48,63,56,60,54,49,51,46,46,53,50,49,
鳳山,2023/02/01 00:00:00,PM2.5,21,22,19,20,21,23,25,20,18,17,10,15,21,21,28,31,19,19,22,19,26,25,31,31,
鳳山,2023/02/01 00:00:00,RAINFALL,0,0,0,0,0,0,0,0,0,0,0,0,0,0,0,0,0,0,0,0,0,0,0,0,
鳳山,2023/02/01 00:00:00,RH,52,53,55,56,59,60,59,56,51,36,33,33,35,39,38,40,45,50,56,61,57,59,61,64,
鳳山,2023/02/01 00:00:00,SO2,2.2,1.4,1.4,1.5,1.6,1.5,1.5,1.8,1.5,1.9,2,2.5,2.1,2.1,3,5.2,2.6,2.2,1.9,1.7,1.9,2.3,2.3,2.3,
鳳山,2023/02/01 00:00:00,THC,2.39,2.5,2.74,2.64,2.55,2.85,2.88,2.6,2.35,2.25,2.44,2.45,2.54,2.58,2.4,2.43,2.5,2.76,2.88,2.53,2.62,2.72,2.99,3.15,
鳳山,2023/02/01 00:00:00,WD_HR,99,18,88,91,63,30,95,84,105,106,281,300,282,287,106,143,272,339,310,27,42,44,16,35,
鳳山,2023/02/01 00:00:00,WIND_DIREC,263,44,106,95,26,85,91,102,120,122,330,269,277,85,136,167,209,336,19,357,85,35,15,42,
鳳山,2023/02/01 00:00:00,WIND_SPEED,0.3,0.3,0.4,0.5,0.3,0.3,0.4,0.8,1.1,1,0.4,0.6,0.8,0.3,0.5,0.7,0.4,0.3,0.3,0.3,0.3,0.3,0.3,0.3,
鳳山,2023/02/01 00:00:00,WS_HR,0.3,0.3,0.4,0.5,0.2,0.3,0.4,0.4,0.8,0.5,0.4,0.2,0.5,0.4,0.2,0.1,0.4,0.2,0.2,0.1,0.2,0.3,0.3,0.3,
鳳山,2023/02/02 00:00:00,AMB_TEMP,19.9,19.5,19.2,19.3,19,18.7,18.4,19.1,20.7,22.9,25.2,27,27.8,27.9,28,27.9,26.1,24.3,23.3,23,21.9,20.8,19.9,19.2,
鳳山,2023/02/02 00:00:00,CH4,2.46,2.36,2.39,2.42,2.57,2.44,2.48,2.34,2.3,2.32,2.21,2.15,2.13,2.1,2.08,2.09,2.1,2.13,2.16,2.17,2.17,2.19,2.22,2.26,
鳳山,2023/02/02 00:00:00,CO,0.86,0.45,0.44,0.46,0.5,0.44,0.59,0.95,1.02,0.9,0.87,0.99,0.79,0.67,0.68,0.78,0.93,1.34,1.45,1.03,0.76,0.71,0.62,0.53,
鳳山,2023/02/02 00:00:00,NMHC,0.52,0.36,0.29,0.33,0.46,0.43,0.44,0.46,0.46,0.44,0.41,0.36,0.28,0.19,0.22,0.26,0.3,0.46,0.5,0.4,0.31,0.31,0.31,0.29,
鳳山,2023/02/02 00:00:00,NO,1.1,0.9,0.7,0.7,1,0.9,2.7,22.1,24.3,21.8,15.5,9.8,5,2.9,2.7,3.3,3.3,4.5,7,4.7,3.2,3.4,3.5,1.9,
鳳山,2023/02/02 00:00:00,NO2,37.7,23,19.4,19.5,22.5,25.3,28.8,31.9,33.9,37.6,40.6,36.8,27.5,21.1,21.9,23.1,28,41.7,48.4,40.8,32.4,31.8,29.9,26.9,
鳳山,2023/02/02 00:00:00,NOx,38.8,23.9,20.2,20.2,23.6,26.2,31.5,54,58.2,59.4,56.2,46.6,32.5,24,24.7,26.4,31.4,46.3,55.4,45.5,35.7,35.3,33.4,28.9,
鳳山,2023/02/02 00:00:00,O3,5.4,12.4,15,14.1,7.6,7.3,3.1,3.1,6.1,12.7,24.8,36.5,55.6,66.3,64.9,58.6,48.5,30.2,15.3,19,20.3,14,11.1,9.4,
鳳山,2023/02/02 00:00:00,PM10,45,44,41,44,48,43,42,49,54,70,70,69,74,75,79,80,95,116,120,125,123,118,108,97,
鳳山,2023/02/02 00:00:00,PM2.5,33,27,28,26,31,23,28,27,33,34,38,28,38,35,39,34,37,41,40,43,44,37,41,43,
鳳山,2023/02/02 00:00:00,RAINFALL,0,0,0,0,0,0,0,0,0,0,0,0,0,0,0,0,0,0,0,0,0,0,0,0,
鳳山,2023/02/02 00:00:00,RH,68,68,70,70,73,76,77,75,67,58,49,46,46,46,45,47,53,62,66,62,64,68,71,75,
鳳山,2023/02/02 00:00:00,SO2,2,1.8,1.7,1.7,1.9,1.8,1.6,2.2,3.4,4.3,4.2,3,2.6,2.4,2.3,2.1,2,2.1,2.1,2.7,3.1,3.1,3,3,
鳳山,2023/02/02 00:00:00,THC,2.99,2.73,2.69,2.76,3.04,2.88,2.93,2.81,2.77,2.77,2.63,2.52,2.41,2.3,2.31,2.36,2.41,2.6,2.67,2.58,2.49,2.51,2.53,2.55,
鳳山,2023/02/02 00:00:00,WD_HR,69,82,44,66,46,85,63,280,276,301,283,275,285,286,289,290,278,285,268,284,279,274,282,285,
鳳山,2023/02/02 00:00:00,WIND_DIREC,99,84,0,40,71,47,87,278,289,295,287,254,298,288,299,291,263,284,278,292,275,281,286,292,
鳳山,2023/02/02 00:00:00,WIND_SPEED,0.6,0.3,0.3,0.3,0.3,0.3,0.3,0.8,1.2,0.9,1.1,1.2,1.5,1.4,1,1.2,0.9,0.7,0.8,0.8,0.9,0.9,1.3,1.2,
鳳山,2023/02/02 00:00:00,WS_HR,0.3,0.3,0.3,0.3,0.2,0.3,0.2,0.5,0.5,0.2,0.8,0.9,0.8,1,1,0.9,0.9,0.6,0.6,0.4,0.4,0.5,1,1.2,
鳳山,2023/02/03 00:00:00,AMB_TEMP,18.6,18.2,17.9,17.9,17.9,18,18.1,18.5,19,20.4,22.1,25,26,25.4,25.7,26.1,25.5,24,23.5,22.7,22.1,20.8,19.9,19.4,
鳳山,2023/02/03 00:00:00,CH4,2.28,2.27,2.27,2.22,2.21,2.22,2.22,2.22,2.23,2.24,2.21,#,2.14,2.11,2.08,2.07,2.08,2.09,2.17,2.17,2.18,2.18,2.2,2.22,
鳳山,2023/02/03 00:00:00,CO,0.5,0.48,0.43,0.43,0.43,0.45,0.58,0.95,0.92,0.91,0.87,#,0.83,0.66,0.67,0.82,0.88,1.06,1.53,1.18,0.78,0.71,0.58,0.47,
鳳山,2023/02/03 00:00:00,NMHC,0.28,0.25,0.21,0.22,0.23,0.24,0.28,0.38,0.4,0.47,0.45,#,0.26,0.2,0.16,0.22,0.29,0.34,0.58,0.45,0.33,0.29,0.27,0.26,
鳳山,2023/02/03 00:00:00,NO,1.7,1.7,0.9,1.1,0.9,1.8,8.3,22.6,25,27.7,21.3,#,#,4.4,3,2.4,2.7,3.9,7.2,5.5,2.5,3.7,3.1,1.7,
鳳山,2023/02/03 00:00:00,NO2,25.8,24.4,22.3,21.6,22.2,22.4,25,25.9,28.5,34.3,38.9,#,#,20.8,19.6,21.4,27.5,36.9,51.6,40.9,33.8,28.5,26,24.7,
鳳山,2023/02/03 00:00:00,NOx,27.6,26.2,23.3,22.7,23.1,24.3,33.4,48.6,53.6,62,60.2,#,#,25.2,22.7,23.9,30.3,40.9,58.9,46.5,36.4,32.2,29.1,26.4,
鳳山,2023/02/03 00:00:00,O3,6.5,5.9,6.1,5.7,4.7,3.3,1.2,1.2,3.2,5.2,#,28.8,44.7,51.2,57.5,57.3,49.1,33.8,12.8,12.9,16.8,14.4,12.2,9.9,
鳳山,2023/02/03 00:00:00,PM10,88,74,66,63,63,61,65,77,83,83,97,#,88,84,71,73,82,79,90,87,93,85,83,82,
鳳山,2023/02/03 00:00:00,PM2.5,42,37,35,34,34,36,32,39,41,44,#,46,41,36,34,33,34,29,35,37,41,42,39,42,
鳳山,2023/02/03 00:00:00,RAINFALL,0,0,0,0,0,0,0,0,0,0,#,0,0,0,0,0,0,0,0,0,0,0,0,0,
鳳山,2023/02/03 00:00:00,RH,78,81,82,83,82,82,82,81,78,71,65,56,53,56,56,54,57,62,64,67,65,69,73,76,
鳳山,2023/02/03 00:00:00,SO2,2.9,2.5,2.7,3,3.2,2.9,2.9,3.4,3.6,4.1,4.3,#,3.4,2.6,2.7,3.2,2.7,2.6,2.2,2.2,2.3,2.7,2.5,2.5,
鳳山,2023/02/03 00:00:00,THC,2.57,2.53,2.49,2.45,2.45,2.47,2.51,2.61,2.64,2.72,2.67,#,2.41,2.32,2.25,2.3,2.38,2.44,2.76,2.63,2.52,2.48,2.48,2.49,
鳳山,2023/02/03 00:00:00,WD_HR,283,285,278,285,274,288,274,277,277,279,280,266,282,283,289,277,284,273,265,294,274,278,284,274,
鳳山,2023/02/03 00:00:00,WIND_DIREC,279,267,279,287,280,121,274,290,274,287,284,245,285,296,290,278,292,278,242,45,277,284,285,190,
鳳山,2023/02/03 00:00:00,WIND_SPEED,1.3,0.7,1.3,1.1,0.7,0.6,1.1,1.5,1.1,0.6,1.1,1,1.1,1.3,1.5,1.1,0.7,0.4,0.4,0.3,0.6,0.7,1,0.7,
鳳山,2023/02/03 00:00:00,WS_HR,0.7,0.6,1,1.1,0.6,0.5,0.7,0.7,1,0.6,1,0.5,0.8,1.2,1.2,0.9,0.7,0.4,0.4,0.3,0.1,0.7,0.7,0.3,
鳳山,2023/02/04 00:00:00,AMB_TEMP,19,18.9,18.5,18.7,18.2,17.8,17.3,17.2,18.7,21.1,22.9,24.9,26.6,26.2,26.9,26,25.2,23.8,23.2,22.8,22.4,21.9,20.9,20.2,
鳳山,2023/02/04 00:00:00,CH4,2.24,2.2,2.24,2.28,2.27,2.23,2.27,2.23,2.23,2.21,2.16,2.12,2.12,2.12,2.11,2.08,2.08,2.1,2.13,2.16,2.2,2.23,2.25,2.27,
鳳山,2023/02/04 00:00:00,CO,0.41,0.41,0.4,0.41,0.44,0.51,0.56,0.7,0.66,0.79,0.73,0.7,0.78,0.64,0.65,0.68,0.77,1.02,1.15,1.19,1.03,0.88,0.71,0.52,
鳳山,2023/02/04 00:00:00,NMHC,0.24,0.18,0.24,0.27,0.24,0.2,0.2,0.23,0.21,0.29,0.28,0.28,0.27,0.18,0.22,0.21,0.25,0.33,0.38,0.41,0.37,0.36,0.29,0.28,
鳳山,2023/02/04 00:00:00,NO,0.9,1.3,1.3,1.5,1.3,2.8,4.8,10.6,10.4,12.4,9,6.8,4.5,3.2,2.7,3.1,3.4,4.9,3.9,7.9,5,3.8,4,1.7,
鳳山,2023/02/04 00:00:00,NO2,22.3,18.3,20.6,22.4,20.2,19.9,21.4,19.5,19.8,25.8,25.8,26.4,27.2,19.5,21.3,21.4,25,33.4,36.2,38.3,35.7,31.4,26.7,24.3,
鳳山,2023/02/04 00:00:00,NOx,23.2,19.6,21.9,24,21.5,22.7,26.3,30.2,30.2,38.2,34.9,33.2,31.7,22.7,24,24.5,28.4,38.4,40.1,46.3,40.8,35.3,30.8,26.1,
鳳山,2023/02/04 00:00:00,O3,8.9,10.3,6.7,4.1,5,2.6,2.1,4.9,10,15,28.5,42.6,54.5,64,67.5,54.3,46.1,28.9,19.7,12,10.6,11,10,8.7,
鳳山,2023/02/04 00:00:00,PM10,74,68,67,68,72,66,68,83,74,88,85,76,75,82,82,74,68,73,74,77,76,79,69,59,
鳳山,2023/02/04 00:00:00,PM2.5,39,37,34,35,35,37,35,45,45,50,43,37,40,40,41,28,29,29,30,26,32,35,34,33,
鳳山,2023/02/04 00:00:00,RAINFALL,0,0,0,0,0,0,0,0,0,0,0,0,0,0,0,0,0,0,0,0,0,0,0,0,
鳳山,2023/02/04 00:00:00,RH,79,80,83,83,85,88,90,92,85,74,65,56,50,54,51,56,58,65,69,70,69,68,73,80,
鳳山,2023/02/04 00:00:00,SO2,2.5,2.5,2.6,2.6,2.5,2.4,2,1.7,2.2,2.7,3.1,3.4,2.9,2.8,2.6,2.5,2.7,2.3,2.1,2.1,1.9,2.1,2,2.1,
鳳山,2023/02/04 00:00:00,THC,2.49,2.39,2.49,2.55,2.52,2.44,2.47,2.47,2.44,2.51,2.45,2.41,2.4,2.31,2.34,2.3,2.34,2.44,2.52,2.57,2.57,2.59,2.55,2.55,
鳳山,2023/02/04 00:00:00,WD_HR,202,282,278,321,279,272,273,277,99,293,281,272,279,279,272,288,279,281,299,274,296,288,285,57,
鳳山,2023/02/04 00:00:00,WIND_DIREC,269,270,261,104,282,274,274,280,98,280,303,269,286,279,300,275,292,273,298,283,356,284,286,273,
鳳山,2023/02/04 00:00:00,WIND_SPEED,0.7,1.1,0.3,0.5,0.8,0.7,1.4,0.6,0.8,1.4,1,0.8,1.3,1.3,1.3,1.5,1.2,0.5,0.7,0.5,0.5,0.5,0.7,0.6,
鳳山,2023/02/04 00:00:00,WS_HR,0,0.9,0.4,0.1,0.6,0.5,1.1,0.7,0.6,0.5,0.7,0.2,0.9,1.2,0.8,1.2,1,0.6,0.5,0.6,0.2,0.3,0.4,0.1,
鳳山,2023/02/05 00:00:00,AMB_TEMP,19.9,19.4,19.3,19.2,18.9,18.7,18.4,18.6,19.5,21.3,23.9,25.3,26.6,26.7,25.9,25.1,24.6,24.2,23.4,22.8,22.5,22,21.7,21.6,
鳳山,2023/02/05 00:00:00,CH4,2.27,2.2,2.25,2.22,2.25,2.22,2.19,2.21,2.22,2.2,2.16,2.14,2.12,2.09,2.12,2.12,2.13,2.18,2.19,2.21,2.25,2.27,2.3,2.38,
鳳山,2023/02/05 00:00:00,CO,0.55,0.45,0.47,0.45,0.45,0.46,0.53,0.65,0.74,0.71,0.66,0.74,0.7,0.67,0.68,0.73,0.75,0.86,0.8,0.71,0.83,0.8,0.68,0.7,
鳳山,2023/02/05 00:00:00,NMHC,0.23,0.15,0.18,0.18,0.21,0.16,0.22,0.22,0.24,0.25,0.27,0.26,0.21,0.2,0.19,0.18,0.17,0.27,0.22,0.23,0.3,0.32,0.33,0.34,
鳳山,2023/02/05 00:00:00,NO,2.3,1.3,1.2,1.1,1.5,1.9,3.3,6.4,9.8,9,7.1,3.7,2.3,2.5,2.4,2.2,2.3,2.6,4.1,3.3,4.2,4.6,3.3,3,
鳳山,2023/02/05 00:00:00,NO2,25.8,21.1,23.1,20.8,19.3,17.9,19.2,17.9,18.9,19.3,19,19,17.7,19.6,17.8,17.4,23.2,30.6,27.6,26.8,33.5,33.4,32.4,33.2,
鳳山,2023/02/05 00:00:00,NOx,28.1,22.4,24.4,21.9,20.9,19.8,22.6,24.4,28.7,28.4,26.2,22.7,20.1,22.2,20.3,19.6,25.6,33.2,31.8,30.2,37.7,38,35.7,36.2,
鳳山,2023/02/05 00:00:00,O3,6.7,8.1,3.3,4.9,4.3,5.3,3.1,5.5,8.1,14.1,30.1,42,50.4,46.2,46.9,46.5,39.8,31,24.8,17.7,8.3,4.2,3.1,0.8,
鳳山,2023/02/05 00:00:00,PM10,69,94,85,84,99,74,85,101,85,77,81,71,52,51,54,56,56,68,68,53,54,54,59,56,
鳳山,2023/02/05 00:00:00,PM2.5,38,66,63,59,73,48,56,71,58,61,53,46,32,29,35,28,32,35,32,28,31,42,35,40,
鳳山,2023/02/05 00:00:00,RAINFALL,0,0,0,0,0,0,0,0,0,0,0,0,0,0,0,0,0,0,0,0,0,0,0,0,
鳳山,2023/02/05 00:00:00,RH,81,84,86,86,88,89,92,91,87,80,67,59,52,54,62,65,66,64,65,67,69,71,73,75,
鳳山,2023/02/05 00:00:00,SO2,2.1,1.2,1.6,1.6,1.3,1.3,1.3,1.4,1.4,2.4,3,2.5,1.9,2.3,2.8,1.9,1.8,2.2,2,2,1.9,1.8,2.1,2,
鳳山,2023/02/05 00:00:00,THC,2.51,2.36,2.44,2.41,2.47,2.38,2.42,2.44,2.47,2.46,2.44,2.41,2.34,2.3,2.32,2.31,2.31,2.46,2.42,2.45,2.56,2.6,2.64,2.73,
鳳山,2023/02/05 00:00:00,WD_HR,279,277,267,283,221,228,273,286,281,110,293,290,265,271,291,279,283,276,273,290,287,300,330,75,
鳳山,2023/02/05 00:00:00,WIND_DIREC,273,281,262,282,259,283,285,289,269,96,263,239,291,254,288,266,274,291,255,290,280,75,91,153,
鳳山,2023/02/05 00:00:00,WIND_SPEED,1.2,1.1,0.5,0.9,0.8,0.7,1.1,1.3,1,1.2,1.2,0.7,1,1.1,1.4,0.9,0.6,1.1,0.9,0.8,0.7,0.4,0.3,0.4,
鳳山,2023/02/05 00:00:00,WS_HR,0.7,1,0.4,0.3,0.1,0.1,0.4,0.7,0.9,0.2,0.2,0.4,0.5,0.7,0.9,0.8,0.6,0.6,0.7,0.2,0.2,0.1,0.1,0.2,
鳳山,2023/02/06 00:00:00,AMB_TEMP,21.2,20.5,19.9,19.7,19.5,19.4,19.3,19.8,22.7,24.4,25.2,25.4,27.2,28.2,29.1,29.1,28.2,26.7,25.7,25.3,24.7,24.6,23.8,23.3,
鳳山,2023/02/06 00:00:00,CH4,2.35,2.31,2.25,2.26,2.32,2.34,2.37,2.35,2.25,2.19,2.13,2.19,2.12,2.08,2.09,2.1,2.1,2.1,2.15,2.18,2.21,2.28,2.3,2.33,
鳳山,2023/02/06 00:00:00,CO,0.66,0.54,0.49,0.46,0.46,0.53,0.65,0.84,0.82,0.82,0.77,0.92,0.63,0.55,0.61,0.85,0.94,1.28,1.37,0.98,0.86,1.03,0.76,0.63,
鳳山,2023/02/06 00:00:00,NMHC,0.29,0.24,0.15,0.16,0.19,0.25,0.25,0.21,0.2,0.23,0.23,0.38,0.19,0.13,0.15,0.31,0.35,0.44,0.48,0.48,0.4,0.63,0.46,0.41,
鳳山,2023/02/06 00:00:00,NO,4.3,1.9,1.3,0.7,0.9,3.7,6.8,11.1,10,9.7,6,13.4,6.3,3.2,2.6,3.4,4.8,9.1,10.1,6.5,3.7,16.1,6.8,3.3,
鳳山,2023/02/06 00:00:00,NO2,31.4,23.9,18.9,18,17.9,21.6,21.4,19.7,19.4,25.3,23.3,31.6,17.5,15.6,15.8,28.1,31.1,35.7,40.4,40.1,34.9,39,34,31.4,
鳳山,2023/02/06 00:00:00,NOx,35.7,25.8,20.2,18.7,18.9,25.3,28.2,30.8,29.4,35.1,29.4,45.1,23.8,18.8,18.5,31.6,35.9,44.8,50.6,46.6,38.7,55.1,40.8,34.8,
鳳山,2023/02/06 00:00:00,O3,1,3.8,7.7,7.6,5.5,0.3,1.6,3.1,11.1,15.8,20.8,15.5,34.6,45.5,50.7,43.8,33.9,18.4,6.9,3.1,3.9,0,0.8,2,
鳳山,2023/02/06 00:00:00,PM10,55,60,50,54,45,47,47,55,54,69,58,71,45,42,41,64,51,42,45,47,49,45,56,44,
鳳山,2023/02/06 00:00:00,PM2.5,43,43,40,41,38,38,33,35,32,35,26,36,24,22,20,30,23,17,22,21,25,26,34,33,
鳳山,2023/02/06 00:00:00,RAINFALL,0,0,0,0,0,0,0,0,0,0,0,0,0,0,0,0,0,0,0,0,0,0,0,0,
鳳山,2023/02/06 00:00:00,RH,78,81,83,84,85,85,86,84,74,66,62,60,54,51,48,48,52,57,63,63,64,66,73,79,
鳳山,2023/02/06 00:00:00,SO2,1.7,2.3,2.6,2.4,2.1,2.1,2.3,2,2.5,2.8,2.8,2.9,3,3.4,3.5,4.2,2.9,2.3,2,2.1,2,2,2.3,2.2,
鳳山,2023/02/06 00:00:00,THC,2.65,2.56,2.41,2.43,2.52,2.6,2.63,2.57,2.46,2.43,2.37,2.58,2.32,2.22,2.25,2.42,2.46,2.55,2.64,2.66,2.62,2.92,2.77,2.74,
鳳山,2023/02/06 00:00:00,WD_HR,283,278,277,271,279,277,274,91,96,74,173,281,281,286,281,272,280,277,272,81,57,293,282,58,
鳳山,2023/02/06 00:00:00,WIND_DIREC,278,279,279,7,261,267,90,101,17,289,217,272,276,284,304,272,294,274,311,81,63,269,324,289,
鳳山,2023/02/06 00:00:00,WIND_SPEED,0.7,1.1,1.3,0.5,0.7,0.6,0.6,0.6,0.5,1,0.6,1,1.1,1.1,0.8,1.1,1,0.9,0.3,0.3,0.3,1,0.4,0.5,
鳳山,2023/02/06 00:00:00,WS_HR,0.4,0.7,0.7,0.4,0.1,0.3,0.1,0.4,0.5,0.2,0.2,0.8,1.1,0.4,0.4,0.7,0.7,0.7,0.3,0.2,0.2,0.2,0.5,0.1,
鳳山,2023/02/07 00:00:00,AMB_TEMP,23.1,23.1,22.9,22.5,22.1,21.6,21.5,22,23.8,26.5,27.8,29.1,30.1,30.2,29.5,28.1,26.5,25.7,25.4,25.6,25.6,24.9,23.8,22.7,
鳳山,2023/02/07 00:00:00,CH4,2.3,2.33,2.37,2.31,2.31,2.39,2.44,2.43,2.33,2.2,2.44,2.32,2.21,2.11,2.11,2.1,2.08,2.1,2.14,2.2,2.2,2.23,2.25,2.3,
鳳山,2023/02/07 00:00:00,CO,0.52,0.52,0.49,0.5,0.69,0.53,0.68,0.84,0.97,0.86,1.29,0.98,0.82,0.61,0.7,0.69,0.8,1.06,1.57,1.67,1.46,1.06,0.7,0.57,
鳳山,2023/02/07 00:00:00,NMHC,0.22,0.37,0.34,0.33,0.31,0.33,0.55,0.56,0.42,0.32,0.53,0.39,0.31,0.2,0.26,0.24,0.28,0.39,0.6,0.67,0.6,0.46,0.49,0.49,
鳳山,2023/02/07 00:00:00,NO,1.4,2.1,2.7,3,1.5,3.8,17,19.6,17.9,10.4,14.4,8.3,5.9,2.8,2.8,3,3,3.6,7.7,10.8,10.5,6.1,3.6,3.4,
鳳山,2023/02/07 00:00:00,NO2,19.2,26.1,27.2,23.2,20.2,19.2,22,24.9,29.1,29.7,49,36,29.2,20.9,24.5,24.1,27.6,37.7,51.3,55.5,47.2,39.4,32.9,34.3,
鳳山,2023/02/07 00:00:00,NOx,20.6,28.2,29.9,26.3,21.7,23,39.1,44.5,47.1,40.1,63.4,44.4,35.2,23.7,27.4,27.1,30.7,41.3,59,66.4,57.7,45.5,36.5,37.8,
鳳山,2023/02/07 00:00:00,O3,7.3,2.5,1.1,1.3,3.4,0.6,0,1.4,7.5,21.5,24.4,33,41.3,54.1,53.2,52.3,40.4,25.3,6.3,1.1,3.4,4.6,5.1,1.6,
鳳山,2023/02/07 00:00:00,PM10,39,48,51,43,33,37,55,46,52,47,88,65,55,49,59,61,72,71,75,73,70,63,65,64,
鳳山,2023/02/07 00:00:00,PM2.5,25,33,33,30,28,22,35,30,28,30,49,42,33,31,30,29,24,24,32,32,28,33,36,40,
鳳山,2023/02/07 00:00:00,RAINFALL,0,0,0,0,0,0,0,0,0,0,0,0,0,0,0,0,0,0,0,0,0,0,0,0,
鳳山,2023/02/07 00:00:00,RH,79,80,80,82,84,86,87,85,75,61,57,52,49,48,51,56,61,66,68,67,67,70,71,74,
鳳山,2023/02/07 00:00:00,SO2,1.7,2.1,2.5,2.5,2.2,1.9,2.1,2.4,2.8,2.8,3.3,3.7,3.3,2.8,2.8,2.8,2.8,2.4,2.4,2.6,2.6,2.4,2.5,3.2,
鳳山,2023/02/07 00:00:00,THC,2.53,2.71,2.72,2.65,2.63,2.73,2.99,3,2.76,2.53,2.97,2.72,2.53,2.32,2.38,2.35,2.37,2.5,2.75,2.88,2.81,2.7,2.75,2.8,
鳳山,2023/02/07 00:00:00,WD_HR,331,299,284,276,108,297,258,83,88,269,291,277,278,290,275,282,284,258,249,301,279,285,278,280,
鳳山,2023/02/07 00:00:00,WIND_DIREC,307,284,264,270,98,283,130,71,102,290,283,271,283,284,274,276,267,273,270,301,275,321,285,181,
鳳山,2023/02/07 00:00:00,WIND_SPEED,0.4,0.5,0.6,0.8,0.4,0.5,0.3,0.3,0.6,0.8,1.2,1.2,1.4,1.7,1.1,1.2,0.6,0.4,0.3,0.3,0.4,0.3,0.6,0.3,
鳳山,2023/02/07 00:00:00,WS_HR,0.1,0.3,0.3,0.7,0.2,0.1,0.4,0.3,0.3,0,0.8,0.5,1.1,1,1,1.1,0.8,0.3,0.3,0.2,0.3,0.4,0.4,0.5,
鳳山,2023/02/08 00:00:00,AMB_TEMP,21.8,21.2,20.6,20.1,19.6,19.5,19.6,19.6,21.1,23.5,25.7,27.4,27.7,27.8,27.9,27.1,25.7,24.4,23.3,22.6,22.7,21.7,21.1,20.8,
鳳山,2023/02/08 00:00:00,CH4,2.31,2.31,2.31,2.3,2.29,2.32,2.34,2.29,2.27,2.26,2.23,2.18,2.17,2.15,2.1,2.05,2.08,2.08,2.09,2.09,2.11,2.17,2.18,2.2,
鳳山,2023/02/08 00:00:00,CO,0.49,0.44,0.43,0.46,0.48,0.54,0.71,0.88,0.83,0.89,1.06,0.96,0.8,0.7,0.59,0.5,0.58,0.79,1.02,0.76,0.72,0.61,0.5,0.46,
鳳山,2023/02/08 00:00:00,NMHC,0.36,0.37,0.25,0.2,0.2,0.28,0.4,0.37,0.35,0.4,0.41,0.33,0.25,0.18,0.16,0.15,0.25,0.27,0.28,0.21,0.24,0.21,0.2,0.21,
鳳山,2023/02/08 00:00:00,NO,2.7,4.5,2.8,2.1,1.9,4.8,16.1,21.6,23.6,17.3,12,5.5,5.2,3.3,2.2,2.1,1.8,2.2,2.9,2.6,3.4,2.6,2.3,1.4,
鳳山,2023/02/08 00:00:00,NO2,29.8,27.5,23.7,20,18.8,21.1,20.4,21.1,24.6,34.3,43.8,34.7,27.1,20.9,18.7,17.7,20.3,24.5,26.4,22.2,26.2,24.4,22.9,21.5,
鳳山,2023/02/08 00:00:00,NOx,32.6,32.1,26.5,22.1,20.8,26,36.5,42.7,48.2,51.7,55.8,40.2,32.4,24.3,21,19.8,22.1,26.8,29.4,24.9,29.7,27.1,25.2,22.9,
鳳山,2023/02/08 00:00:00,O3,2,0.8,1.5,2.4,2.7,0.2,0,1.2,4.1,13.8,32.2,53,51.3,67,63.4,52,50.9,47.6,36,33.8,25.7,21.1,18.4,14.3,
鳳山,2023/02/08 00:00:00,PM10,62,69,73,75,82,85,91,98,95,85,89,82,82,76,65,50,59,56,64,64,70,76,76,77,
鳳山,2023/02/08 00:00:00,PM2.5,40,41,51,54,53,53,53,61,56,63,65,51,51,52,45,27,37,32,30,33,35,41,43,49,
鳳山,2023/02/08 00:00:00,RAINFALL,0,0,0,0,0,0,0,0,0,0,0,0,0,0,0,0,0,0,0,0,0,0,0,0,
鳳山,2023/02/08 00:00:00,RH,78,82,84,86,89,89,89,89,84,74,63,57,56,56,56,58,66,74,79,81,79,76,78,80,
鳳山,2023/02/08 00:00:00,SO2,3,2.7,2.7,2.2,2.1,2,2.3,2.4,2.9,3.3,4.9,4,3.3,2.6,2.5,2.2,2.2,2,1.6,1.5,1.7,1.9,2.1,2.2,
鳳山,2023/02/08 00:00:00,THC,2.68,2.69,2.57,2.51,2.5,2.61,2.75,2.67,2.62,2.67,2.65,2.52,2.43,2.34,2.27,2.21,2.34,2.36,2.38,2.31,2.36,2.39,2.39,2.42,
鳳山,2023/02/08 00:00:00,WD_HR,276,276,277,277,277,278,281,281,87,328,234,254,289,275,274,267,264,273,287,280,280,272,275,274,
鳳山,2023/02/08 00:00:00,WIND_DIREC,286,277,266,203,275,277,281,292,81,214,262,248,287,277,296,264,268,290,284,283,276,269,287,278,
鳳山,2023/02/08 00:00:00,WIND_SPEED,0.5,1,1,0.6,0.7,1,1.1,0.5,0.7,0.6,0.8,1,1.4,1.1,1.3,0.9,1,0.7,0.8,0.7,1,1.2,1.1,1,
鳳山,2023/02/08 00:00:00,WS_HR,0.5,0.8,0.9,0.4,0.8,0.9,0.7,0.3,0.3,0.1,0.2,0.6,1.2,0.9,0.7,0.6,0.5,0.6,0.8,0.6,0.7,1.1,0.8,0.4,
鳳山,2023/02/09 00:00:00,AMB_TEMP,20.8,20.7,20.3,19.7,19.4,19.4,19.4,19.7,21.1,23.8,25.8,27.6,28.4,28.3,28,27.2,26.8,26.2,25.8,25.6,25.1,24.4,23.6,23.4,
鳳山,2023/02/09 00:00:00,CH4,2.21,2.2,2.23,2.18,2.2,2.22,2.22,2.21,2.22,2.21,2.17,2.17,2.07,2.03,2.07,2,1.99,2,2.01,2.04,2.15,2.25,2.36,2.42,
鳳山,2023/02/09 00:00:00,CO,0.46,0.46,0.46,0.43,0.43,0.45,0.52,0.65,0.89,0.88,0.75,0.9,0.53,0.37,0.53,0.41,0.43,0.57,0.66,0.82,0.84,0.8,0.69,0.71,
鳳山,2023/02/09 00:00:00,NMHC,0.2,0.2,0.19,0.15,0.17,0.24,0.26,0.22,0.27,0.31,0.37,0.39,0.13,0.08,0.13,0.1,0.09,0.15,0.19,0.25,0.31,0.33,0.31,0.37,
鳳山,2023/02/09 00:00:00,NO,1.3,1,0.8,1.2,1.3,1.9,4.9,7.4,9.6,13.7,10.7,8.7,4.2,2.6,2.9,2.3,2.2,1.9,2.6,4.3,5.2,2.5,0.9,0.8,
鳳山,2023/02/09 00:00:00,NO2,21.6,21.8,18.6,16.9,17.7,19.4,21.5,20.3,23.4,29.9,37.3,44.2,18.8,14.2,16.8,11.4,14.3,18.2,22.1,28.2,30.6,32.1,29.2,28.5,
鳳山,2023/02/09 00:00:00,NOx,22.9,22.8,19.5,18.1,19,21.4,26.4,27.7,33.1,43.7,48.1,52.9,23.1,16.9,19.8,13.8,16.5,20.2,24.7,32.6,35.8,34.7,30.1,29.3,
鳳山,2023/02/09 00:00:00,O3,11.5,10.6,11,11.1,9,5.2,3.2,4,7,15.8,29.4,33.6,42,43.9,46.1,38.6,32.3,24.9,19.6,13.2,12.8,15.6,13.6,10.5,
鳳山,2023/02/09 00:00:00,PM10,75,78,76,77,73,70,83,84,108,90,#,87,49,42,43,35,32,30,34,31,43,65,72,62,
鳳山,2023/02/09 00:00:00,PM2.5,56,55,55,53,49,51,54,53,54,53,51,51,25,20,30,15,13,11,11,15,25,41,47,43,
鳳山,2023/02/09 00:00:00,RAINFALL,0,0,0,0,0,0,0,0,0,0,0,0,0,0,0,0,0,0,0,0,0,0,0,0,
鳳山,2023/02/09 00:00:00,RH,81,81,82,85,87,87,88,87,82,70,62,58,59,61,61,67,69,71,74,76,74,71,75,78,
鳳山,2023/02/09 00:00:00,SO2,2.1,1.9,1.8,1.6,1.5,1.8,2.1,1.8,1.7,2.6,2.9,3.5,3.4,2.1,1.8,1.6,1.6,1.9,1.8,1.9,1.9,2.2,1.9,1.6,
鳳山,2023/02/09 00:00:00,THC,2.41,2.41,2.43,2.34,2.37,2.47,2.49,2.44,2.5,2.53,2.55,2.57,2.21,2.12,2.21,2.11,2.09,2.15,2.21,2.3,2.47,2.58,2.68,2.79,
鳳山,2023/02/09 00:00:00,WD_HR,279,292,278,289,284,280,285,92,92,299,143,288,256,280,277,279,244,324,311,289,294,87,83,77,
鳳山,2023/02/09 00:00:00,WIND_DIREC,261,291,283,21,285,281,268,93,80,61,258,267,289,281,287,274,209,315,294,293,235,75,85,87,
鳳山,2023/02/09 00:00:00,WIND_SPEED,0.6,0.9,0.6,0.6,1.1,0.8,0.6,0.3,0.7,0.6,0.9,1.2,1.2,1.4,1.3,0.8,1.1,0.8,0.5,0.5,0.6,0.4,0.4,0.3,
鳳山,2023/02/09 00:00:00,WS_HR,0.7,0.6,0.5,0.3,0.5,0.9,0.2,0.3,0.4,0,0.1,0.5,0.3,0.6,0.9,0.6,0.1,0.4,0.3,0.3,0.3,0.3,0.4,0.3,
鳳山,2023/02/10 00:00:00,AMB_TEMP,23.2,22.8,22.4,22.2,22.1,21.9,22,22.6,25.3,28.1,28.6,28.9,30,29.6,29.2,29.3,28.3,27.3,26.3,26,25.9,25.4,25,24.3,
鳳山,2023/02/10 00:00:00,CH4,2.63,2.57,2.36,2.24,2.33,2.46,2.22,2.32,2.21,2.13,2.02,2.03,2.03,2,1.99,1.99,2,2.01,2.04,2.06,2.1,2.13,2.22,2.22,
鳳山,2023/02/10 00:00:00,CO,0.77,0.57,0.46,0.41,0.41,0.43,0.49,0.88,0.84,0.86,0.65,0.65,0.63,0.41,0.32,0.41,0.65,0.73,0.86,0.89,1,0.89,0.81,0.59,
鳳山,2023/02/10 00:00:00,NMHC,0.44,0.41,0.23,0.16,0.12,0.14,0.15,0.28,0.22,0.3,0.28,0.26,0.18,0.11,0.1,0.14,0.14,0.16,0.27,0.29,0.31,0.31,0.31,0.26,
鳳山,2023/02/10 00:00:00,NO,1.4,1.2,0.8,0.8,1,1.1,1,3.9,8.2,13,15.4,7.5,4.9,5.3,2.9,3.2,4.7,4.9,3.6,3.9,4.8,3.5,2.6,2,
鳳山,2023/02/10 00:00:00,NO2,28.9,23.3,15.5,12.2,9.5,11.2,10.2,19.3,21.6,30.3,27,21.8,17.9,16.3,11.9,13.9,21.4,28.4,28.8,28.8,32.5,29.1,30.1,22.9,
鳳山,2023/02/10 00:00:00,NOx,30.4,24.5,16.3,13,10.6,12.3,11.2,23.2,29.8,43.4,42.5,29.4,22.9,21.6,14.9,17.1,26.1,33.3,32.5,32.7,37.4,32.6,32.8,25,
鳳山,2023/02/10 00:00:00,O3,4.1,7.4,11.9,15.2,19.3,14.1,16.5,9.4,13.8,17.9,14.5,23.6,37.3,37.4,39.1,35.1,25.4,18.4,20.2,17.5,12.7,15.8,12.6,15.9,
鳳山,2023/02/10 00:00:00,PM10,70,66,61,x,61,67,58,62,46,46,40,34,35,30,30,30,35,38,35,40,60,44,60,66,
鳳山,2023/02/10 00:00:00,PM2.5,42,40,30,28,41,43,38,41,29,24,16,16,14,11,13,13,15,11,16,18,17,23,32,36,
鳳山,2023/02/10 00:00:00,RAINFALL,0,0,0,0,0,0,0,0,0,0,0,0,0,0,0,0,0,0,0,0,0,0,0,0,
鳳山,2023/02/10 00:00:00,RH,81,83,87,88,87,88,86,83,71,59,57,55,53,54,55,55,60,66,76,79,79,77,74,76,
鳳山,2023/02/10 00:00:00,SO2,1.6,1.3,1,0.9,1,1.1,0.9,1.1,1.4,2.3,3.2,2.8,2.9,1.9,1.7,1.6,1.9,2.1,1.8,1.9,1.6,1.5,1.4,1.6,
鳳山,2023/02/10 00:00:00,THC,3.08,2.99,2.59,2.41,2.46,2.61,2.38,2.61,2.44,2.44,2.31,2.3,2.22,2.12,2.1,2.14,2.15,2.18,2.32,2.36,2.42,2.45,2.54,2.49,
鳳山,2023/02/10 00:00:00,WD_HR,86,84,75,98,95,87,95,86,82,255,290,291,270,270,193,248,284,296,287,300,295,267,313,289,
鳳山,2023/02/10 00:00:00,WIND_DIREC,80,96,82,91,63,103,88,69,3,225,269,284,285,255,265,149,122,238,285,311,280,56,321,101,
鳳山,2023/02/10 00:00:00,WIND_SPEED,0.3,0.5,0.3,0.9,0.3,0.8,0.3,0.7,0.6,1,0.8,1.1,1.4,1.2,1,1.2,0.7,0.5,0.6,0.3,0.5,0.3,0.4,0.5,
鳳山,2023/02/10 00:00:00,WS_HR,0.3,0.4,0.3,0.7,0.4,0.5,0.6,0.4,0.3,0.3,0.6,0.7,0.7,0.6,0.1,0.4,0.2,0.3,0.3,0.3,0.4,0.2,0.2,0.3,
鳳山,2023/02/11 00:00:00,AMB_TEMP,23.5,23.1,22.8,22.1,21.6,21.3,20.3,20.8,23.1,26.1,27.6,27.8,28.7,29.7,29.4,28.6,27.5,26.6,25.6,25.1,24.8,24,23.7,23,
鳳山,2023/02/11 00:00:00,CH4,2.3,2.33,2.42,2.39,2.45,2.52,2.48,2.52,2.48,2.23,2.19,2.16,2.08,2.04,2.03,2.01,2.01,2.03,2.06,2.04,2.07,2.22,2.2,2.28,
鳳山,2023/02/11 00:00:00,CO,0.6,0.61,0.62,0.54,0.58,0.69,0.74,0.85,0.74,0.73,0.9,0.97,0.77,0.64,0.53,0.45,0.48,0.67,0.79,0.65,0.67,0.81,0.77,0.67,
鳳山,2023/02/11 00:00:00,NMHC,0.31,0.3,0.41,0.3,0.33,0.41,0.36,0.39,0.24,0.21,0.27,0.27,0.2,0.14,0.13,0.11,0.13,0.18,0.26,0.19,0.19,0.29,0.26,0.29,
鳳山,2023/02/11 00:00:00,NO,2.4,2.2,3.6,2.8,6.2,12.4,16.5,18.9,9.1,5.6,5.1,4.2,3.4,2.4,2.6,2.7,2.4,3,2,2.5,1.9,1.5,2.3,2.2,
鳳山,2023/02/11 00:00:00,NO2,27.2,28.2,30,24.7,23.4,23.3,20.7,21.2,18.1,19.1,23.6,24.7,17.5,14.4,13.6,11.4,13.2,24.7,24.8,22.1,20.8,26.1,26.3,24.9,
鳳山,2023/02/11 00:00:00,NOx,29.7,30.5,33.7,27.5,29.6,35.8,37.2,40.2,27.2,24.7,28.7,29,21,16.9,16.3,14.2,15.6,27.7,26.8,24.6,22.8,27.6,28.6,27.1,
鳳山,2023/02/11 00:00:00,O3,9.1,5.4,0.4,2.1,0,0,0,1.7,13.3,30.2,41.7,50.7,55,59.2,#,43.6,44.8,33.5,35.5,34.1,28.8,18.8,21.1,16.2,
鳳山,2023/02/11 00:00:00,PM10,72,76,76,68,61,58,55,59,57,58,55,66,48,42,35,28,33,27,41,39,40,56,60,77,
鳳山,2023/02/11 00:00:00,PM2.5,48,49,50,41,35,33,33,32,40,31,31,33,28,22,15,14,14,18,25,19,13,31,30,44,
鳳山,2023/02/11 00:00:00,RAINFALL,0,0,0,0,0,0,0,0,0,0,0,0,0,0,0,0,0,0,0,0,0,0,0,0,
鳳山,2023/02/11 00:00:00,RH,81,83,84,87,88,88,89,88,82,69,61,60,57,52,52,55,61,66,75,80,82,83,82,82,
鳳山,2023/02/11 00:00:00,SO2,2.2,1.9,2.4,2.5,2.4,2.3,2.5,2.4,3.2,4.7,3.2,3.5,3.4,4.4,3.3,2,1.9,2.2,2.1,1.9,1.7,1.3,1.7,1.9,
鳳山,2023/02/11 00:00:00,THC,2.62,2.64,2.84,2.7,2.79,2.94,2.85,2.92,2.73,2.45,2.47,2.44,2.29,2.19,2.17,2.13,2.15,2.22,2.32,2.24,2.27,2.51,2.47,2.58,
鳳山,2023/02/11 00:00:00,WD_HR,299,264,289,357,282,281,278,88,97,261,285,279,284,269,266,266,269,289,306,296,345,79,288,301,
鳳山,2023/02/11 00:00:00,WIND_DIREC,287,264,292,10,219,279,66,100,128,250,305,268,280,267,154,273,297,285,310,77,89,36,298,77,
鳳山,2023/02/11 00:00:00,WIND_SPEED,0.5,0.7,0.5,0.3,0.3,1.1,0.3,0.7,0.6,0.7,0.9,1.1,0.9,1.2,0.9,1,0.8,0.7,0.8,0.4,0.6,0.3,1,0.4,
鳳山,2023/02/11 00:00:00,WS_HR,0.2,0.5,0.5,0.2,0.2,0.6,0.7,0.4,0.6,0.1,0.7,0.6,0.7,0.8,0.6,0.3,0.3,0.3,0.5,0.2,0.1,0.3,0.5,0.3,
鳳山,2023/02/12 00:00:00,AMB_TEMP,22.6,22.5,22.6,22.5,22.3,22,21.5,21.9,24,26.2,27.8,29.3,29.7,30.2,30,29.4,28.6,27.9,27.2,26.6,26.5,26.6,26.2,25.5,
鳳山,2023/02/12 00:00:00,CH4,2.3,2.31,2.3,2.31,2.26,2.34,2.41,2.34,2.23,2.18,2.06,2.05,1.97,1.95,1.95,1.96,1.96,1.96,1.99,1.99,2.01,2,1.99,2.02,
鳳山,2023/02/12 00:00:00,CO,0.6,0.6,0.48,0.45,0.4,0.46,0.55,0.59,0.53,0.47,0.42,0.46,0.34,0.27,0.27,0.31,0.31,0.38,0.41,0.41,0.55,0.4,0.32,0.23,
鳳山,2023/02/12 00:00:00,NMHC,0.25,0.3,0.23,0.22,0.11,0.18,0.27,0.17,0.13,0.08,0.06,0.09,0.04,0.02,0.03,0.03,0.03,0.06,0.08,0.1,0.19,0.13,0.1,0.04,
鳳山,2023/02/12 00:00:00,NO,1.6,2.5,1.5,1.4,1.3,1.5,1.9,2.7,3,2.5,2.3,2.3,2.5,2.8,3.1,3.1,2.7,2.8,2.8,2.5,4.5,3.4,2.5,1.4,
鳳山,2023/02/12 00:00:00,NO2,28.2,35.4,22.9,18.3,11.8,15.8,21.4,16.7,11,8.8,6.5,11,6.7,5.6,5.8,6.4,6.6,8.6,11.5,13.4,16,13.4,9.6,7.2,
鳳山,2023/02/12 00:00:00,NOx,29.8,37.9,24.4,19.7,13.1,17.3,23.4,19.5,14,11.3,8.8,13.3,9.2,8.4,9,9.6,9.3,11.5,14.4,15.9,20.6,16.9,12.2,8.6,
鳳山,2023/02/12 00:00:00,O3,11,6.5,13.8,16.6,23.7,11,5.3,13.2,25.5,38.6,46,52,35.7,28.7,26.6,25.6,22.5,18.9,14.5,11.6,9.3,10.7,13.2,14.6,
鳳山,2023/02/12 00:00:00,PM10,71,71,66,64,66,70,69,48,43,39,33,37,31,34,27,30,29,23,23,18,18,15,12,14,
鳳山,2023/02/12 00:00:00,PM2.5,41,40,41,37,40,39,42,39,27,25,17,19,7,6,6,10,11,9,10,12,7,8,5,5,
鳳山,2023/02/12 00:00:00,RAINFALL,0,0,0,0,0,0,0,0,0,0,0,0,0,0,0,0,0,0,0,0,0,0,0,0,
鳳山,2023/02/12 00:00:00,RH,84,84,84,83,83,84,87,84,70,61,53,50,51,50,50,54,58,58,63,68,67,66,69,74,
鳳山,2023/02/12 00:00:00,SO2,2.2,2.7,2.3,1.9,1.8,1.7,1.7,1.9,1.9,#,2.4,4.2,2.6,2.3,2.6,2.7,2.4,1.9,2.3,1.7,1.8,1.8,1.7,1.4,
鳳山,2023/02/12 00:00:00,THC,2.56,2.62,2.54,2.54,2.38,2.53,2.69,2.52,2.37,2.27,2.13,2.15,2.02,1.98,1.99,2,2,2.03,2.08,2.1,2.21,2.14,2.1,2.07,
鳳山,2023/02/12 00:00:00,WD_HR,268,268,315,285,127,15,87,95,112,124,144,137,150,188,186,187,134,185,135,110,235,219,89,85,
鳳山,2023/02/12 00:00:00,WIND_DIREC,266,268,307,276,103,75,96,75,92,157,146,109,144,197,240,135,151,155,141,88,227,72,260,104,
鳳山,2023/02/12 00:00:00,WIND_SPEED,0.8,0.5,0.6,0.4,0.3,0.3,0.4,0.5,0.5,0.9,0.8,1.3,2.3,2,1.7,1.8,1.4,1.2,1.2,0.8,1.1,0.7,0.4,0.7,
鳳山,2023/02/12 00:00:00,WS_HR,0.3,0.3,0.1,0.4,0.1,0.1,0.4,0.5,0.5,0.5,0.2,0.2,0.5,0.6,0.5,0.5,0.6,0.3,0.4,0.5,0.3,0.1,0.2,0.4,
鳳山,2023/02/13 00:00:00,AMB_TEMP,25,24.5,24.1,23.8,23,22.7,22.8,23.2,25.8,28.7,29.9,31.1,31.9,31.9,30.9,30.5,29.5,28.4,27.6,26.6,25.8,25.4,24.7,24.3,
鳳山,2023/02/13 00:00:00,CH4,2.23,2.59,2.59,2.45,2.17,2.13,2.11,2.1,2.04,1.98,1.94,1.96,1.99,1.97,1.96,1.97,1.97,1.98,2.03,2.03,2.02,2.03,2.05,2.06,
鳳山,2023/02/13 00:00:00,CO,0.26,0.39,0.32,0.28,0.2,0.2,0.29,0.52,0.44,0.3,0.27,0.36,0.39,0.38,0.36,0.46,0.55,0.71,0.91,0.6,0.48,0.45,0.33,0.31,
鳳山,2023/02/13 00:00:00,NMHC,0.11,0.18,0.22,0.19,0.06,0.05,0.08,0.12,0.12,0.09,0.06,0.1,0.12,0.09,0.08,0.13,0.53,0.28,0.26,0.16,0.13,0.14,0.09,0.07,
鳳山,2023/02/13 00:00:00,NO,1.3,1.9,1.8,1.5,1.4,1.1,1.3,5.1,7.2,5.2,3.5,4.1,2.8,4.1,4.1,4.9,6.1,6.4,5.3,2.8,2.9,3.2,2.6,2.2,
鳳山,2023/02/13 00:00:00,NO2,7.5,14.2,13.6,11.7,8.1,6.4,8.9,11.3,12.4,9.1,6.1,9.4,13.1,12.5,10,15.7,23.5,23.5,23,14.6,13.7,13.4,10.9,12.2,
鳳山,2023/02/13 00:00:00,NOx,8.9,16.1,15.4,13.3,9.5,7.6,10.2,16.4,19.6,14.4,9.6,13.6,15.9,16.7,14.1,20.6,29.6,29.9,28.4,17.4,16.7,16.6,13.6,14.5,
鳳山,2023/02/13 00:00:00,O3,9.8,3.4,3,3.3,6.3,8.5,7.5,6.3,10.9,18.1,26.3,35,49.5,37.6,30.7,31.1,27.3,18.3,20.5,36.8,23.5,17.4,16.6,12.9,
鳳山,2023/02/13 00:00:00,PM10,17,21,25,21,19,23,17,23,26,35,22,25,26,26,24,29,32,25,29,34,30,29,28,27,
鳳山,2023/02/13 00:00:00,PM2.5,5,9,12,10,9,11,10,11,9,7,4,5,5,6,8,7,11,7,14,22,14,14,19,16,
鳳山,2023/02/13 00:00:00,RAINFALL,0,0,0,0,0,0,0,0,0,0,0,0,0,0,0,0,0,0,0,0,0,0,0,0,
鳳山,2023/02/13 00:00:00,RH,78,81,82,84,85,83,81,80,66,53,50,47,46,46,51,53,58,63,70,81,82,84,83,84,
鳳山,2023/02/13 00:00:00,SO2,1.5,0.7,0.9,0.9,0.7,0.6,0.6,0.9,0.9,1.1,1.3,1.2,1.6,1.4,1,1.3,1.7,1.6,1.4,1.2,1,0.8,1,0.9,
鳳山,2023/02/13 00:00:00,THC,2.35,2.78,2.82,2.65,2.24,2.19,2.2,2.23,2.17,2.08,2.01,2.06,2.11,2.07,2.05,2.11,2.51,2.27,2.3,2.2,2.16,2.18,2.14,2.14,
鳳山,2023/02/13 00:00:00,WD_HR,72,79,76,98,91,93,95,95,98,101,192,242,279,257,267,265,227,275,294,272,275,279,278,276,
鳳山,2023/02/13 00:00:00,WIND_DIREC,339,72,61,95,91,91,91,103,95,63,194,102,290,251,293,267,247,290,284,277,268,283,287,283,
鳳山,2023/02/13 00:00:00,WIND_SPEED,0.3,0.3,0.3,0.7,1,0.8,1.1,1,1.1,0.6,1.2,0.9,1.4,1.7,1.5,1.3,1,0.9,0.9,1.5,1.3,1.3,1.3,1,
鳳山,2023/02/13 00:00:00,WS_HR,0.4,0.3,0.3,0.5,0.9,0.7,0.8,0.8,0.9,0.6,0.1,0.2,0.3,1.2,1.1,0.8,0.3,0.6,0.6,0.7,0.9,1,1,0.7,
鳳山,2023/02/14 00:00:00,AMB_TEMP,23.7,23.2,22.2,21.2,20.5,20,19.3,19,19.3,20,21.3,22.3,21.2,19.7,18.7,#,#,19.2,19.1,17.7,17.5,17.4,17.2,16.9,
鳳山,2023/02/14 00:00:00,CH4,2.09,2.14,2.21,2.25,2.26,2.25,2.23,2.2,2.18,2.17,2.17,2.18,2.19,2.19,2.16,2.17,#,2.17,2.18,2.17,2.17,2.14,2.16,2.17,
鳳山,2023/02/14 00:00:00,CO,0.29,0.32,0.36,0.41,0.5,0.56,0.62,0.86,0.82,0.74,0.76,0.92,0.84,0.71,0.63,0.63,#,0.76,0.91,0.71,0.6,0.54,0.47,0.42,
鳳山,2023/02/14 00:00:00,NMHC,0.08,0.07,0.12,0.11,0.15,0.15,0.12,0.2,0.23,0.25,0.3,0.37,0.31,0.33,0.26,0.28,#,0.26,0.33,0.27,0.27,0.25,0.23,0.23,
鳳山,2023/02/14 00:00:00,NO,1.7,1.4,1.3,0.7,0.9,1.8,2.5,10.4,11.7,13.9,14.1,14.8,9.4,12.4,8.8,9.1,#,#,11.6,6.4,5.1,4.5,3.1,2,
鳳山,2023/02/14 00:00:00,NO2,13,14.1,17.9,16.5,20.9,20.2,18.3,21.7,24.3,25.6,27.8,37.4,30.6,33.6,28.8,28.4,#,#,34.8,31.2,30.1,26.6,25.4,24.2,
鳳山,2023/02/14 00:00:00,NOx,14.8,15.6,19.3,17.2,21.8,22.1,20.9,32.2,36.1,39.5,42,52.3,40.1,46,37.6,37.5,#,#,46.5,37.6,35.3,31.1,28.6,26.3,
鳳山,2023/02/14 00:00:00,O3,9.1,7.8,3.5,6.2,3.6,7.3,10.7,9.3,9.3,11.9,14.1,14.3,12.7,8.4,#,#,8.9,6.3,2.4,5,4.4,4.6,5.5,6.4,
鳳山,2023/02/14 00:00:00,PM10,20,27,43,57,60,49,49,57,64,63,58,66,64,61,58,#,#,51,57,57,54,50,47,45,
鳳山,2023/02/14 00:00:00,PM2.5,13,15,28,41,45,33,25,23,28,24,23,26,24,27,#,#,26,24,27,25,30,29,24,27,
鳳山,2023/02/14 00:00:00,RAINFALL,0,0,0,0,0,0,0,0,0,0,0,0,0,0,0,#,#,0,0,0,0,0,0,0,
鳳山,2023/02/14 00:00:00,RH,85,86,89,89,86,81,79,77,73,69,63,60,61,65,70,#,#,74,72,72,71,73,71,70,
鳳山,2023/02/14 00:00:00,SO2,1.1,1.3,1.5,0.9,1.2,1.5,1.6,1.8,2.2,2.2,2.2,2.6,1.6,1.7,1.7,1.6,#,0.8,1.2,1.3,1.6,1.3,1.3,1.4,
鳳山,2023/02/14 00:00:00,THC,2.17,2.22,2.34,2.37,2.42,2.41,2.36,2.41,2.42,2.43,2.48,2.56,2.51,2.53,2.43,2.46,#,2.44,2.52,2.45,2.45,2.4,2.4,2.4,
鳳山,2023/02/14 00:00:00,WD_HR,273,280,277,275,271,275,277,276,277,279,271,267,281,275,279,#,#,114,282,275,284,263,280,271,
鳳山,2023/02/14 00:00:00,WIND_DIREC,276,268,280,274,275,280,273,280,275,281,264,276,272,276,281,#,#,282,284,274,83,271,293,269,
鳳山,2023/02/14 00:00:00,WIND_SPEED,1.2,1.2,1.2,1.5,1.4,1.3,2.1,1.8,1.8,1.6,0.8,1.3,0.9,2.1,1.4,#,#,0.9,1.2,1.3,1.1,1.1,1.1,1.2,
鳳山,2023/02/14 00:00:00,WS_HR,0.6,0.9,0.5,1.1,1.3,1.1,1.5,1.4,1.3,1.4,0.6,0.8,1.2,1,1.3,#,#,0.2,0.7,1.3,0.4,0.4,0.9,0.9,
鳳山,2023/02/15 00:00:00,AMB_TEMP,16.7,16.3,15.7,15.5,15.2,15.1,15.1,15.1,15.5,16.3,17,18.5,21.3,22.4,22.6,22.5,22,20.5,18.8,17.8,16.9,16.4,16.1,16,
鳳山,2023/02/15 00:00:00,CH4,2.14,2.14,2.14,2.14,2.12,2.11,2.11,2.11,2.11,2.12,2.11,2.1,2.11,2.1,2.1,2.09,2.1,2.1,2.1,2.11,2.12,2.12,2.15,2.15,
鳳山,2023/02/15 00:00:00,CO,0.37,0.34,0.32,0.29,0.25,0.28,0.38,0.62,0.6,0.53,0.57,0.54,0.58,0.49,0.53,0.56,0.65,0.7,0.68,0.62,0.55,0.53,0.5,0.44,
鳳山,2023/02/15 00:00:00,NMHC,0.2,0.19,0.15,0.11,0.1,0.1,0.13,0.21,0.21,0.23,0.27,0.26,0.23,0.17,0.17,0.21,0.23,0.25,0.24,0.23,0.19,0.21,0.24,0.22,
鳳山,2023/02/15 00:00:00,NO,1.3,0.7,0.6,0.4,0.2,0.7,3.5,7.7,22.2,14.7,18.5,13.6,11.8,6.2,4.1,4,4,3.9,3.9,3.5,2.9,2.9,2,1.2,
鳳山,2023/02/15 00:00:00,NO2,22.4,21.5,17.6,13.5,11.7,12.9,17.9,24.7,26.2,29.2,30.3,24.5,24.5,21.5,21.6,27,27.1,27.8,30.4,28.8,25.4,28.4,29.9,26.4,
鳳山,2023/02/15 00:00:00,NOx,23.7,22.2,18.2,14,11.9,13.6,21.5,32.5,48.4,43.9,48.9,38.2,36.3,27.7,25.7,31,31.2,31.8,34.3,32.3,28.4,31.3,32,27.7,
鳳山,2023/02/15 00:00:00,O3,6.6,7.6,11.8,17.2,21.7,20.3,15.7,10.9,10.2,9.5,10.4,17.6,23.7,35.2,41.9,40.3,37.8,31.5,21.5,19.8,20.1,14.1,10.6,12.1,
鳳山,2023/02/15 00:00:00,PM10,50,44,41,38,39,40,40,43,57,56,56,55,58,54,52,61,60,66,84,80,81,69,67,61,
鳳山,2023/02/15 00:00:00,PM2.5,23,22,25,24,17,17,18,15,21,23,22,23,21,26,28,29,24,27,29,30,29,28,26,31,
鳳山,2023/02/15 00:00:00,RAINFALL,0,0,0,0,0,0,0,0,0,0,0,0,0,0,0,0,0,0,0,0,0,0,0,0,
鳳山,2023/02/15 00:00:00,RH,71,72,75,74,71,70,69,67,64,62,57,52,46,45,45,45,45,48,50,52,55,57,58,59,
鳳山,2023/02/15 00:00:00,SO2,1.3,2.6,2.4,2.4,2.4,2.3,2.6,2.5,2.7,3,3.2,2.9,3.1,2.7,2.3,2.5,2.5,2.6,2.9,2.9,2.7,3.3,3.7,3.4,
鳳山,2023/02/15 00:00:00,THC,2.35,2.34,2.3,2.26,2.23,2.22,2.25,2.33,2.33,2.35,2.39,2.37,2.35,2.28,2.27,2.31,2.34,2.35,2.35,2.35,2.32,2.34,2.4,2.38,
鳳山,2023/02/15 00:00:00,WD_HR,270,281,278,274,275,273,277,272,276,278,280,276,275,278,281,278,280,274,267,278,276,277,291,98,
鳳山,2023/02/15 00:00:00,WIND_DIREC,266,278,283,267,272,275,281,280,274,282,284,271,283,282,279,266,273,271,246,281,269,282,269,278,
鳳山,2023/02/15 00:00:00,WIND_SPEED,0.8,1.1,2.1,1.7,1.8,1.6,1.7,1.5,1.3,1.2,1.9,1.8,1.1,1.5,1.4,1.5,1.6,1.8,1,1.5,1.2,1,0.7,0.8,
鳳山,2023/02/15 00:00:00,WS_HR,0.3,0.6,1.2,1.3,1.4,1.3,1.2,1.2,1,0.7,1.2,1.2,0.9,0.9,0.9,0.7,0.9,1,0.7,1.2,1.2,0.9,0.3,0.1,
鳳山,2023/02/16 00:00:00,AMB_TEMP,15.9,16.1,16.2,16.3,15.9,15.3,15.2,15.6,17.5,20.5,22.6,23.7,24,24.3,23.4,22.6,21.7,20.7,20.6,20.7,20.4,19.3,18.7,18.3,
鳳山,2023/02/16 00:00:00,CH4,2.14,2.16,2.19,2.21,2.18,2.18,2.2,2.21,2.17,2.14,2.09,2.1,2.08,2.05,2.05,2.03,2.03,2.03,2.05,2.06,2.06,2.11,2.13,2.16,
鳳山,2023/02/16 00:00:00,CO,0.38,0.37,0.36,0.4,0.35,0.35,0.48,0.76,0.58,0.68,0.65,0.7,0.59,0.47,0.49,0.54,0.6,0.78,0.74,0.69,0.51,0.53,0.47,0.42,
鳳山,2023/02/16 00:00:00,NMHC,0.19,0.22,0.27,0.3,0.24,0.2,0.28,0.36,0.26,0.32,0.23,0.23,0.17,0.11,0.11,0.17,0.17,0.21,0.19,0.18,0.16,0.2,0.21,0.26,
鳳山,2023/02/16 00:00:00,NO,0.7,1.2,0.6,0.7,1.1,1.6,6.3,24.3,15.1,14.4,8,5.7,3.4,2.4,1.5,2.1,2.9,3.5,2.1,2.2,1.5,2.2,1.5,1.4,
鳳山,2023/02/16 00:00:00,NO2,21.4,25.1,25.7,25.3,24.4,25.5,28.3,31.8,28.7,34.6,28.1,23.5,17.2,13.8,14.1,15.2,18.7,24.3,21.7,22.5,20.8,23.6,29.3,28.9,
鳳山,2023/02/16 00:00:00,NOx,22.1,26.4,26.4,26,25.5,27.2,34.7,56.1,43.8,49.1,36.1,29.3,20.7,16.2,15.6,17.3,21.6,27.9,23.8,24.7,22.4,25.9,30.8,30.3,
鳳山,2023/02/16 00:00:00,O3,12.2,9.6,7.9,6,6,5.9,3.2,3,11,19.3,35.3,44.2,53.5,57.2,71.3,56.1,50.3,43.7,43.4,41.6,38.1,25.7,18,14.2,
鳳山,2023/02/16 00:00:00,PM10,51,45,47,65,43,35,39,45,63,66,56,55,46,41,48,46,52,50,59,49,52,70,73,67,
鳳山,2023/02/16 00:00:00,PM2.5,26,27,27,51,29,19,21,24,27,29,23,20,19,18,21,15,17,21,22,19,16,23,25,24,
鳳山,2023/02/16 00:00:00,RAINFALL,0,0,0,0,0,0,0,0,0,0,0,0,0,0,0,0,0,0,0,0,0,0,0,0,
鳳山,2023/02/16 00:00:00,RH,58,58,59,59,61,62,63,63,58,51,46,42,44,45,49,54,57,61,62,62,62,60,63,66,
鳳山,2023/02/16 00:00:00,SO2,2.7,3.2,3.9,3.7,3.4,3.8,3.7,4,3.5,3.5,3.3,2.3,2,1.7,2.5,1.8,1.6,1.7,1.8,1.8,2.1,2.4,3.6,4.2,
鳳山,2023/02/16 00:00:00,THC,2.34,2.39,2.47,2.52,2.43,2.39,2.49,2.58,2.44,2.47,2.33,2.34,2.26,2.17,2.17,2.21,2.21,2.25,2.25,2.25,2.23,2.32,2.35,2.43,
鳳山,2023/02/16 00:00:00,WD_HR,282,283,282,282,278,288,283,268,92,302,287,291,289,280,263,282,282,279,283,285,253,282,291,276,
鳳山,2023/02/16 00:00:00,WIND_DIREC,293,280,286,276,284,285,284,86,89,294,285,302,296,263,284,283,272,277,282,294,142,284,291,284,
鳳山,2023/02/16 00:00:00,WIND_SPEED,1.1,1,1.2,1,1.5,1.1,0.9,0.8,0.9,1.4,1.2,1.6,1.6,1.4,1.4,1.4,1.5,1.2,1,0.8,0.5,1,0.8,1,
鳳山,2023/02/16 00:00:00,WS_HR,0.7,0.9,0.6,0.4,1.1,1.1,0.9,0.3,0.7,0.4,0.7,0.9,1.2,1.1,0.9,1.1,1.2,1,0.7,0.8,0.2,0.8,0.5,0.9,
鳳山,2023/02/17 00:00:00,AMB_TEMP,17.8,17.5,17.1,16.5,16,15.9,15.9,16.3,18.1,20.8,22.6,24.4,25.9,27,26.8,26.5,25.4,24.1,23.2,22.4,21.6,21,20.4,19.6,
鳳山,2023/02/17 00:00:00,CH4,2.16,2.17,2.17,2.13,2.12,2.14,2.18,2.14,2.1,2.08,2.07,2.08,2.06,2.06,2.05,2.05,2.05,2.05,2.07,2.09,2.12,2.15,2.21,2.24,
鳳山,2023/02/17 00:00:00,CO,0.36,0.33,0.32,0.29,0.28,0.32,0.49,0.72,0.55,0.56,0.57,0.69,0.53,0.53,0.52,0.56,0.62,0.77,0.78,0.73,0.71,0.73,0.68,0.54,
鳳山,2023/02/17 00:00:00,NMHC,0.2,0.2,0.17,0.09,0.08,0.07,0.2,0.24,0.18,0.23,0.22,0.25,0.17,0.18,0.2,0.21,0.2,0.25,0.25,0.25,0.26,0.31,0.35,0.28,
鳳山,2023/02/17 00:00:00,NO,0.7,1.1,1.1,0.9,0.8,1.3,6.4,13.5,8.2,8.8,7.7,5.8,4.1,3.1,2.9,3.2,3.7,4.2,4,2.8,2.8,3.5,3.4,1.1,
鳳山,2023/02/17 00:00:00,NO2,27.1,23.5,20.8,13,12.9,9.8,23.8,23.9,18.5,25.5,23.7,26.3,19,18.5,18.6,20.6,23.7,28,29.5,31,30.3,34.2,39,27.7,
鳳山,2023/02/17 00:00:00,NOx,27.8,24.7,22,14,13.7,11.1,30.2,37.4,26.8,34.3,31.4,32.1,23.1,21.6,21.6,23.8,27.4,32.2,33.5,33.8,33.2,37.7,42.4,28.9,
鳳山,2023/02/17 00:00:00,O3,14.3,14.3,14.7,20.6,19.1,20.3,7.9,10.6,23.2,27.3,35.4,45.8,53.4,59.3,59.7,57.8,50.2,37.5,31,29.1,24.7,16,8.5,11.6,
鳳山,2023/02/17 00:00:00,PM10,65,58,62,62,51,53,56,63,61,69,69,73,57,76,80,80,76,70,56,67,72,72,77,72,
鳳山,2023/02/17 00:00:00,PM2.5,25,26,25,22,22,27,25,27,23,30,30,35,23,23,23,30,22,25,16,30,34,37,39,40,
鳳山,2023/02/17 00:00:00,RAINFALL,0,0,0,0,0,0,0,0,0,0,0,0,0,0,0,0,0,0,0,0,0,0,0,0,
鳳山,2023/02/17 00:00:00,RH,68,70,73,77,82,84,85,83,73,60,52,45,39,41,44,42,44,45,46,50,55,59,64,70,
鳳山,2023/02/17 00:00:00,SO2,4.4,3.5,2.9,2.4,2,1.7,2.1,2.7,2.6,3,3.1,3.1,2.6,2.1,2.1,2.1,2.2,2.1,2.4,2.6,2.6,2.6,2.8,2.1,
鳳山,2023/02/17 00:00:00,THC,2.37,2.38,2.35,2.23,2.21,2.22,2.39,2.39,2.29,2.32,2.29,2.34,2.24,2.25,2.26,2.27,2.26,2.31,2.33,2.35,2.39,2.47,2.57,2.53,
鳳山,2023/02/17 00:00:00,WD_HR,272,279,273,219,270,270,280,274,261,271,275,277,272,279,287,278,275,280,263,271,273,271,31,83,
鳳山,2023/02/17 00:00:00,WIND_DIREC,289,266,265,224,336,182,275,285,92,271,281,279,283,274,291,277,270,283,212,276,240,239,86,88,
鳳山,2023/02/17 00:00:00,WIND_SPEED,0.7,1.4,0.9,1,0.8,0.7,1.1,1.6,1,1.6,1.8,1.5,1.7,1.6,1,2.1,1.5,1.4,0.7,0.9,0.5,0.5,0.4,0.4,
鳳山,2023/02/17 00:00:00,WS_HR,0.6,0.9,0.5,0.2,0.4,0.4,0.8,0.8,0.3,0.6,0.9,1,1.2,1.3,1.2,1.4,1.2,1.2,0.5,0.7,0.7,0.3,0,0.3,
鳳山,2023/02/18 00:00:00,AMB_TEMP,18.9,18.6,18.4,18.3,18.1,17.8,17.9,18.1,20.3,23.4,26.1,28,28.4,28.7,27.9,27,25.3,24.6,24,24.1,23.7,23.7,23.2,22.7,
鳳山,2023/02/18 00:00:00,CH4,2.27,2.33,2.38,2.46,2.45,2.45,2.39,2.36,2.23,2.19,2.1,2.1,2.08,2.11,2.13,2.07,2.03,2.03,2.04,2.04,2.03,2.05,2.13,2.24,
鳳山,2023/02/18 00:00:00,CO,0.52,0.47,0.44,0.43,0.43,0.46,0.65,0.79,0.74,0.72,0.63,0.77,0.65,0.6,0.66,0.58,0.52,0.73,0.8,0.65,0.51,0.47,0.52,0.63,
鳳山,2023/02/18 00:00:00,NMHC,0.29,0.28,0.22,0.27,0.35,0.4,0.42,0.39,0.26,0.26,0.23,0.27,0.21,0.2,0.2,0.18,0.17,0.2,0.22,0.2,0.18,0.2,0.24,0.32,
鳳山,2023/02/18 00:00:00,NO,1.1,1.1,1.3,1.6,2.1,5.4,14.7,18,13.4,10.1,5.4,5,4,3.1,3,2.8,2.8,3.6,3.2,2.7,2.2,1.3,1.4,1.8,
鳳山,2023/02/18 00:00:00,NO2,26.1,22.9,18.3,18.7,24.4,26,29.6,26.9,25,29.8,26.5,25.3,18.3,20.2,24,20.9,20.2,27.9,25.6,28.7,26.6,19,21.9,26.8,
鳳山,2023/02/18 00:00:00,NOx,27.2,24.1,19.6,20.4,26.6,31.4,44.3,45,38.4,40,31.9,30.3,22.3,23.3,27.1,23.8,23,31.6,28.9,31.4,28.9,20.4,23.3,28.7,
鳳山,2023/02/18 00:00:00,O3,8.1,7.5,11.3,6.7,2.2,1,0.5,3.1,15.1,26.2,49.9,59.2,63.5,75.8,76.3,70.9,56,37.6,34.9,31,30.6,33.1,24.5,14.9,
鳳山,2023/02/18 00:00:00,PM10,76,71,65,62,61,62,66,62,59,67,62,57,52,61,73,57,41,38,40,39,35,35,35,39,
鳳山,2023/02/18 00:00:00,PM2.5,39,42,41,37,37,31,42,38,32,41,27,30,23,36,47,35,18,19,19,18,18,11,16,24,
鳳山,2023/02/18 00:00:00,RAINFALL,0,0,0,0,0,0,0,0,0,0,0,0,0,0,0,0,0,0,0,0,0,0,0,0,
鳳山,2023/02/18 00:00:00,RH,74,76,76,79,81,82,82,81,67,53,42,36,35,36,43,49,55,59,65,67,73,73,75,77,
鳳山,2023/02/18 00:00:00,SO2,1.7,1.7,1.6,1.5,1.7,1.7,1.9,2.2,2.2,2.5,2.5,2.7,1.9,2.2,2.3,2.4,2.6,2.1,2,2.2,2.3,2.4,2.1,2.2,
鳳山,2023/02/18 00:00:00,THC,2.57,2.62,2.6,2.74,2.81,2.86,2.82,2.76,2.5,2.46,2.34,2.38,2.3,2.32,2.34,2.26,2.21,2.24,2.27,2.25,2.22,2.26,2.38,2.57,
鳳山,2023/02/18 00:00:00,WD_HR,96,77,85,60,80,57,279,82,96,57,290,278,283,301,288,277,255,276,263,277,44,357,83,33,
鳳山,2023/02/18 00:00:00,WIND_DIREC,100,86,96,58,94,25,73,92,95,127,308,323,276,352,281,293,286,272,185,300,64,14,97,75,
鳳山,2023/02/18 00:00:00,WIND_SPEED,0.4,0.4,0.6,0.3,0.5,0.3,0.3,0.7,0.8,0.7,1.3,1.1,1.4,1.1,1.6,1.1,1.2,1.1,0.4,0.7,0.5,0.3,0.3,0.3,
鳳山,2023/02/18 00:00:00,WS_HR,0.4,0.3,0.4,0.2,0.3,0.2,0.4,0.3,0.6,0.2,0.5,0.7,1.2,0.8,1,0.7,0.5,0.7,0.5,0.5,0.1,0.1,0.3,0.2,
鳳山,2023/02/19 00:00:00,AMB_TEMP,22.2,21.6,21.3,21,20.3,20.2,20,21,23.4,25.3,26.5,27,27.3,27.9,28,26.6,25.4,24.3,23.2,22.6,22.1,21.2,20.2,20.2,
鳳山,2023/02/19 00:00:00,CH4,2.45,2.42,2.66,2.57,2.37,2.36,2.47,2.37,2.19,2.17,2.16,2.15,2.12,2.08,2.06,2.03,2.03,2.11,2.19,2.22,2.25,2.26,2.25,2.28,
鳳山,2023/02/19 00:00:00,CO,0.69,0.53,0.54,0.52,0.46,0.51,0.64,0.72,0.74,0.7,0.61,0.6,0.58,0.43,0.5,0.46,0.6,1.05,1.51,1.08,1.08,0.88,0.76,0.74,
鳳山,2023/02/19 00:00:00,NMHC,0.38,0.23,0.26,0.23,0.16,0.22,0.36,0.35,0.29,0.29,0.21,0.2,0.15,0.1,0.12,0.09,0.13,0.24,0.35,0.24,0.26,0.19,0.19,0.22,
鳳山,2023/02/19 00:00:00,NO,1.6,0.5,0.4,0.4,0.1,0,0.4,1.4,2.6,3.8,2.6,2.8,2.3,2.1,1.6,1.4,1.7,2,2.8,1.2,1.8,1.6,1.4,1,
鳳山,2023/02/19 00:00:00,NO2,29.7,18.5,18.7,17.6,12.8,12.8,17.8,20.6,22.5,21.3,16.3,15.4,15.4,11.6,11.7,11.9,15.7,22.2,30.5,25.6,28.7,21.4,21.9,22.6,
鳳山,2023/02/19 00:00:00,NOx,31.4,19,19.1,18.1,13,12.8,18.3,22.1,25.2,25.2,18.9,18.2,17.8,13.7,13.3,13.3,17.5,24.3,33.4,26.9,30.5,23,23.4,23.6,
鳳山,2023/02/19 00:00:00,O3,8.6,17.3,15.3,15.2,19.2,22.3,11.6,21.5,36.9,43.7,49.6,49.2,48.7,56.2,56.8,48.6,41.5,44.7,40.1,37.5,30.6,32.2,26.9,22.1,
鳳山,2023/02/19 00:00:00,PM10,48,59,54,59,56,50,45,56,50,55,54,47,48,39,49,58,71,88,113,115,111,139,113,101,
鳳山,2023/02/19 00:00:00,PM2.5,24,39,32,37,31,30,33,36,29,26,26,23,26,21,16,21,23,46,60,62,64,72,57,59,
鳳山,2023/02/19 00:00:00,RAINFALL,0,0,0,0,0,0,0,0,0,0,0,0,0,0,0,0,0,0,0,0,0,0,0,0,
鳳山,2023/02/19 00:00:00,RH,79,77,77,78,79,77,80,72,58,49,44,41,40,40,49,57,62,66,71,73,73,73,72,71,
鳳山,2023/02/19 00:00:00,SO2,2.5,1.8,1.5,1.4,1.3,1.3,1.3,1.6,2.8,3.9,3.2,2.6,2.3,2,2.1,2,1.7,2.2,2.1,1.8,1.8,2.1,2.6,3,
鳳山,2023/02/19 00:00:00,THC,2.84,2.66,2.93,2.8,2.54,2.59,2.84,2.73,2.49,2.47,2.38,2.35,2.27,2.19,2.19,2.13,2.17,2.36,2.55,2.47,2.52,2.46,2.45,2.51,
鳳山,2023/02/19 00:00:00,WD_HR,86,93,73,95,92,77,74,91,351,280,276,272,283,270,281,287,271,281,276,287,279,279,281,277,
鳳山,2023/02/19 00:00:00,WIND_DIREC,91,77,81,93,73,94,69,350,292,313,281,260,284,327,302,286,284,281,286,276,278,274,284,287,
鳳山,2023/02/19 00:00:00,WIND_SPEED,0.6,0.4,0.3,0.9,0.3,0.4,0.3,0.6,1.2,1.5,1.8,1.7,1.4,1.4,1.6,1.3,1.2,1.3,1,0.9,1.2,1.5,1.4,1.1,
鳳山,2023/02/19 00:00:00,WS_HR,0.4,0.5,0.3,0.7,0.7,0.3,0.3,0.4,0.2,0.9,0.6,0.9,0.6,0.3,1,1,0.9,1,0.9,0.6,0.7,1.1,1.4,0.9,
鳳山,2023/02/20 00:00:00,AMB_TEMP,20,19.6,19.1,18.6,18.2,18.2,18.2,18.4,19.2,21.3,23.8,25.2,25.2,25.2,25.7,25.5,24.3,23.3,22.4,21.3,20.2,19.4,18.9,18.3,
鳳山,2023/02/20 00:00:00,CH4,2.26,2.26,2.28,2.31,2.27,2.27,2.29,2.31,2.32,2.31,2.28,2.21,2.18,2.18,2.17,2.14,2.12,2.12,2.12,2.12,2.12,2.13,2.14,2.14,
鳳山,2023/02/20 00:00:00,CO,0.72,0.63,0.62,0.62,0.63,0.65,0.75,1.02,1.09,1.12,1.26,1.06,0.79,0.7,0.72,0.77,0.86,0.95,0.84,0.66,0.56,0.52,0.47,0.41,
鳳山,2023/02/20 00:00:00,NMHC,0.19,0.13,0.25,0.27,0.2,0.23,0.26,0.34,0.33,0.37,0.36,0.25,0.17,0.15,0.17,0.19,0.23,0.3,0.3,0.26,0.23,0.21,0.18,0.15,
鳳山,2023/02/20 00:00:00,NO,0.8,0.8,0.9,0.7,0.8,1.2,3.2,11.1,10.4,13.1,10.2,4,2.4,1.7,1.3,2.9,3.7,2.5,3.5,3.6,3.7,2.7,1.8,1.2,
鳳山,2023/02/20 00:00:00,NO2,23.8,16.5,18.7,20.7,18.3,19.3,22.1,28.7,29.8,35.3,38,28.6,20.2,16.3,18.5,20.3,26.9,28.7,31.3,28.7,26.5,23.2,22.7,21,
鳳山,2023/02/20 00:00:00,NOx,24.7,17.3,19.6,21.5,19.1,20.6,25.3,39.8,40.2,48.4,48.2,32.7,22.7,18,19.9,23.2,30.6,31.3,34.8,32.3,30.2,25.9,24.5,22.2,
鳳山,2023/02/20 00:00:00,O3,20.3,24.3,19.8,16.9,18.9,15.6,12.2,9.3,15.3,19.5,34.7,52.8,58.9,67.6,75.1,67.1,54.5,48.6,36.2,29.4,26.2,23.7,21.8,19.5,
鳳山,2023/02/20 00:00:00,PM10,88,71,72,76,75,65,68,72,72,84,89,84,69,67,79,95,105,117,127,125,121,98,93,77,
鳳山,2023/02/20 00:00:00,PM2.5,50,46,48,54,57,51,52,55,51,60,56,51,38,42,42,32,34,35,32,31,35,28,25,28,
鳳山,2023/02/20 00:00:00,RAINFALL,0,0,0,0,0,0,0,0,0,0,0,0,0,0,0,0,0,0,0,0,0,0,0,0,
鳳山,2023/02/20 00:00:00,RH,71,71,73,75,77,78,78,77,73,65,56,53,54,52,48,49,53,52,51,54,56,59,60,62,
鳳山,2023/02/20 00:00:00,SO2,3.2,3.2,3.4,3.6,3.9,3.9,3.7,3.4,3.8,4.8,7,5.4,3.7,2.8,3,2.8,2.5,2.7,3,2.8,2.5,2.8,3.3,3.6,
鳳山,2023/02/20 00:00:00,THC,2.46,2.4,2.54,2.58,2.48,2.51,2.56,2.65,2.66,2.69,2.65,2.47,2.36,2.33,2.35,2.34,2.36,2.43,2.43,2.39,2.36,2.35,2.32,2.3,
鳳山,2023/02/20 00:00:00,WD_HR,282,284,279,285,278,282,284,277,283,284,296,264,268,262,283,277,286,276,279,279,273,274,283,279,
鳳山,2023/02/20 00:00:00,WIND_DIREC,274,283,273,278,284,283,281,282,275,297,244,238,262,279,262,258,273,265,273,279,265,280,277,280,
鳳山,2023/02/20 00:00:00,WIND_SPEED,1,1.2,1.2,1.6,1.3,1.2,1,1.5,1,1,1.1,1.1,1.2,1.3,1.3,1.3,1,1,1.5,1.4,1.4,1.1,1.3,1.4,
鳳山,2023/02/20 00:00:00,WS_HR,0.7,0.9,1.1,0.9,1,0.8,1.1,1.1,0.9,0.7,0.3,0.4,0.7,0.7,0.5,1,0.7,0.8,0.6,1,1,1.1,1.1,1.1,
鳳山,2023/02/21 00:00:00,AMB_TEMP,18,18,18.2,18.1,17.8,17.7,17.6,17.9,19,21.7,23.9,24.5,25.4,24.8,24.2,23.6,23.4,22.4,20.6,18.8,17.8,16.9,16.4,16,
鳳山,2023/02/21 00:00:00,CH4,2.14,2.16,2.18,2.19,2.17,2.19,2.18,2.19,2.21,2.2,2.14,2.12,2.07,2.04,2.05,2.04,2.05,2.09,2.09,2.09,2.1,2.09,2.1,2.11,
鳳山,2023/02/21 00:00:00,CO,0.43,0.41,0.42,0.42,0.4,0.4,0.45,0.64,0.76,0.91,0.82,0.72,0.53,0.41,0.45,0.5,0.58,0.84,0.7,0.61,0.6,0.48,0.41,0.35,
鳳山,2023/02/21 00:00:00,NMHC,0.16,0.16,0.16,0.23,0.18,0.18,0.18,0.2,0.28,0.36,0.27,0.25,0.14,0.09,0.11,0.13,0.14,0.26,0.25,0.24,0.24,0.2,0.19,0.18,
鳳山,2023/02/21 00:00:00,NO,1,0.6,0.8,0.8,1.2,1.8,3,6.4,14.4,18.7,8.9,6.5,3.4,2.1,2.1,2.4,2.4,3.4,4.4,4.3,3.8,3.5,2.4,2.1,
鳳山,2023/02/21 00:00:00,NO2,20.4,20.5,22.4,24.5,22.1,22.9,22.3,22.3,28.1,36.9,30.6,26.3,16.1,12.8,14,16.5,19.4,28.2,29.2,25.7,24.1,21.5,21.6,20.9,
鳳山,2023/02/21 00:00:00,NOx,21.5,21.1,23.2,25.4,23.3,24.7,25.3,28.8,42.5,55.6,39.5,32.9,19.6,14.9,16.1,18.9,21.8,31.7,33.7,30,28,25,24,23,
鳳山,2023/02/21 00:00:00,O3,17,15.7,13.9,10.2,12.4,9.3,8.3,8.6,9.3,17.4,35.4,43.8,56.7,57.1,54.8,53.4,53.9,41.7,28.7,21.2,19.2,17.5,16.2,15.3,
鳳山,2023/02/21 00:00:00,PM10,70,69,69,68,64,61,53,62,100,81,68,73,49,47,49,54,59,87,106,94,89,70,56,40,
鳳山,2023/02/21 00:00:00,PM2.5,30,27,28,28,28,24,24,26,21,32,29,26,17,18,21,15,17,27,28,24,34,25,22,17,
鳳山,2023/02/21 00:00:00,RAINFALL,0,0,0,0,0,0,0,0,0,0,0,0,0,0,0,0,0,0,0,0,0,0,0,0,
鳳山,2023/02/21 00:00:00,RH,62,62,61,62,63,64,64,62,61,52,45,44,41,44,46,49,50,51,52,57,59,61,63,64,
鳳山,2023/02/21 00:00:00,SO2,3.8,3.3,3.1,3.9,3.6,3.1,2.6,2.5,3,4.8,4.3,3.3,2.7,2,1.7,2.1,1.9,1.7,2.6,2.8,2.6,2.4,2.5,2.8,
鳳山,2023/02/21 00:00:00,THC,2.31,2.33,2.35,2.43,2.36,2.38,2.37,2.4,2.5,2.56,2.42,2.38,2.22,2.14,2.17,2.18,2.2,2.35,2.35,2.34,2.35,2.3,2.3,2.3,
鳳山,2023/02/21 00:00:00,WD_HR,282,287,289,281,284,275,158,90,299,304,285,277,281,246,258,281,269,284,276,277,275,278,274,281,
鳳山,2023/02/21 00:00:00,WIND_DIREC,283,294,290,268,292,96,106,3,303,310,264,276,262,232,273,296,301,285,271,281,274,280,283,273,
鳳山,2023/02/21 00:00:00,WIND_SPEED,0.9,1,1.1,1.3,1,0.6,0.6,0.5,0.9,0.9,1.3,1.5,1.2,1.3,1.2,1.1,1,1.6,1.5,1.5,1.3,1.1,1.5,1.4,
鳳山,2023/02/21 00:00:00,WS_HR,0.9,0.8,0.7,0.7,1,0.7,0,0.1,0.3,0.4,0.6,1,0.9,0.8,0.7,0.9,0.6,0.8,1,1.2,1.2,1,1,1.2,
鳳山,2023/02/22 00:00:00,AMB_TEMP,15.7,15.4,15.3,15.4,15.8,15.8,15.6,15.9,17.6,19.4,21.2,23.1,23.9,23.5,22.8,22.2,21.2,20.1,18.8,17.8,17.2,16.8,16.5,16.4,
鳳山,2023/02/22 00:00:00,CH4,2.12,2.14,2.17,2.13,2.14,2.15,2.17,2.16,2.18,2.15,2.1,2.1,2.08,2.05,2.04,2.04,2.04,2.06,2.06,2.07,2.08,2.08,2.08,2.1,
鳳山,2023/02/22 00:00:00,CO,0.33,0.3,0.3,0.26,0.28,0.31,0.42,0.62,0.67,0.55,0.52,0.61,0.53,0.44,0.44,0.46,0.55,0.73,0.59,0.48,0.45,0.43,0.4,0.33,
鳳山,2023/02/22 00:00:00,NMHC,0.18,0.17,0.17,0.12,0.16,0.15,0.2,0.25,0.27,0.24,0.18,0.21,0.15,0.11,0.1,0.11,0.15,0.2,0.17,0.14,0.12,0.12,0.13,0.1,
鳳山,2023/02/22 00:00:00,NO,1.6,1.3,1.4,0.7,1.6,2.1,4.8,13.7,15.7,14.8,8.3,6.7,4.7,3.6,3.8,3.9,4.3,5.1,3.3,3.4,3,2.8,2.6,1.8,
鳳山,2023/02/22 00:00:00,NO2,20.8,19.3,18.9,17.8,18.8,19.2,22.8,25.2,26.7,26.9,21.8,21.5,17.4,13.3,15.2,15,18.4,22.5,19.3,16.9,17.8,15.4,15.4,12.4,
鳳山,2023/02/22 00:00:00,NOx,22.4,20.6,20.4,18.5,20.4,21.3,27.6,38.9,42.5,41.8,30.1,28.3,22.1,17,19,19,22.8,27.6,22.6,20.3,20.9,18.3,18,14.2,
鳳山,2023/02/22 00:00:00,O3,14.1,12.9,11.7,12.8,10.6,10,6.7,7.4,13.2,19.8,31.4,39.2,47.9,50,50.2,49.2,42.7,36,31,28.5,26.4,24.1,23.2,25.5,
鳳山,2023/02/22 00:00:00,PM10,34,29,28,24,27,26,27,37,47,49,57,53,54,79,84,87,86,70,63,66,61,53,46,53,
鳳山,2023/02/22 00:00:00,PM2.5,16,14,12,15,8,8,10,12,20,21,27,17,21,24,28,19,21,20,25,30,30,31,26,29,
鳳山,2023/02/22 00:00:00,RAINFALL,0,0,0,0,0,0,0,0,0,0,0,0,0,0,0,0,0,0,0,0,0,0,0,0,
鳳山,2023/02/22 00:00:00,RH,66,68,70,70,70,70,71,70,63,57,51,47,47,51,53,55,58,61,67,71,75,81,84,84,
鳳山,2023/02/22 00:00:00,SO2,2.8,2.4,2.3,1.9,1.8,1.7,2.1,2.4,2.7,2.7,1.9,1.8,1.6,1.7,1.6,1.7,1.7,1.3,1.2,0.9,0.8,0.9,1.1,0.9,
鳳山,2023/02/22 00:00:00,THC,2.31,2.32,2.35,2.26,2.31,2.3,2.37,2.42,2.46,2.39,2.29,2.32,2.24,2.17,2.15,2.16,2.2,2.27,2.24,2.22,2.21,2.21,2.22,2.2,
鳳山,2023/02/22 00:00:00,WD_HR,273,274,277,273,266,280,284,275,276,282,274,277,279,282,276,279,273,277,274,280,274,275,276,275,
鳳山,2023/02/22 00:00:00,WIND_DIREC,269,276,267,265,270,292,285,277,272,260,276,261,281,280,284,279,269,278,268,282,279,269,277,278,
鳳山,2023/02/22 00:00:00,WIND_SPEED,1.5,1.5,1.1,1,1,1,0.9,1.6,1.7,1.1,0.9,1.4,2.1,1.9,2.1,1.8,1.2,1.4,1.8,2.2,1.5,1.2,1.6,1.2,
鳳山,2023/02/22 00:00:00,WS_HR,1.2,0.9,0.8,0.3,0.4,0.4,1,1,1,1.3,0.7,0.8,1.3,1.5,1.6,1.3,1.2,0.9,1.2,1.7,0.9,0.8,1.2,1.1,
鳳山,2023/02/23 00:00:00,AMB_TEMP,16.6,16.4,16.3,16.3,16.3,16.4,16.4,16.8,17.7,19.6,22,24,25.6,25.9,25.8,25.3,24.6,23,22.3,22,21.2,19.9,18.9,18.2,
鳳山,2023/02/23 00:00:00,CH4,2.09,2.09,2.1,2.07,2.07,2.1,2.11,2.1,2.12,2.1,2.12,2.14,2.13,2.08,2.07,2.06,2.06,2.07,2.11,2.13,2.15,2.16,2.16,2.18,
鳳山,2023/02/23 00:00:00,CO,0.29,0.27,0.27,0.25,0.24,0.29,0.38,0.62,0.65,0.48,0.46,0.6,0.54,0.48,0.49,0.55,0.71,1,1.12,0.78,0.62,0.58,0.42,0.4,
鳳山,2023/02/23 00:00:00,NMHC,0.07,0.08,0.07,0.07,0.05,0.14,0.16,0.18,0.21,0.2,0.21,0.25,0.19,0.14,0.13,0.17,0.22,0.29,0.37,0.29,0.25,0.25,0.19,0.19,
鳳山,2023/02/23 00:00:00,NO,1.3,0.2,0.1,0,0,0.4,0.9,4.9,8.1,7.3,5.4,5.6,3.5,2.8,2.6,3.4,4.9,4,4.9,3.3,3.1,2.7,1.8,1.3,
鳳山,2023/02/23 00:00:00,NO2,11.3,11.3,11.4,9.7,8.5,11.8,17.2,21.2,20.2,19.8,21.4,23.7,21.5,17,17,19.5,27.8,30.3,37.5,35.7,32.1,28.2,23.9,22.6,
鳳山,2023/02/23 00:00:00,NOx,12.6,11.5,11.5,9.7,8.4,12.3,18.2,26.1,28.3,27.2,26.9,29.4,25.1,19.8,19.6,22.9,32.8,34.3,42.5,39,35.3,31,25.7,23.9,
鳳山,2023/02/23 00:00:00,O3,29.4,29.8,26.4,34.1,35.3,27,22.7,20.2,20.6,28.1,33.8,40.6,51,49.3,46.7,42.8,35.8,30.8,19.2,17.1,15.8,12.5,11.5,9.4,
鳳山,2023/02/23 00:00:00,PM10,51,50,54,43,37,40,48,50,56,58,52,66,66,#,#,69,68,68,67,66,66,65,66,74,
鳳山,2023/02/23 00:00:00,PM2.5,30,28,34,28,24,27,27,24,36,35,34,31,#,#,29,25,26,25,26,32,33,33,37,47,
鳳山,2023/02/23 00:00:00,RAINFALL,0,0,0,0,0,0,0,0,0,0,0,0,0,0,0,0,0,0,0,0,0,0,0,0,
鳳山,2023/02/23 00:00:00,RH,84,85,86,85,85,85,86,84,79,68,58,49,46,50,52,55,59,67,71,69,70,78,85,89,
鳳山,2023/02/23 00:00:00,SO2,0.8,0.8,0.7,0.9,1,1.1,1.2,1.3,1.5,1.5,2,2,2,1.6,1.6,1.4,1.4,1.4,1.5,1.7,2.4,2.1,2.3,2.2,
鳳山,2023/02/23 00:00:00,THC,2.17,2.18,2.18,2.15,2.13,2.24,2.28,2.29,2.34,2.3,2.34,2.4,2.33,2.23,2.2,2.24,2.29,2.37,2.49,2.43,2.41,2.41,2.36,2.38,
鳳山,2023/02/23 00:00:00,WD_HR,281,278,279,268,239,231,293,161,264,268,253,278,279,280,282,282,284,279,265,267,280,266,275,277,
鳳山,2023/02/23 00:00:00,WIND_DIREC,282,282,285,243,237,245,96,153,243,311,260,293,265,282,276,293,284,278,250,80,264,275,283,286,
鳳山,2023/02/23 00:00:00,WIND_SPEED,1.5,1.6,1.4,1.1,0.8,0.7,0.3,1.1,1,1,1.5,1.7,1.5,1.9,1.6,1.4,1.2,1.2,0.9,0.6,1.1,1.3,1.3,1.2,
鳳山,2023/02/23 00:00:00,WS_HR,1.2,1.1,1.1,0.6,0.2,0.1,0,0.1,0.4,0.2,0.2,0.8,1,1.3,1.2,1.2,1,1,0.7,0.2,0.4,1.1,0.9,1.1,
鳳山,2023/02/24 00:00:00,AMB_TEMP,17.9,17.8,17.8,17.8,17.8,17.9,17.9,18.3,19.6,20.8,22.8,24.5,26.1,26.5,26.2,25.9,25.5,23.6,21.8,20.3,19.1,18.2,17.7,17.4,
鳳山,2023/02/24 00:00:00,CH4,2.15,2.15,2.14,2.14,2.13,2.14,2.14,2.14,2.15,2.13,2.13,2.13,2.12,2.1,2.08,2.08,2.09,2.09,2.1,2.11,2.11,2.11,2.11,2.12,
鳳山,2023/02/24 00:00:00,CO,0.39,0.37,0.33,0.31,0.3,0.32,0.43,0.7,0.67,0.55,0.61,0.64,0.62,0.54,0.56,0.65,0.77,0.78,0.79,0.69,0.59,0.51,0.47,0.36,
鳳山,2023/02/24 00:00:00,NMHC,0.15,0.13,0.11,0.13,0.1,0.11,0.13,0.2,0.22,0.2,0.21,0.22,0.21,0.15,0.16,0.21,0.27,0.24,0.24,0.22,0.2,0.17,0.17,0.13,
鳳山,2023/02/24 00:00:00,NO,0.7,0.8,0.9,0.5,0.7,1.4,3.3,11.2,14.9,13.9,12.1,10.1,7.7,4.8,6.8,10.8,6.6,7.3,6.7,6.5,4.2,3.5,3.6,1.7,
鳳山,2023/02/24 00:00:00,NO2,18.1,14.7,13.9,14.2,11.8,12.7,14.5,18.3,18.2,17.9,20.8,22.3,23.7,19.6,21.7,26.5,29.4,30.2,30.2,26.3,25.4,21.4,19.7,17.1,
鳳山,2023/02/24 00:00:00,NOx,18.8,15.6,14.8,14.8,12.5,14.1,17.9,29.5,33.2,31.8,32.9,32.5,31.4,24.4,28.5,37.3,36,37.5,36.9,32.8,29.7,24.9,23.3,18.9,
鳳山,2023/02/24 00:00:00,O3,11.5,12.1,13,11.5,13.7,11.4,9.1,7.8,9.8,13.9,19,25,33.6,39.8,36.6,34.8,35.1,27.5,21.2,17.3,14,16.1,16.5,19,
鳳山,2023/02/24 00:00:00,PM10,81,84,75,73,74,66,63,61,62,55,58,57,56,56,69,70,80,86,79,70,58,48,40,42,
鳳山,2023/02/24 00:00:00,PM2.5,55,57,52,50,45,50,44,44,43,39,31,33,34,29,30,27,30,27,29,26,24,21,24,25,
鳳山,2023/02/24 00:00:00,RAINFALL,0,0,0,0,0,0,0,0,0,0,0,0,0,0,0,0,0,0,0,0,0,0,0,0,
鳳山,2023/02/24 00:00:00,RH,91,92,93,93,93,93,92,90,84,77,66,57,52,52,53,54,55,58,64,69,74,77,77,76,
鳳山,2023/02/24 00:00:00,SO2,1.6,1.6,1.5,1.5,1.4,1.4,1.6,1.5,1.9,2,2.3,2.2,1.9,2,2,1.8,1.8,1.9,1.9,2.3,2.4,2.1,2,1.9,
鳳山,2023/02/24 00:00:00,THC,2.31,2.29,2.26,2.28,2.24,2.26,2.28,2.35,2.38,2.34,2.35,2.36,2.34,2.26,2.25,2.3,2.37,2.34,2.35,2.33,2.32,2.29,2.29,2.26,
鳳山,2023/02/24 00:00:00,WD_HR,276,280,274,275,277,279,276,276,282,281,277,275,283,286,279,285,283,275,271,278,273,269,273,279,
鳳山,2023/02/24 00:00:00,WIND_DIREC,270,272,285,280,278,283,278,272,256,284,272,262,295,285,274,292,268,286,262,273,280,265,262,285,
鳳山,2023/02/24 00:00:00,WIND_SPEED,0.7,1.2,1.1,1.8,1.1,1.3,1.4,1.7,1.1,1.7,1.9,1.4,1.8,1.7,1.6,1.2,1.4,1.8,1.3,1.4,1.8,1.5,1.1,2.2,
鳳山,2023/02/24 00:00:00,WS_HR,0.8,1.1,0.8,0.9,1.1,1,1,1.1,0.7,1.2,1,0.9,1.2,1.2,1.3,1.1,1,1,1.1,1.4,1.1,1,0.9,0.9,
鳳山,2023/02/25 00:00:00,AMB_TEMP,17.1,16.8,16.7,16.7,16.7,16.8,16.8,17.1,18.5,19.6,20.8,22.2,22.6,22.9,23.1,23.3,23.2,21.6,20.1,19.1,18.7,18.2,17.7,17.2,
鳳山,2023/02/25 00:00:00,CH4,2.12,2.13,2.12,2.11,2.12,2.13,2.13,2.15,2.16,2.15,2.14,2.13,2.11,2.1,2.1,2.09,2.12,2.14,2.14,2.14,2.16,2.16,2.17,2.18,
鳳山,2023/02/25 00:00:00,CO,0.33,0.3,0.28,0.27,0.29,0.33,0.42,0.6,0.63,0.64,0.68,0.65,0.6,0.55,0.57,0.53,0.66,0.75,0.7,0.64,0.65,0.59,0.59,0.51,
鳳山,2023/02/25 00:00:00,NMHC,0.1,0.09,0.08,0.1,0.11,0.11,0.13,0.19,0.21,0.24,0.22,0.17,0.13,0.12,0.15,0.13,0.17,0.18,0.16,0.14,0.16,0.13,0.15,0.12,
鳳山,2023/02/25 00:00:00,NO,1.1,0.6,0.6,1.1,1,1.4,2.1,4.8,9.7,10,8.5,6.5,4.1,3.2,2.7,2.4,2.8,3.5,3.5,2.9,2.6,2.4,2.4,1.7,
鳳山,2023/02/25 00:00:00,NO2,15.1,14.6,13,13,14,14.3,16.7,22.1,24.9,24.9,23,18.7,17.6,17.9,18.2,18.2,22.1,24.8,21.7,20.9,24,21.5,21.6,19,
鳳山,2023/02/25 00:00:00,NOx,16.2,15.3,13.6,14.1,15,15.7,18.8,26.9,34.7,35,31.6,25.2,21.7,21.1,20.9,20.6,24.9,28.4,25.2,23.8,26.6,24,24.1,20.7,
鳳山,2023/02/25 00:00:00,O3,21.5,21.9,23.1,20.8,19.6,19.3,18.6,15.2,14.2,18.7,23.9,34.2,44.6,47.3,48.6,51.4,52.7,47.4,40.1,33.8,26.9,26.3,24.1,25.4,
鳳山,2023/02/25 00:00:00,PM10,34,29,27,25,27,22,32,32,44,50,59,59,63,59,62,60,75,123,114,91,86,71,68,58,
鳳山,2023/02/25 00:00:00,PM2.5,22,17,14,14,13,12,17,19,25,29,29,26,30,31,33,30,34,38,34,30,28,31,28,27,
鳳山,2023/02/25 00:00:00,RAINFALL,0,0,0,0,0,0,0,0,0,0,0,0,0,0,0,0,0,0,0,0,0,0,0,0,
鳳山,2023/02/25 00:00:00,RH,77,76,75,75,74,72,71,70,65,62,58,54,52,51,51,50,49,51,54,57,59,60,62,63,
鳳山,2023/02/25 00:00:00,SO2,2,1.7,1.9,1.7,1.8,1.9,2.3,2.3,2.6,2.9,2.9,2.4,2.3,2.2,1.8,1.8,1.9,2,2,2,2.5,2.3,2.3,2.1,
鳳山,2023/02/25 00:00:00,THC,2.23,2.23,2.21,2.22,2.24,2.25,2.27,2.35,2.38,2.4,2.37,2.31,2.25,2.23,2.26,2.23,2.29,2.33,2.31,2.29,2.33,2.3,2.33,2.31,
鳳山,2023/02/25 00:00:00,WD_HR,270,273,276,275,285,283,280,275,282,281,277,278,272,278,269,129,276,275,272,278,275,274,278,275,
鳳山,2023/02/25 00:00:00,WIND_DIREC,277,256,267,253,286,279,280,258,131,271,275,283,275,270,78,82,285,282,275,329,289,269,283,271,
鳳山,2023/02/25 00:00:00,WIND_SPEED,1.7,1.4,1,0.8,1.1,1.1,1.4,0.7,0.9,1.4,1.5,1.1,1.3,1.4,0.7,1.1,1.6,1.4,1.3,0.9,1.2,1.1,1,1.1,
鳳山,2023/02/25 00:00:00,WS_HR,0.9,0.9,0.9,0.4,1,1.1,1.1,0.6,0.3,0.8,1.1,0.9,0.7,0.9,0.5,0.1,0.9,1,1.3,1.1,0.9,0.8,1,1.1,
鳳山,2023/02/26 00:00:00,AMB_TEMP,16.6,16.1,16.1,15.9,15.5,15.3,15.1,15.4,17.1,19.1,20.9,22.1,23.1,23.2,23.3,23.2,22.8,21.4,19.7,18.6,17.7,17.2,16.9,16.7,
鳳山,2023/02/26 00:00:00,CH4,2.19,2.19,2.17,2.17,2.18,2.18,2.17,2.16,2.16,2.15,2.12,2.09,2.08,2.06,2.06,2.06,2.06,2.06,2.07,2.07,2.07,2.07,2.09,2.11,
鳳山,2023/02/26 00:00:00,CO,0.48,0.38,0.35,0.36,0.33,0.32,0.38,0.45,0.47,0.53,0.53,0.53,0.46,0.43,0.42,0.42,0.46,0.53,0.51,0.46,0.44,0.4,0.39,0.38,
鳳山,2023/02/26 00:00:00,NMHC,0.11,0.12,0.08,0.13,0.09,0.11,0.14,0.17,0.19,0.18,0.15,0.13,0.11,0.1,0.09,0.09,0.1,0.13,0.14,0.12,0.12,0.1,0.11,0.12,
鳳山,2023/02/26 00:00:00,NO,1.2,1.7,1.2,1.4,1.1,1.5,2.4,4.5,5.9,6.6,5.3,4.2,3.2,2.7,2.3,2.3,2.8,2.9,3,3.6,3.2,2.5,2.5,2,
鳳山,2023/02/26 00:00:00,NO2,17.9,17.2,11.6,14.8,13.1,15.8,18.7,20.1,19.4,18.4,14.6,12.6,11.9,11.1,10.9,11.9,14.6,16.9,20.3,18.3,17.4,17,18.7,16.9,
鳳山,2023/02/26 00:00:00,NOx,19.2,18.9,12.8,16.2,14.3,17.4,21.2,24.7,25.3,25,19.9,16.9,15.1,13.8,13.3,14.2,17.4,19.9,23.4,21.9,20.6,19.6,21.3,18.9,
鳳山,2023/02/26 00:00:00,O3,24.3,24,28.1,23.1,25.5,22,20.9,20.9,23.9,28.7,36.7,43.8,49.1,52.5,55.8,54.2,50.7,44,34.8,31.8,28.8,27.3,22.6,21.9,
鳳山,2023/02/26 00:00:00,PM10,57,45,35,39,35,30,35,41,45,45,49,39,47,49,50,53,62,77,84,73,61,56,53,52,
鳳山,2023/02/26 00:00:00,PM2.5,28,28,24,24,20,17,18,16,17,21,22,18,19,20,20,18,19,23,24,21,16,16,14,22,
鳳山,2023/02/26 00:00:00,RAINFALL,0,0,0,0,0,0,0,0,0,0,0,0,0,0,0,0,0,0,0,0,0,0,0,0,
鳳山,2023/02/26 00:00:00,RH,66,68,68,69,68,66,65,63,57,51,47,44,41,40,40,40,41,44,49,51,53,55,56,56,
鳳山,2023/02/26 00:00:00,SO2,1.9,2,1.4,1.4,1.6,1.9,2.1,2.3,2.8,2.8,2.3,1.5,1.3,1.3,1.3,1.4,1.7,1.9,2.2,2.3,2.2,2.2,2.6,2.6,
鳳山,2023/02/26 00:00:00,THC,2.31,2.32,2.26,2.31,2.28,2.3,2.32,2.34,2.36,2.33,2.28,2.23,2.2,2.17,2.16,2.16,2.17,2.2,2.22,2.2,2.2,2.18,2.21,2.24,
鳳山,2023/02/26 00:00:00,WD_HR,281,274,270,272,271,277,274,277,283,274,278,278,273,277,282,286,279,270,270,280,272,275,273,279,
鳳山,2023/02/26 00:00:00,WIND_DIREC,286,156,281,279,262,270,289,280,286,282,288,284,99,274,90,290,263,279,254,280,278,277,283,263,
鳳山,2023/02/26 00:00:00,WIND_SPEED,1.1,0.5,0.6,0.9,1.2,1.3,1.3,0.8,1.4,1.6,1.5,1.4,1.1,1.2,1,1.5,1.4,1.5,1.2,1.6,1.4,1.3,0.9,1,
鳳山,2023/02/26 00:00:00,WS_HR,0.8,0.7,0.4,0.6,0.6,1.1,1,1,0.4,1,1,1,0.5,1.3,0.6,0.3,0.8,0.8,0.9,1.2,1.1,1,0.8,0.7,
鳳山,2023/02/27 00:00:00,AMB_TEMP,16.5,16.5,16.4,16.3,16.3,16,15.7,16.4,18.4,20.4,22.3,23.3,23.9,24.2,24.1,23.6,22.4,21.5,21.2,20.4,19.6,18.8,18,17.3,
鳳山,2023/02/27 00:00:00,CH4,2.13,2.16,2.17,2.14,2.17,2.2,2.22,2.17,2.18,2.14,2.1,2.11,2.07,2.06,2.05,2.04,2.04,2.05,2.07,2.08,2.1,2.12,2.15,2.16,
鳳山,2023/02/27 00:00:00,CO,0.36,0.37,0.31,0.28,0.3,0.33,0.43,0.52,0.62,0.61,0.57,0.58,0.49,0.44,0.44,0.46,0.57,0.65,0.61,0.57,0.49,0.5,0.5,0.45,
鳳山,2023/02/27 00:00:00,NMHC,0.12,0.16,0.1,0.1,0.14,0.17,0.26,0.24,0.28,0.26,0.25,0.17,0.11,0.1,0.1,0.1,0.13,0.17,0.17,0.16,0.18,0.14,0.16,0.13,
鳳山,2023/02/27 00:00:00,NO,1.4,1.8,0.7,0.7,0.8,1.3,2.5,7.9,12.2,11,5.5,3.5,2.5,1.7,1.8,1.8,2.2,2.4,2.2,2.7,2.3,2,1.8,1.5,
鳳山,2023/02/27 00:00:00,NO2,17.8,17.8,14.9,14.8,16.4,15.6,19.1,24.5,27.3,26.3,20.1,16.6,12.5,12.1,11.1,11.8,15.7,19.6,21.5,20.3,21.6,21.8,23,22.2,
鳳山,2023/02/27 00:00:00,NOx,19.2,19.6,15.7,15.5,17.2,17,21.6,32.4,39.6,37.3,25.6,20.1,15.1,13.9,12.9,13.6,18,22,23.7,23,23.9,23.8,24.8,23.7,
鳳山,2023/02/27 00:00:00,O3,19.2,17.2,18.9,18.5,15.5,15.1,11.5,11.1,14.3,23.4,38,49.3,55.7,58,61.6,60.2,53.2,44.8,39.7,37.6,34,27.9,22.3,20.1,
鳳山,2023/02/27 00:00:00,PM10,51,46,40,34,38,36,39,49,47,58,55,57,50,42,46,42,49,53,69,63,67,70,66,65,
鳳山,2023/02/27 00:00:00,PM2.5,13,25,21,13,18,12,17,19,24,22,24,24,20,18,14,15,16,19,21,25,27,24,27,30,
鳳山,2023/02/27 00:00:00,RAINFALL,0,0,0,0,0,0,0,0,0,0,0,0,0,0,0,0,0,0,0,0,0,0,0,0,
鳳山,2023/02/27 00:00:00,RH,57,57,57,59,60,61,63,60,53,48,44,41,42,42,43,46,52,56,55,57,60,65,71,77,
鳳山,2023/02/27 00:00:00,SO2,3.3,3.8,3,2.5,2.7,2.7,2.7,2.8,3.1,3.8,3.1,2.6,2.3,2.3,2.4,2.2,2,2.3,2.3,2.6,2.6,2.3,2.5,2.3,
鳳山,2023/02/27 00:00:00,THC,2.26,2.33,2.28,2.25,2.31,2.38,2.49,2.42,2.47,2.41,2.35,2.29,2.19,2.17,2.16,2.15,2.18,2.23,2.25,2.25,2.28,2.27,2.31,2.3,
鳳山,2023/02/27 00:00:00,WD_HR,279,280,118,312,295,282,289,292,296,267,292,264,279,282,293,285,280,272,266,281,274,272,292,278,
鳳山,2023/02/27 00:00:00,WIND_DIREC,276,269,97,290,279,294,279,292,287,268,200,277,285,272,304,281,273,291,285,284,289,133,321,279,
鳳山,2023/02/27 00:00:00,WIND_SPEED,1,1,0.8,0.7,1.2,1.3,0.8,0.7,1,1.1,1,1.5,1.8,1.5,1.4,1.5,1.4,0.8,0.6,0.9,1,0.7,0.5,1.3,
鳳山,2023/02/27 00:00:00,WS_HR,1,0.6,0,0.2,0.3,1,0.4,0.4,0.4,0.5,0.3,0.7,1.3,1,1.1,1.2,1.1,0.9,0.5,0.6,0.3,0.4,0.3,0.8,
鳳山,2023/02/28 00:00:00,AMB_TEMP,16.4,16.1,15.7,15.3,15.1,14.9,14.8,15.6,17.8,19.8,22.7,24.4,24.9,25,24.7,24.2,23.6,22.5,21.4,20.2,19.4,18.8,18.3,18,
鳳山,2023/02/28 00:00:00,CH4,2.15,2.17,2.2,2.2,2.2,2.22,2.2,2.18,2.16,2.11,2.08,2.1,2.06,2.05,2.03,2.03,2.05,2.07,2.06,2.09,2.13,2.14,2.18,2.22,
鳳山,2023/02/28 00:00:00,CO,0.37,0.34,0.33,0.32,0.33,0.36,0.39,0.47,0.48,0.44,0.55,0.62,0.53,0.43,0.43,0.51,0.6,0.68,0.58,0.62,0.62,0.54,0.48,0.49,
鳳山,2023/02/28 00:00:00,NMHC,0.09,0.1,0.11,0.13,0.16,0.14,0.13,0.15,0.15,0.17,0.17,0.18,0.13,0.1,0.16,0.11,0.15,0.16,0.14,0.18,0.2,0.17,0.16,0.19,
鳳山,2023/02/28 00:00:00,NO,0.9,2.4,2,2,2.1,2.2,2.8,4.9,7.3,5.7,5.8,5,4.1,3.4,3.4,3.5,3.6,3.5,3.1,3.6,3.7,3.4,2.5,2.3,
鳳山,2023/02/28 00:00:00,NO2,19.2,17.9,16.9,16,17.1,15.3,13.8,16.7,17.4,15.3,16.3,16.8,13.6,10.5,12.5,13.6,18,20.7,18.6,22.8,27,22.8,22.7,25,
鳳山,2023/02/28 00:00:00,NOx,20.2,20.3,18.9,18,19.3,17.6,16.7,21.7,24.8,21.1,22.2,21.9,17.8,13.9,15.9,17.2,21.6,24.2,21.7,26.4,30.8,26.3,25.3,27.4,
鳳山,2023/02/28 00:00:00,O3,22,19.9,16.7,14.3,11.4,13.9,14.6,14.9,20.9,31.6,43.2,50.8,57.5,59.8,57.1,54.6,52.1,46,40.9,32.9,25.3,25.4,19.3,14.2,
鳳山,2023/02/28 00:00:00,PM10,63,65,71,83,82,77,74,67,59,58,52,63,65,60,58,59,62,67,53,68,79,79,84,85,
鳳山,2023/02/28 00:00:00,PM2.5,31,30,39,46,47,44,43,47,43,36,26,29,23,24,20,24,24,26,25,28,38,43,49,51,
鳳山,2023/02/28 00:00:00,RAINFALL,0,0,0,0,0,0,0,0,0,0,0,0,0,0,0,0,0,0,0,0,0,0,0,0,
鳳山,2023/02/28 00:00:00,RH,84,87,89,92,94,96,97,94,83,69,51,46,49,50,52,54,57,60,58,64,71,77,82,84,
鳳山,2023/02/28 00:00:00,SO2,2.3,2.1,2,1.7,1.7,1.4,1.5,1.7,2.3,2.7,2.6,2.4,2.2,1.9,1.8,2.1,2.2,2.4,1.9,2.2,2.8,2.5,2.1,2.1,
鳳山,2023/02/28 00:00:00,THC,2.25,2.28,2.32,2.34,2.37,2.36,2.33,2.34,2.32,2.29,2.26,2.28,2.2,2.16,2.2,2.15,2.21,2.24,2.21,2.28,2.34,2.32,2.35,2.42,
鳳山,2023/02/28 00:00:00,WD_HR,274,279,264,279,193,166,110,121,88,266,282,279,275,286,275,277,276,277,278,273,273,266,18,283,
鳳山,2023/02/28 00:00:00,WIND_DIREC,279,251,277,274,108,101,10,288,109,275,289,285,285,274,273,293,275,287,274,275,280,229,58,269,
鳳山,2023/02/28 00:00:00,WIND_SPEED,1,0.5,1,0.6,0.6,0.6,0.4,0.9,0.8,1.3,1.3,1.4,1.8,1.9,1.7,1.7,1.2,1,1.4,1.2,1.3,0.5,0.4,0.5,
鳳山,2023/02/28 00:00:00,WS_HR,0.9,0.5,0.2,0.6,0.1,0.1,0.2,0.1,0.1,0.2,0.9,0.6,1.2,1.3,1.3,1.4,1.3,0.7,0.8,0.4,0.8,0.2,0.1,0.3,
鳳山,2023/03/01 00:00:00,AMB_TEMP,17.7,17.2,17.2,17.3,16.8,16.6,15.6,16,18.8,22.2,25.3,26.9,28.2,28.5,28.5,28.2,27.7,26.3,24.8,23.4,21.9,21,20.2,19.5,
鳳山,2023/03/01 00:00:00,CH4,2.25,2.27,2.33,2.32,2.38,2.32,2.26,2.26,2.21,2.19,2.1,2.05,2.06,2.05,2.04,2.03,2.06,2.08,2.1,2.1,2.12,2.14,2.18,2.22,
鳳山,2023/03/01 00:00:00,CO,0.46,0.4,0.37,0.38,0.4,0.43,0.49,0.88,0.86,0.76,0.64,0.56,0.54,0.48,0.47,0.53,0.71,0.86,0.86,0.72,0.61,0.63,0.56,0.56,
鳳山,2023/03/01 00:00:00,NMHC,0.18,0.19,0.14,0.21,0.24,0.23,0.18,0.3,0.31,0.33,0.26,0.18,0.18,0.14,0.14,0.17,0.22,0.26,0.28,0.25,0.23,0.26,0.27,0.26,
鳳山,2023/03/01 00:00:00,NO,2.5,0.3,0.5,1.3,1.2,2.5,5.9,25.3,21.1,16.7,9,5.2,4.3,2.6,2.9,4.8,5.5,4.5,3.9,2.8,3.3,3,2.6,2.2,
鳳山,2023/03/01 00:00:00,NO2,22.4,22.3,16.1,19.6,20.5,21.9,20.8,22.8,27,34,25,17.7,18.2,15.3,16,20.6,30,31.2,32,29.3,25.1,25.7,26.2,27.4,
鳳山,2023/03/01 00:00:00,NOx,24.9,22.7,16.6,20.9,21.7,24.4,26.8,48.2,48.2,50.8,34,22.9,22.5,17.9,19,25.5,35.5,35.7,35.9,32.2,28.5,28.7,28.8,29.7,
鳳山,2023/03/01 00:00:00,O3,12.7,9.6,11.9,7.7,3.4,4.1,2.9,3.5,10.6,18.4,31.1,43.5,49.3,58.3,54.6,53,45.8,40.4,30.9,26.3,22.2,16.6,13,8.9,
鳳山,2023/03/01 00:00:00,PM10,78,77,75,79,77,59,49,68,72,72,64,48,47,43,49,48,50,49,50,46,38,42,54,57,
鳳山,2023/03/01 00:00:00,PM2.5,51,49,47,41,47,40,42,53,53,49,28,17,18,20,18,17,16,12,19,20,20,26,35,41,
鳳山,2023/03/01 00:00:00,RAINFALL,0,0,0,0,0,0,0,0,0,0,0,0,0,0,0,0,0,0,0,0,0,0,0,0,
鳳山,2023/03/01 00:00:00,RH,85,87,86,86,87,87,91,91,73,56,39,32,31,30,30,30,32,37,43,49,57,62,67,72,
鳳山,2023/03/01 00:00:00,SO2,1.7,1.1,1,1.1,1,1.3,1.4,2,3,3,2.5,1.6,1.5,1.3,1.2,1.1,1.5,1.8,2.1,2.6,2.4,2.3,2.1,1.8,
鳳山,2023/03/01 00:00:00,THC,2.44,2.47,2.48,2.54,2.63,2.56,2.45,2.57,2.53,2.53,2.37,2.24,2.25,2.2,2.19,2.21,2.29,2.35,2.39,2.36,2.36,2.41,2.45,2.49,
鳳山,2023/03/01 00:00:00,WD_HR,306,82,54,283,112,264,256,274,288,285,261,274,271,281,275,272,275,281,278,253,274,267,283,272,
鳳山,2023/03/01 00:00:00,WIND_DIREC,76,53,332,68,266,275,280,292,250,278,263,255,270,285,268,273,270,297,271,281,292,311,287,272,
鳳山,2023/03/01 00:00:00,WIND_SPEED,0.4,0.4,0.4,0.3,0.9,0.7,1,1.1,1.1,1.1,1.6,1.7,1.8,1.9,1.6,1.3,1.7,1,1,1,0.7,0.4,0.9,1,
鳳山,2023/03/01 00:00:00,WS_HR,0.2,0.3,0.2,0.4,0,0.6,0.9,1.1,0.5,0.5,0.5,0.8,1,1.2,1,0.8,0.6,0.8,0.7,0.3,0.4,0.4,0.7,0.7,
鳳山,2023/03/02 00:00:00,AMB_TEMP,18.9,18.8,18.1,17.8,17.4,17,17.1,18,20,22.9,25.3,26.8,27.2,26.9,27.1,26.4,25.3,23.7,21.8,20.2,19.1,18.4,18,17.5,
鳳山,2023/03/02 00:00:00,CH4,2.22,2.2,2.26,2.26,2.24,2.27,2.23,2.23,2.26,2.2,2.17,2.15,2.11,2.08,2.09,2.11,2.14,2.12,2.11,2.11,2.11,2.13,2.13,2.14,
鳳山,2023/03/02 00:00:00,CO,0.46,0.39,0.37,0.42,0.46,0.48,0.62,0.91,0.78,0.67,0.74,0.81,0.61,0.49,0.63,0.72,0.9,0.93,0.8,0.64,0.54,0.54,0.5,0.45,
鳳山,2023/03/02 00:00:00,NMHC,0.25,0.23,0.24,0.23,0.25,0.23,0.27,0.36,0.29,0.26,0.29,0.4,0.18,0.19,0.16,0.2,0.28,0.29,0.25,0.2,0.17,0.21,0.21,0.2,
鳳山,2023/03/02 00:00:00,NO,1.5,2.2,1,1,1.4,3.4,9.5,19.7,11.4,7.6,3.2,4.1,2.6,2,2.8,1.9,2.6,2.6,3.2,2.7,2.5,2.6,1.9,1.6,
鳳山,2023/03/02 00:00:00,NO2,25.3,22.4,20.3,18.1,21.6,20.5,22.9,26.5,24.3,24.6,30.6,35.4,17.4,13.7,17.2,19.8,29.7,35.2,30.2,25.6,22.7,24.2,25.6,24.4,
鳳山,2023/03/02 00:00:00,NOx,26.8,24.6,21.4,19.1,23,23.9,32.4,46.2,35.7,32.2,33.9,39.6,20,15.7,20,21.8,32.3,37.8,33.4,28.3,25.3,26.8,27.5,26,
鳳山,2023/03/02 00:00:00,O3,9.5,11,8.3,6.9,4,2.2,2.1,3.7,13.2,32.1,68.3,71.3,66.9,69,67.8,77.7,68.2,54.3,43.9,35.8,31.8,26.5,23,23.7,
鳳山,2023/03/02 00:00:00,PM10,56,47,46,55,62,64,56,58,66,70,69,69,57,42,69,134,179,160,150,128,105,96,85,77,
鳳山,2023/03/02 00:00:00,PM2.5,33,35,37,40,46,49,41,41,43,39,40,38,30,24,31,55,64,53,42,34,30,27,27,31,
鳳山,2023/03/02 00:00:00,RAINFALL,0,0,0,0,0,0,0,0,0,0,0,0,0,0,0,0,0,0,0,0,0,0,0,0,
鳳山,2023/03/02 00:00:00,RH,77,78,80,83,87,89,86,81,68,56,51,50,49,48,44,43,44,43,47,50,52,55,56,58,
鳳山,2023/03/02 00:00:00,SO2,1.7,1.9,1.5,1.2,1.7,1.7,1.7,2,2.9,3.2,3.4,4.7,2.5,2,1.7,1.7,1.6,1.7,1.8,1.7,1.6,2.3,2.8,3.1,
鳳山,2023/03/02 00:00:00,THC,2.48,2.44,2.51,2.49,2.5,2.5,2.51,2.6,2.56,2.47,2.47,2.56,2.3,2.28,2.26,2.32,2.42,2.42,2.37,2.32,2.29,2.35,2.35,2.35,
鳳山,2023/03/02 00:00:00,WD_HR,280,279,96,288,281,275,268,118,97,159,213,263,279,263,280,264,273,279,277,277,270,279,284,280,
鳳山,2023/03/02 00:00:00,WIND_DIREC,282,283,94,287,286,275,267,92,68,219,287,292,265,260,275,263,278,279,275,288,266,280,282,292,
鳳山,2023/03/02 00:00:00,WIND_SPEED,1.3,0.6,0.5,1.1,0.8,1.4,0.9,1,0.8,0.8,1.2,1.5,1.6,1.4,1.4,1.4,1.2,1.2,1.2,1.5,1.3,1.3,1.2,1.1,
鳳山,2023/03/02 00:00:00,WS_HR,1,0.5,0.3,0.6,0.9,1,0.9,0.1,0.7,0.1,0.2,0.7,1.1,1,1.1,0.9,0.7,0.5,0.8,1,1,0.8,0.7,0.9,
鳳山,2023/03/03 00:00:00,AMB_TEMP,17.5,17,16.4,16.2,15.9,16.1,16.2,17.2,19.4,21.8,23.4,23.9,25.2,24.9,24.2,23.6,22.5,21.2,20.3,19.9,19.8,19.6,19.3,18.5,
鳳山,2023/03/03 00:00:00,CH4,2.16,2.16,2.2,2.2,2.2,2.28,2.38,2.38,2.21,2.2,2.13,2.11,2.1,#,#,2.03,2.03,2.03,2.03,2.04,2.05,2.08,2.1,2.13,
鳳山,2023/03/03 00:00:00,CO,0.44,0.39,0.38,0.41,0.42,0.44,0.51,0.94,0.79,0.9,0.69,#,0.56,0.47,0.49,0.54,0.64,0.74,0.74,0.63,0.6,0.52,0.53,0.42,
鳳山,2023/03/03 00:00:00,NMHC,0.15,0.13,0.19,0.24,0.18,0.16,0.17,0.28,0.23,0.27,0.21,0.18,0.12,#,#,0.13,0.16,0.18,0.18,0.14,0.14,0.14,0.16,0.17,
鳳山,2023/03/03 00:00:00,NO,1,1.3,1.3,1.3,1.4,1.2,1.4,7.8,5.1,7.9,6.8,#,3.4,3,2.7,3.4,3.8,4.1,3.5,2.5,2,1.9,1.7,1.1,
鳳山,2023/03/03 00:00:00,NO2,17.9,15.6,16.8,23.3,23.9,20.8,20.4,29.2,22.5,32.6,25.5,#,16.9,11.8,14.2,14,18.3,20.9,21.3,17.3,17.3,18.3,19.7,18.3,
鳳山,2023/03/03 00:00:00,NOx,19,16.9,18.2,24.6,25.3,22,21.9,37.1,27.7,40.5,32.3,#,20.3,14.8,16.9,17.5,22.1,25.1,24.9,19.8,19.4,20.3,21.5,19.4,
鳳山,2023/03/03 00:00:00,O3,27.6,27.1,20.8,12.4,12.7,14.2,14.1,11.4,29.3,32.8,43.2,55.3,#,59.5,50,48.7,48.8,44.2,41.9,44.5,43.1,41.1,38.3,33,
鳳山,2023/03/03 00:00:00,PM10,72,77,65,59,65,69,81,98,99,95,74,70,58,#,59,51,50,55,54,52,52,45,59,67,
鳳山,2023/03/03 00:00:00,PM2.5,30,27,26,28,33,33,34,42,38,44,32,30,#,#,20,15,17,16,14,18,18,20,23,30,
鳳山,2023/03/03 00:00:00,RAINFALL,0,0,0,0,0,0,0,0,0,0,0,0,#,#,0,0,0,0,0,0,0,0,0,0,
鳳山,2023/03/03 00:00:00,RH,58,60,63,64,66,67,69,67,61,56,54,52,47,47,48,53,57,62,67,69,69,69,69,70,
鳳山,2023/03/03 00:00:00,SO2,1.9,2.9,3.2,3.2,3.1,2.8,2.5,2.7,3.6,4,4.9,#,3.8,2.6,2.4,2.1,2,1.8,2,1.9,1.8,1.8,2.1,2.3,
鳳山,2023/03/03 00:00:00,THC,2.32,2.3,2.4,2.45,2.39,2.45,2.56,2.67,2.45,2.48,2.35,2.3,2.23,#,#,2.17,2.2,2.22,2.22,2.19,2.2,2.23,2.27,2.31,
鳳山,2023/03/03 00:00:00,WD_HR,285,311,270,295,91,88,91,100,77,323,273,248,285,271,290,285,276,276,269,277,274,64,342,91,
鳳山,2023/03/03 00:00:00,WIND_DIREC,287,71,103,301,54,91,94,108,304,188,298,228,287,266,286,280,296,274,262,272,271,277,80,90,
鳳山,2023/03/03 00:00:00,WIND_SPEED,0.9,0.5,0.4,0.4,0.3,0.4,0.4,1.2,0.9,0.9,1.6,1.2,1.5,1.3,1.8,1.5,1,1.3,1,0.4,0.6,0.4,0.5,0.5,
鳳山,2023/03/03 00:00:00,WS_HR,0.6,0.2,0.3,0.2,0.3,0.4,0.3,0.6,0.3,0.1,0.7,0.5,1,1,1.4,1.2,1,1,0.8,0.3,0.4,0.1,0,0.4,
鳳山,2023/03/04 00:00:00,AMB_TEMP,18.4,18,17.5,17.3,17.4,17.3,17.1,17.6,19.7,21.8,23.5,24.7,25.5,25.6,25.6,25.5,24.6,23.9,23,22.4,21.6,20.8,19.8,19.1,
鳳山,2023/03/04 00:00:00,CH4,2.18,2.19,2.26,2.24,2.26,2.28,2.3,2.29,2.14,2.13,2.13,2.09,2.09,2.07,2.06,2.05,2.05,2.07,2.08,2.08,2.1,2.15,2.17,2.21,
鳳山,2023/03/04 00:00:00,CO,0.46,0.43,0.34,0.33,0.35,0.41,0.51,0.57,0.57,0.63,0.7,0.61,0.57,0.5,0.48,0.53,0.62,0.71,0.79,0.61,0.55,0.56,0.58,0.54,
鳳山,2023/03/04 00:00:00,NMHC,0.2,0.23,0.12,0.1,0.12,0.21,0.24,0.18,0.14,0.2,0.22,0.17,0.14,0.12,0.11,0.14,0.15,0.2,0.22,0.17,0.16,0.2,0.21,0.23,
鳳山,2023/03/04 00:00:00,NO,1.2,0.7,0.6,0.5,0.4,0.5,0.9,2.6,3.3,5.1,4.7,2.6,2.4,2.5,1.9,2.1,2.2,2.2,2.6,1.9,1.6,1.4,1.5,1,
鳳山,2023/03/04 00:00:00,NO2,19.3,17.4,13.1,10.4,10.9,14,18.6,19.3,17.5,24.9,24.5,19.1,15.1,12.6,13.2,13.4,16.7,23.2,26.5,23.2,20.7,23.9,24.1,22.8,
鳳山,2023/03/04 00:00:00,NOx,20.5,18.1,13.8,11,11.3,14.5,19.6,21.9,20.8,30,29.3,21.8,17.5,15.2,15.2,15.6,19,25.5,29.1,25.1,22.3,25.4,25.7,23.8,
鳳山,2023/03/04 00:00:00,O3,26.3,24.3,29.2,28.3,26.9,17.5,17,17.7,33.1,39.2,52.7,62,63.2,63.9,61.4,60.7,56.1,51.4,44.4,43.3,43.2,36,31.8,31.8,
鳳山,2023/03/04 00:00:00,PM10,81,78,65,65,54,63,65,60,62,72,72,52,53,52,42,48,53,63,63,58,61,68,74,78,
鳳山,2023/03/04 00:00:00,PM2.5,40,40,31,32,28,34,34,30,30,36,32,22,25,22,22,23,20,26,24,24,29,32,36,43,
鳳山,2023/03/04 00:00:00,RAINFALL,0,0,0,0,0,0,0,0,0,0,0,0,0,0,0,0,0,0,0,0,0,0,0,0,
鳳山,2023/03/04 00:00:00,RH,70,72,76,81,80,80,82,80,69,61,53,48,46,45,44,45,49,50,52,46,49,55,61,64,
鳳山,2023/03/04 00:00:00,SO2,2.4,1.3,1.1,1.1,0.9,1.2,1,1.2,1.5,2.5,2.5,2.2,1.7,1.5,1.4,1.4,1.4,1.8,1.8,1.7,1.9,2.5,2.5,2.4,
鳳山,2023/03/04 00:00:00,THC,2.39,2.43,2.39,2.35,2.39,2.5,2.55,2.48,2.29,2.34,2.36,2.26,2.24,2.2,2.18,2.2,2.21,2.28,2.31,2.26,2.27,2.36,2.39,2.44,
鳳山,2023/03/04 00:00:00,WD_HR,79,96,93,96,100,91,98,100,106,80,257,258,277,287,283,286,283,279,277,277,282,296,284,278,
鳳山,2023/03/04 00:00:00,WIND_DIREC,65,96,99,100,286,98,94,123,110,304,36,280,282,289,282,277,271,263,279,280,282,280,282,280,
鳳山,2023/03/04 00:00:00,WIND_SPEED,0.3,0.9,0.8,0.5,0.4,0.6,0.5,0.6,0.9,0.9,0.7,1.3,1.4,1.4,1.3,1.2,0.8,1.2,1.3,0.8,0.7,0.6,1.1,0.7,
鳳山,2023/03/04 00:00:00,WS_HR,0.3,0.5,0.7,0.6,0,0.4,0.4,0.5,0.6,0.3,0.2,0.5,0.8,1.1,0.8,1,0.9,0.9,0.8,0.5,0.4,0.3,0.7,0.8,
鳳山,2023/03/05 00:00:00,AMB_TEMP,18.7,18.2,17.7,17.5,17.4,16.9,16.9,17.6,20.1,22.5,24.7,26,26.2,26.3,26.1,25.9,25.3,24.1,23.4,22.6,21.8,20.9,19.9,19.6,
鳳山,2023/03/05 00:00:00,CH4,2.23,2.24,2.32,2.35,2.38,2.31,2.28,2.28,2.29,2.24,2.19,2.13,2.12,2.07,2.07,2.07,2.08,2.07,2.11,2.12,2.14,2.19,2.23,2.25,
鳳山,2023/03/05 00:00:00,CO,0.5,0.49,0.47,0.49,0.52,0.53,0.52,0.58,0.64,0.86,1.13,0.68,0.52,0.43,0.45,0.52,0.57,0.61,0.84,0.53,0.57,0.64,0.56,0.57,
鳳山,2023/03/05 00:00:00,NMHC,0.21,0.22,0.22,0.26,0.34,0.27,0.22,0.18,0.24,0.29,0.25,0.17,0.11,0.09,0.09,0.1,0.11,0.13,0.21,0.16,0.17,0.27,0.21,0.24,
鳳山,2023/03/05 00:00:00,NO,0.9,1.7,1.6,1.6,1.8,1.7,1.9,2.5,4.1,4.6,3.4,2.5,2.4,2,2.3,1.9,4.1,2.2,2.3,1.9,2.3,2.4,1.6,2,
鳳山,2023/03/05 00:00:00,NO2,19.9,20.1,18.5,16.7,21,20.5,21.7,17.1,18.9,24,28.9,19,13,10.3,11.1,11.7,20.6,16.5,27.7,19.3,22.1,28.2,23.6,24.6,
鳳山,2023/03/05 00:00:00,NOx,20.8,21.8,20.2,18.3,22.8,22.3,23.6,19.7,23,28.7,32.4,21.6,15.5,12.4,13.4,13.7,24.8,18.8,30,21.3,24.5,30.6,25.3,26.6,
鳳山,2023/03/05 00:00:00,O3,30.6,28,22.5,18.4,14.3,17.4,15.5,24,29.1,56.1,79,73.2,76.5,74.5,77.7,76.4,64.7,63.8,46.9,48.7,40.9,29.4,26.4,23.2,
鳳山,2023/03/05 00:00:00,PM10,83,87,84,86,82,84,75,67,73,66,77,56,55,49,56,51,48,47,42,53,59,72,78,77,
鳳山,2023/03/05 00:00:00,PM2.5,47,44,47,48,52,48,46,41,48,41,58,32,32,21,24,23,22,18,21,20,25,32,36,40,
鳳山,2023/03/05 00:00:00,RAINFALL,0,0,0,0,0,0,0,0,0,0,0,0,0,0,0,0,0,0,0,0,0,0,0,0,
鳳山,2023/03/05 00:00:00,RH,67,70,73,75,76,80,80,75,63,53,44,39,39,34,37,40,40,39,34,37,41,48,54,57,
鳳山,2023/03/05 00:00:00,SO2,2.2,2.6,2.2,1.9,2.2,2.2,2.1,2,2.7,4.5,8.5,4.8,2.8,1.9,2.3,2.3,2,1.9,1.8,1.7,1.9,2.3,1.9,2.3,
鳳山,2023/03/05 00:00:00,THC,2.45,2.47,2.54,2.62,2.73,2.59,2.51,2.47,2.54,2.54,2.45,2.31,2.24,2.17,2.17,2.18,2.2,2.21,2.33,2.29,2.32,2.47,2.45,2.5,
鳳山,2023/03/05 00:00:00,WD_HR,283,282,79,86,286,281,87,94,99,87,243,264,270,252,265,273,282,278,270,91,287,261,83,282,
鳳山,2023/03/05 00:00:00,WIND_DIREC,281,34,67,46,269,123,92,93,115,108,184,285,259,245,258,281,261,12,263,98,22,99,346,280,
鳳山,2023/03/05 00:00:00,WIND_SPEED,0.6,0.3,0.3,0.3,1.1,0.4,0.4,0.5,1,0.8,1.1,1.5,2,1.7,1.6,1.4,1.1,0.4,0.4,0.4,0.3,0.7,0.4,0.6,
鳳山,2023/03/05 00:00:00,WS_HR,0.4,0.6,0.3,0.2,0.2,0.4,0.3,0.4,0.7,0.1,0.3,0.7,1.2,1.2,1,0.8,0.9,0.5,0.3,0.2,0.3,0,0.3,0.4,
鳳山,2023/03/06 00:00:00,AMB_TEMP,18.7,18.1,18.2,18.2,17.8,17.9,17.9,18.8,21.3,23.6,25,26.6,26.7,26.7,26.3,25.4,24.3,23.4,22.5,22.1,21.8,21.5,21,20.6,
鳳山,2023/03/06 00:00:00,CH4,2.3,2.29,2.31,2.27,2.23,2.35,2.29,2.18,2.12,2.03,2.05,2.07,2.05,2.06,2.04,2.06,2.05,2.04,2.04,2.05,2.07,2.09,2.13,2.19,
鳳山,2023/03/06 00:00:00,CO,0.51,0.42,0.42,0.35,0.33,0.39,0.51,0.74,0.62,0.4,0.53,0.68,0.47,0.45,0.37,0.52,0.61,0.78,0.74,0.68,0.6,0.62,0.52,0.52,
鳳山,2023/03/06 00:00:00,NMHC,0.26,0.22,0.24,0.12,0.07,0.12,0.16,0.17,0.15,0.15,0.19,0.49,0.18,0.07,0.06,0.11,0.14,0.18,0.17,0.16,0.15,0.26,0.32,0.24,
鳳山,2023/03/06 00:00:00,NO,1.7,0,0,0.2,0,0.2,0.1,1.3,2.7,1.5,1.4,3.3,2.3,2.1,1.8,1.7,2.2,2.5,2.1,1.8,0.9,1.5,0.4,0.2,
鳳山,2023/03/06 00:00:00,NO2,22.8,18.3,20.1,13.5,7.3,10.3,15.5,19.5,21,8.7,15.6,23.8,16.7,15.4,10.9,15.8,19.3,24.6,22.6,23.5,26.3,27.3,24.7,22.5,
鳳山,2023/03/06 00:00:00,NOx,24.5,18.3,20.1,13.7,7,10.5,15.6,20.8,23.8,10.2,17.1,27.1,19,17.6,12.8,17.6,21.5,27.2,24.8,25.4,27.2,28.9,25.2,22.7,
鳳山,2023/03/06 00:00:00,O3,19.6,19.5,17.9,35.5,40.6,32.6,27.9,31.8,36.4,54.4,56.8,59,68.2,67.1,58.9,64.1,61.1,47.5,44.8,41.8,39.6,35.6,33.3,29,
鳳山,2023/03/06 00:00:00,PM10,81,79,84,57,47,49,50,57,92,42,53,44,47,47,33,43,43,44,42,43,44,55,56,63,
鳳山,2023/03/06 00:00:00,PM2.5,37,40,42,36,31,31,29,32,32,15,17,21,24,19,11,22,16,16,20,19,21,26,26,32,
鳳山,2023/03/06 00:00:00,RAINFALL,0,0,0,0,0,0,0,0,0,0,0,0,0,0,0,0,0,0,0,0,0,0,0,0,
鳳山,2023/03/06 00:00:00,RH,62,66,66,68,72,70,69,65,54,42,35,35,36,37,37,48,50,54,58,57,56,56,59,61,
鳳山,2023/03/06 00:00:00,SO2,2.4,2.1,2.6,2.2,1.5,1.5,1.5,2,2.5,2.3,2.8,3.1,2.7,2.8,2.2,2.4,2.6,2,1.9,2,2.1,2.5,2.8,2.1,
鳳山,2023/03/06 00:00:00,THC,2.57,2.52,2.56,2.4,2.31,2.48,2.45,2.36,2.28,2.19,2.24,2.57,2.24,2.14,2.11,2.18,2.2,2.23,2.22,2.22,2.23,2.36,2.46,2.44,
鳳山,2023/03/06 00:00:00,WD_HR,86,91,94,102,85,91,95,92,103,96,164,269,275,255,272,280,286,275,281,271,288,276,86,83,
鳳山,2023/03/06 00:00:00,WIND_DIREC,93,68,103,104,83,94,93,89,111,118,233,292,251,242,299,289,286,272,274,314,278,297,85,58,
鳳山,2023/03/06 00:00:00,WIND_SPEED,0.8,0.3,0.4,0.4,0.3,0.4,0.9,0.8,1.2,0.9,1.2,1.5,1.5,1.5,1.7,1.7,1.3,1,1.1,0.4,0.7,0.6,0.3,0.3,
鳳山,2023/03/06 00:00:00,WS_HR,0.3,0.5,0.4,0.5,0.3,0.4,0.6,0.7,0.8,0.2,0.2,0.7,1.1,1,1.1,1.2,1,0.7,0.6,0.3,0.4,0.6,0.2,0.4,
鳳山,2023/03/07 00:00:00,AMB_TEMP,20.4,19.9,19.7,19.9,19.7,19.2,19,20,22.1,23.2,25,25.5,26.6,27.2,26.7,25.9,25,23.9,23.2,22.4,21.8,21.4,21.3,20.7,
鳳山,2023/03/07 00:00:00,CH4,2.2,2.14,2.22,2.13,2.28,2.22,2.19,2.17,2.11,2.16,2.06,2.07,2.04,2.04,2.03,2.08,2.07,2.04,2.05,2.04,2.06,2.08,2.06,2.08,
鳳山,2023/03/07 00:00:00,CO,0.52,0.41,0.36,0.28,0.33,0.3,0.4,0.61,0.51,0.47,0.42,0.46,0.5,0.44,0.46,0.53,0.7,0.77,0.77,0.54,0.43,0.45,0.33,0.35,
鳳山,2023/03/07 00:00:00,NMHC,0.22,0.14,0.13,0.09,0.14,0.08,0.11,0.17,0.13,0.22,0.13,0.11,0.13,0.1,0.1,0.13,0.15,0.2,0.22,0.16,0.14,0.14,0.08,0.09,
鳳山,2023/03/07 00:00:00,NO,0.2,0.3,1,0.5,0.5,0.8,0.8,2.8,4.2,5.9,9.5,4.8,2.1,2,2.7,3.4,2.8,3.9,2.9,2,1,0.9,1.1,0.5,
鳳山,2023/03/07 00:00:00,NO2,21.4,11.8,11.5,8.9,10.3,10,11.4,22,19.1,19.5,18.4,15.6,17.1,15,16.8,19.5,20.7,27.1,26,19.9,20,17.8,11.6,11.7,
鳳山,2023/03/07 00:00:00,NOx,21.6,12.1,12.5,9.4,10.8,10.9,12.3,24.8,23.4,25.5,27.9,20.4,19.3,17,19.5,23,23.6,31,28.9,22,21.1,18.7,12.8,12.2,
鳳山,2023/03/07 00:00:00,O3,27.6,37.9,39.4,46.7,36.4,32.2,28.4,21.4,27.3,35.5,50.2,56,68.4,71,64,57.2,57.4,44.6,39.1,39.9,36.9,37.9,43.1,41,
鳳山,2023/03/07 00:00:00,PM10,65,58,51,36,38,37,41,42,48,82,51,45,48,45,45,#,58,55,47,46,37,47,38,35,
鳳山,2023/03/07 00:00:00,PM2.5,36,33,27,19,20,19,19,19,18,19,16,17,17,26,#,#,23,21,19,21,17,21,15,17,
鳳山,2023/03/07 00:00:00,RAINFALL,0,0,0,0,0,0,0,0,0,0,0,0,0,0,0,0,0,0,0,0,0,0,0,0,
鳳山,2023/03/07 00:00:00,RH,62,60,59,56,59,61,62,59,49,47,37,36,36,36,39,45,49,50,52,53,53,54,50,52,
鳳山,2023/03/07 00:00:00,SO2,2.1,2.2,2.1,2.3,1.9,1.8,1.7,2.1,3.1,2.6,2.2,2.1,2.3,2.2,1.9,2.2,2.4,2,1.7,2.2,2.5,1.9,1.8,1.8,
鳳山,2023/03/07 00:00:00,THC,2.43,2.29,2.36,2.22,2.43,2.31,2.3,2.35,2.25,2.39,2.2,2.19,2.18,2.14,2.14,2.22,2.23,2.25,2.27,2.21,2.21,2.23,2.15,2.18,
鳳山,2023/03/07 00:00:00,WD_HR,91,87,99,91,96,95,91,91,94,110,122,278,279,286,278,286,274,271,278,277,90,77,101,86,
鳳山,2023/03/07 00:00:00,WIND_DIREC,102,40,86,99,88,101,72,95,96,180,257,214,285,278,284,283,264,319,70,252,91,85,96,56,
鳳山,2023/03/07 00:00:00,WIND_SPEED,0.9,0.3,0.4,0.5,0.5,0.4,0.5,0.8,1.1,1.1,0.8,1,1.6,1.8,1.3,1.5,1.5,1,0.7,0.8,0.5,0.4,0.5,0.3,
鳳山,2023/03/07 00:00:00,WS_HR,0.4,0.4,0.5,0.4,0.5,0.7,0.6,0.6,0.8,0.7,0.4,0.3,0.8,1.2,1.3,1,1.3,0.8,0.7,0.3,0.3,0.1,0.4,0.1,
鳳山,2023/03/08 00:00:00,AMB_TEMP,20.4,20,19.2,18.4,18.4,18.2,18.2,19.3,21.8,23.5,25.6,26.6,27.5,27.8,26.9,26.1,25.6,24.5,23.7,23.2,22.3,21.9,21.3,21,
鳳山,2023/03/08 00:00:00,CH4,2.15,2.23,2.19,2.13,2.09,2.11,2.11,2.12,2.04,1.99,2,2,2.02,2.02,2.01,2,2.01,2.02,2.04,2.07,2.1,2.1,2.18,2.38,
鳳山,2023/03/08 00:00:00,CO,0.32,0.29,0.24,0.22,0.2,0.23,0.31,0.7,0.5,0.32,0.45,0.48,0.47,0.41,0.42,0.45,0.56,0.76,0.81,0.66,0.51,0.46,0.61,0.82,
鳳山,2023/03/08 00:00:00,NMHC,0.09,0.11,0.1,0.07,0.06,0.08,0.08,0.19,0.15,0.07,0.11,0.15,0.16,0.11,0.1,0.11,0.15,0.21,0.22,0.24,0.21,0.19,0.24,0.39,
鳳山,2023/03/08 00:00:00,NO,0.5,1,1.3,1.2,1.2,1.4,1.4,3.3,4.7,2.8,3.7,3.9,3.3,3.5,3.4,3.4,3.7,5.9,3.3,1.9,1.3,1.2,1.2,1.2,
鳳山,2023/03/08 00:00:00,NO2,11.7,11.6,10.3,8.4,7.4,8.1,10.7,21.8,19.4,12.1,16.4,17.3,16.5,14.8,15.7,16.4,19.6,24.6,31.9,28,21.4,19.6,21.7,31.1,
鳳山,2023/03/08 00:00:00,NOx,12.3,12.6,11.6,9.6,8.6,9.5,12.1,25.1,24.1,14.9,20.2,21.3,19.9,18.3,19.2,19.9,23.4,30.6,35.2,30,22.7,20.9,23,32.4,
鳳山,2023/03/08 00:00:00,O3,38.2,35.3,31.4,30,32.2,31,29.2,21,29.2,46.8,46.9,53.2,60.8,59.8,58.8,57.4,54.9,51,44.1,42,49.6,55,46.5,26,
鳳山,2023/03/08 00:00:00,PM10,33,36,35,29,26,29,28,35,41,32,37,41,43,45,39,39,45,40,47,47,53,60,54,56,
鳳山,2023/03/08 00:00:00,PM2.5,18,16,20,16,12,14,19,20,18,13,11,13,14,13,12,18,13,17,17,26,29,27,29,32,
鳳山,2023/03/08 00:00:00,RAINFALL,0,0,0,0,0,0,0,0,0,0,0,0,0,0,0,0,0,0,0,0,0,0,0,0,
鳳山,2023/03/08 00:00:00,RH,52,54,59,61,61,60,59,55,49,45,36,36,32,28,31,31,32,36,39,39,39,37,42,46,
鳳山,2023/03/08 00:00:00,SO2,1.8,1.1,0.9,0.7,0.6,0.6,0.8,1.3,1.1,1.4,1.3,1.3,1.3,1.3,1.3,1.1,0.9,0.9,1.3,1.6,1.3,1.3,1.7,1.6,
鳳山,2023/03/08 00:00:00,THC,2.25,2.35,2.3,2.21,2.16,2.2,2.2,2.32,2.2,2.07,2.12,2.16,2.19,2.14,2.12,2.12,2.17,2.24,2.27,2.32,2.32,2.3,2.43,2.78,
鳳山,2023/03/08 00:00:00,WD_HR,82,97,94,92,99,97,95,89,104,115,303,285,284,288,282,281,278,272,270,87,99,80,49,81,
鳳山,2023/03/08 00:00:00,WIND_DIREC,86,97,96,99,93,96,97,93,88,91,116,280,276,302,283,282,272,270,302,96,85,55,39,92,
鳳山,2023/03/08 00:00:00,WIND_SPEED,0.5,0.5,0.8,0.4,0.8,0.9,0.9,0.9,0.7,0.8,1.2,1.4,1.8,1.6,1.6,2,1.5,1.4,0.7,0.5,0.4,0.3,0.3,0.4,
鳳山,2023/03/08 00:00:00,WS_HR,0.4,0.4,0.8,0.6,0.6,0.6,0.7,0.8,0.7,0.4,0.2,0.7,0.8,1.4,1.5,1.4,1.3,1.2,0.5,0.1,0.4,0.3,0.2,0.4,
鳳山,2023/03/09 00:00:00,AMB_TEMP,20.3,19.5,19.1,19,18.8,18.6,18.9,19.9,22,24.5,26,27,27.7,27.6,27.1,26.4,25.6,24.5,23.7,23.2,22.6,22.4,22,21.4,
鳳山,2023/03/09 00:00:00,CH4,2.28,2.18,2.18,2.22,2.14,2.13,2.28,2.28,2.18,2.06,2.02,2.02,2.03,2.02,2.03,2.07,2.06,2.07,2.07,2.1,2.13,2.14,2.21,2.25,
鳳山,2023/03/09 00:00:00,CO,0.57,0.5,0.38,0.33,0.29,0.31,0.51,0.97,0.88,0.44,0.47,0.48,0.49,0.42,0.43,0.53,0.7,0.85,0.72,0.71,0.67,0.75,0.72,0.64,
鳳山,2023/03/09 00:00:00,NMHC,0.27,0.16,0.1,0.12,0.09,0.1,0.2,0.38,0.3,0.14,0.16,0.17,0.15,0.11,0.11,0.13,0.19,0.22,0.18,0.21,0.24,0.26,0.29,0.3,
鳳山,2023/03/09 00:00:00,NO,1.1,0,0.3,0.4,0.2,0.2,0.6,4.4,8,3.8,2.9,3.1,2.4,2.7,2.4,2.2,2.6,2.7,1.8,0.7,0.9,1.4,0.8,0.6,
鳳山,2023/03/09 00:00:00,NO2,22.2,10.3,9.3,8.3,7.3,7.6,17.8,39.7,36,22.4,18.9,18.4,17.7,14.8,16.3,18.2,21.5,26.5,25.8,24.2,26.1,32.8,33.4,27.4,
鳳山,2023/03/09 00:00:00,NOx,23.4,10.4,9.6,8.7,7.6,7.8,18.4,44.2,44.1,26.3,21.8,21.6,20.2,17.5,18.7,20.5,24.2,29.3,27.7,24.9,27,34.2,34.3,28.1,
鳳山,2023/03/09 00:00:00,O3,41.5,44.1,41.8,41.2,43.1,42.1,31.9,17.9,29.3,50,53.5,56.3,65.8,58.9,70.6,69.6,61.4,61.8,62.1,60.9,49,37.4,30.7,28.2,
鳳山,2023/03/09 00:00:00,PM10,63,56,51,42,34,34,37,53,75,59,49,53,46,47,56,59,55,63,57,67,72,77,78,72,
鳳山,2023/03/09 00:00:00,PM2.5,33,29,28,21,18,17,24,26,33,19,15,19,22,16,22,23,21,32,33,42,45,44,46,40,
鳳山,2023/03/09 00:00:00,RAINFALL,0,0,0,0,0,0,0,0,0,0,0,0,0,0,0,0,0,0,0,0,0,0,0,0,
鳳山,2023/03/09 00:00:00,RH,46,47,49,49,49,49,49,49,41,33,30,30,32,31,30,35,37,47,48,53,56,57,58,61,
鳳山,2023/03/09 00:00:00,SO2,1.5,1.6,1.7,1.4,1.3,1.2,1.4,1.8,3.1,2.9,2,1.8,1.8,1.6,1.7,2.2,2,2.2,2.4,2.7,2.7,3.2,2.9,2.4,
鳳山,2023/03/09 00:00:00,THC,2.56,2.35,2.29,2.34,2.24,2.24,2.48,2.67,2.49,2.21,2.18,2.2,2.19,2.14,2.15,2.21,2.26,2.3,2.26,2.32,2.38,2.41,2.51,2.56,
鳳山,2023/03/09 00:00:00,WD_HR,96,99,97,88,97,95,89,101,99,92,259,279,284,277,283,286,277,279,260,31,99,284,76,65,
鳳山,2023/03/09 00:00:00,WIND_DIREC,99,91,88,91,96,80,90,95,102,96,275,283,278,281,288,288,278,278,104,104,285,75,72,68,
鳳山,2023/03/09 00:00:00,WIND_SPEED,0.9,0.5,0.7,0.5,0.7,0.3,0.3,0.6,0.8,1.2,1.4,1.4,1.5,1.5,1.7,1.8,1.5,1.3,0.4,0.6,0.7,0.3,0.3,0.3,
鳳山,2023/03/09 00:00:00,WS_HR,0.7,0.7,0.7,0.4,0.7,0.5,0.3,0.6,0.7,0.6,0.4,0.5,1.2,1.3,1.5,1.5,1.3,1.4,0.5,0.1,0.1,0.1,0.2,0.3,
鳳山,2023/03/10 00:00:00,AMB_TEMP,20.7,20.3,19.9,19.8,19.7,19.3,19.1,20,22.4,24.8,26.5,27.5,27.9,28,27.1,26.8,25.8,24.9,24.4,24.3,24.4,24.2,23.4,22.8,
鳳山,2023/03/10 00:00:00,CH4,2.25,2.26,2.42,2.25,2.16,2.18,2.18,2.19,2.17,2.14,2.11,2.1,2.04,2.03,2.02,2.03,2.03,2.05,2.07,2.07,2.08,2.04,2.09,2.13,
鳳山,2023/03/10 00:00:00,CO,0.53,0.42,0.45,0.38,0.34,0.37,0.48,0.75,0.79,0.7,0.56,0.61,0.47,0.43,0.41,0.56,0.68,0.91,0.87,0.75,0.68,0.48,0.42,0.41,
鳳山,2023/03/10 00:00:00,NMHC,0.28,0.24,0.18,0.14,0.11,0.13,0.15,0.23,0.27,0.29,0.2,0.18,0.1,0.09,0.09,0.15,0.16,0.22,0.21,0.18,0.16,0.1,0.12,0.17,
鳳山,2023/03/10 00:00:00,NO,0.5,0.1,0,0.2,0.2,0.2,0.4,1.7,3.3,2,2.1,1.9,2.3,1.6,1.4,1.3,2.3,1.9,1.1,1.2,0.7,0.4,0.3,0.2,
鳳山,2023/03/10 00:00:00,NO2,23.8,16.5,14.8,10.8,8.3,9.9,12.7,21,26.2,27.6,19.7,19.5,14.5,13.4,13.3,16.7,20.1,27.3,26.1,22.3,20.6,13.9,13.3,14.8,
鳳山,2023/03/10 00:00:00,NOx,24.4,16.6,14.7,11.1,8.6,10.2,13.2,22.7,29.5,29.7,21.8,21.4,16.8,15.1,14.8,18,22.4,29.3,27.3,23.5,21.3,14.3,13.6,15,
鳳山,2023/03/10 00:00:00,O3,29.9,34.5,35.8,43.9,48.7,43.8,38.5,31.7,41.9,74.3,74.1,69.8,68.8,67.9,68.4,67,59.8,57.9,63.2,62.6,65.8,60.8,54.3,49.5,
鳳山,2023/03/10 00:00:00,PM10,77,77,84,72,52,63,51,61,90,79,60,58,51,40,43,48,45,51,53,50,53,40,51,60,
鳳山,2023/03/10 00:00:00,PM2.5,45,48,55,51,38,37,34,36,43,45,32,34,23,17,20,21,21,28,34,29,25,23,24,31,
鳳山,2023/03/10 00:00:00,RAINFALL,0,0,0,0,0,0,0,0,0,0,0,0,0,0,0,0,0,0,0,0,0,0,0,0,
鳳山,2023/03/10 00:00:00,RH,62,61,65,63,60,62,62,58,53,51,47,44,40,43,49,51,56,57,56,56,57,62,63,63,
鳳山,2023/03/10 00:00:00,SO2,2.2,2.2,1.9,1.8,1.5,1.8,2.1,2,2.9,5,3.7,3.3,2.8,2.4,2.3,2.1,2,1.7,2.2,2.1,2.4,1.9,1.9,2,
鳳山,2023/03/10 00:00:00,THC,2.54,2.51,2.61,2.4,2.28,2.32,2.34,2.43,2.45,2.44,2.32,2.29,2.15,2.13,2.11,2.19,2.2,2.28,2.29,2.25,2.25,2.15,2.22,2.31,
鳳山,2023/03/10 00:00:00,WD_HR,93,96,94,98,93,97,97,93,110,151,247,282,258,282,273,277,280,284,271,273,283,342,89,91,
鳳山,2023/03/10 00:00:00,WIND_DIREC,101,89,91,103,82,100,95,99,185,269,251,288,259,282,237,288,284,277,260,222,281,61,103,88,
鳳山,2023/03/10 00:00:00,WIND_SPEED,0.6,0.6,0.4,0.5,0.5,0.8,0.9,0.7,0.7,1.1,1.4,1.4,1.8,1.8,1.4,1.5,1.2,0.7,0.7,0.5,0.5,0.3,0.4,0.6,
鳳山,2023/03/10 00:00:00,WS_HR,0.5,0.5,0.4,0.5,0.6,0.7,0.8,0.7,0.2,0.2,0.7,1,1,1.1,1,1.1,1,0.7,0.7,0.5,0.4,0.1,0.4,0.3,
鳳山,2023/03/11 00:00:00,AMB_TEMP,22.2,21.4,21.1,20.8,20.5,19.9,19.7,20.9,23.2,25.1,26.7,27.9,27.9,28.2,27.9,27.2,26.4,25.1,24.4,24.1,24.2,24,23.4,22.8,
鳳山,2023/03/11 00:00:00,CH4,2.2,2.3,2.28,2.23,2.18,2.19,2.18,2.13,2.09,2.07,2.03,2.03,2.05,2.04,2.03,2.02,2.03,2.04,2.05,2.05,2.04,2.04,2.1,2.14,
鳳山,2023/03/11 00:00:00,CO,0.44,0.39,0.41,0.33,0.33,0.36,0.42,0.54,0.44,0.44,0.39,0.43,0.54,0.46,0.46,0.49,0.56,0.69,0.82,0.73,0.59,0.5,0.46,0.38,
鳳山,2023/03/11 00:00:00,NMHC,0.16,0.15,0.11,0.11,0.09,0.1,0.11,0.16,0.11,0.1,0.08,0.09,0.13,0.11,0.07,0.1,0.12,0.16,0.2,0.18,0.15,0.1,0.12,0.13,
鳳山,2023/03/11 00:00:00,NO,0.2,0.6,0.8,1,0.9,0.7,0.7,1.4,2,2.3,1.9,1.8,2.1,2,1.6,2,2.1,1.6,2.5,2.2,1.4,1.4,1.2,0.6,
鳳山,2023/03/11 00:00:00,NO2,14.4,12.3,11.1,9.2,8.3,10.2,12.6,14.6,13,12,8.3,8.7,15.4,12.9,10.5,10.7,14.3,15.9,21.9,19.5,16.9,16.1,16,14.7,
鳳山,2023/03/11 00:00:00,NOx,14.7,12.9,11.9,10.2,9.3,10.9,13.3,16,15,14.4,10.2,10.6,17.6,15,12.2,12.7,16.4,17.5,24.5,21.8,18.4,17.6,17.3,15.4,
鳳山,2023/03/11 00:00:00,O3,50.4,46.9,44.4,46,44.7,37.2,32.5,34.4,40.2,50.2,61.2,69.2,73,72.9,74.4,61,57.3,53.8,43.7,42.8,41.6,40.6,35.7,35,
鳳山,2023/03/11 00:00:00,PM10,58,64,64,49,46,56,40,46,48,46,36,37,49,52,43,43,44,46,43,38,40,34,38,42,
鳳山,2023/03/11 00:00:00,PM2.5,32,45,39,34,31,32,23,23,27,19,21,19,24,23,19,18,21,23,20,17,19,14,17,22,
鳳山,2023/03/11 00:00:00,RAINFALL,0,0,0,0,0,0,0,0,0,0,0,0,0,0,0,0,0,0,0,0,0,0,0,0,
鳳山,2023/03/11 00:00:00,RH,64,67,68,68,69,73,70,61,55,51,43,39,46,46,45,48,49,57,59,60,60,62,63,64,
鳳山,2023/03/11 00:00:00,SO2,2,2.2,2.1,1.9,1.9,2.2,1.9,2.2,2.3,2.6,2.3,2.4,2.5,2.5,2.6,2.1,2.1,2,1.8,1.6,1.7,1.7,1.9,2.8,
鳳山,2023/03/11 00:00:00,THC,2.37,2.46,2.4,2.34,2.28,2.3,2.3,2.3,2.21,2.18,2.12,2.13,2.19,2.16,2.11,2.13,2.16,2.21,2.26,2.24,2.2,2.15,2.23,2.28,
鳳山,2023/03/11 00:00:00,WD_HR,89,100,87,95,94,94,99,106,102,191,112,250,288,283,269,281,280,294,274,295,275,285,60,87,
鳳山,2023/03/11 00:00:00,WIND_DIREC,85,93,97,98,99,96,92,117,105,283,101,227,297,290,290,285,267,277,265,308,331,329,84,82,
鳳山,2023/03/11 00:00:00,WIND_SPEED,0.5,0.4,0.6,1.2,0.7,0.9,0.6,0.9,1,1.1,1.2,1.1,1.3,1.9,1.7,1.4,1.1,0.8,0.7,0.7,0.4,0.3,0.4,0.3,
鳳山,2023/03/11 00:00:00,WS_HR,0.4,0.6,0.4,0.7,0.8,0.6,0.7,0.8,0.8,0.1,0.4,0.3,0.9,1.2,1.1,1,0.9,0.7,0.5,0.5,0.4,0.4,0.2,0.4,
鳳山,2023/03/12 00:00:00,AMB_TEMP,22.7,22.2,21.6,21.2,20.6,20,20.1,21.2,23.2,24.5,26.3,27.6,28.5,28.5,28.2,27.9,27.3,26.3,25.4,24.6,24.1,23.7,23,22.2,
鳳山,2023/03/12 00:00:00,CH4,2.14,2.2,2.24,2.25,2.28,2.2,2.23,2.16,2.06,2.01,2.03,2.07,2,2.03,2.03,2.02,2.03,2.04,2.04,2.04,2.04,2.04,2.06,2.09,
鳳山,2023/03/12 00:00:00,CO,0.34,0.37,0.38,0.34,0.34,0.32,0.39,0.5,0.4,0.34,0.44,0.57,0.37,0.39,0.43,0.41,0.53,0.65,0.67,0.51,0.43,0.35,0.36,0.31,
鳳山,2023/03/12 00:00:00,NMHC,0.11,0.14,0.18,0.18,0.14,0.08,0.14,0.15,0.08,0.05,0.09,0.17,0.08,0.08,0.08,0.09,0.11,0.16,0.16,0.12,0.11,0.07,0.09,0.07,
鳳山,2023/03/12 00:00:00,NO,1,0.6,0.6,0.3,0.4,0.4,0.3,1.3,1.1,1.1,1.4,1.5,1.7,1.6,1.1,1.7,1.8,1.9,2.3,1.4,1.7,1.2,1.4,1.1,
鳳山,2023/03/12 00:00:00,NO2,13,14.8,14,11.6,12.2,10.5,12.6,14.9,10.8,8,10.5,14.8,8.3,8.8,9.3,10.9,14.5,17.8,19.9,18.5,16.8,13.5,14.2,14.4,
鳳山,2023/03/12 00:00:00,NOx,14.1,15.4,14.6,12,12.7,11,13,16.2,11.9,9.1,11.9,16.4,10.1,10.4,10.5,12.7,16.3,19.8,22.3,19.9,18.6,14.7,15.6,15.6,
鳳山,2023/03/12 00:00:00,O3,37.1,30.3,26,29.6,24.8,27.2,24.7,27.8,37,46.6,57.5,65.2,53.3,58.3,61.5,59.5,54.3,45.7,47.3,45.2,37.6,35.2,26.6,20.6,
鳳山,2023/03/12 00:00:00,PM10,41,42,42,41,40,45,43,44,40,32,35,45,26,33,28,35,29,x,51,47,47,45,53,63,
鳳山,2023/03/12 00:00:00,PM2.5,24,29,22,24,28,24,25,26,20,19,19,19,14,18,14,16,13,18,22,25,21,20,15,13,
鳳山,2023/03/12 00:00:00,RAINFALL,0,0,0,0,0,0,0,0,0,0,0,0,0,0,0,0,0,0,0,0,0,0,0,0,
鳳山,2023/03/12 00:00:00,RH,63,64,68,69,72,76,76,68,58,53,46,45,38,37,37,35,34,43,52,56,61,65,70,75,
鳳山,2023/03/12 00:00:00,SO2,2.7,2.1,1.6,1.4,1.3,1.1,0.9,1.2,1.7,1.8,2,1.9,1.3,1.1,1.3,1.4,1.3,1.3,1.3,1.4,1.9,1.7,1.6,1.9,
鳳山,2023/03/12 00:00:00,THC,2.25,2.35,2.43,2.43,2.43,2.29,2.38,2.32,2.15,2.07,2.13,2.25,2.09,2.11,2.12,2.12,2.15,2.21,2.21,2.17,2.16,2.12,2.16,2.17,
鳳山,2023/03/12 00:00:00,WD_HR,75,62,87,92,87,108,93,104,98,107,271,280,287,277,279,284,279,281,278,274,273,267,278,278,
鳳山,2023/03/12 00:00:00,WIND_DIREC,91,74,94,90,95,116,85,107,78,94,273,258,281,282,294,292,273,286,288,263,117,282,285,286,
鳳山,2023/03/12 00:00:00,WIND_SPEED,0.5,0.3,0.3,0.3,0.6,0.5,0.3,0.8,0.8,0.9,0.9,1.6,1.6,1.5,1.6,1.5,1.3,1.6,1,1.1,0.7,1.2,1,0.9,
鳳山,2023/03/12 00:00:00,WS_HR,0.3,0.3,0.3,0.5,0.4,0.4,0.5,0.5,0.7,0.6,0.3,0.8,1.2,1,1.1,1.1,1.1,0.8,0.7,0.6,0.4,0.3,0.9,0.8,
鳳山,2023/03/13 00:00:00,AMB_TEMP,21.6,20.6,19.7,19.1,18.4,17.9,18.1,19.3,20.8,22,24.1,25.4,26.1,25.8,24.8,24.1,23.5,23,22.5,22.6,22.5,21.7,20.6,20.1,
鳳山,2023/03/13 00:00:00,CH4,2.09,2.13,2.17,2.2,2.16,2.15,2.15,2.2,2.2,2.2,2.13,2.06,2.06,2.04,2.03,2.05,2.05,2.07,2.05,2.07,2.07,2.14,2.16,2.18,
鳳山,2023/03/13 00:00:00,CO,0.29,0.33,0.36,0.38,0.35,0.35,0.4,0.86,0.96,0.91,0.69,0.53,0.52,0.39,0.41,0.47,0.52,0.82,0.6,0.51,0.52,0.6,0.51,0.44,
鳳山,2023/03/13 00:00:00,NMHC,0.08,0.09,0.12,0.16,0.09,0.14,0.14,0.34,0.32,0.3,0.2,0.14,0.14,0.08,0.1,0.12,0.13,0.21,0.13,0.12,0.13,0.22,0.2,0.21,
鳳山,2023/03/13 00:00:00,NO,0.7,0.8,0.7,0.8,1,1.2,1.5,15.5,19.1,16.2,7.8,4.2,3.8,2.7,2.3,2.7,2.3,3,1.4,0.9,0.8,2.3,2.5,1.4,
鳳山,2023/03/13 00:00:00,NO2,12.6,13.1,13.2,13.2,11.9,13.6,16.1,28.2,32.2,35.4,26.9,16.3,16.2,10.7,11.1,18.5,15.2,23.7,17.7,16.6,20.5,28.7,25.7,23.3,
鳳山,2023/03/13 00:00:00,NOx,13.4,13.9,13.9,14.1,12.9,14.8,17.7,43.8,51.3,51.6,34.8,20.6,20,13.4,13.4,21.2,17.5,26.8,19.2,17.5,21.3,31,28.2,24.7,
鳳山,2023/03/13 00:00:00,O3,19.9,18.8,22.2,24.2,26,19,17.7,9.1,10.7,14.3,35,43.5,47.8,49.4,50.5,47.1,50.8,44.3,47.9,44.3,37,19.9,17,15.3,
鳳山,2023/03/13 00:00:00,PM10,55,60,53,50,52,52,48,55,62,72,67,40,52,44,47,53,55,61,67,55,61,75,68,65,
鳳山,2023/03/13 00:00:00,PM2.5,21,24,28,22,24,24,24,24,28,33,27,18,17,20,21,22,18,22,21,22,24,31,21,22,
鳳山,2023/03/13 00:00:00,RAINFALL,0,0,0,0,0,0,0,0,0,0,0,0,0,0,0,0,0,0,0,0,0,0,0,0,
鳳山,2023/03/13 00:00:00,RH,80,82,82,81,77,74,75,70,61,57,55,53,48,48,49,54,55,58,60,60,61,57,58,59,
鳳山,2023/03/13 00:00:00,SO2,1.5,1.9,2,1.8,1.9,2.1,2,2.2,3.2,3.3,3.7,2.4,1.9,1.4,1.3,1.9,1.8,1.7,1.7,1.7,2.7,3.2,3.5,3.4,
鳳山,2023/03/13 00:00:00,THC,2.18,2.22,2.3,2.36,2.26,2.3,2.3,2.55,2.53,2.51,2.34,2.21,2.21,2.13,2.14,2.18,2.19,2.29,2.19,2.2,2.21,2.37,2.37,2.4,
鳳山,2023/03/13 00:00:00,WD_HR,286,276,273,281,277,283,58,293,285,280,246,267,269,264,262,276,267,281,266,107,107,284,271,282,
鳳山,2023/03/13 00:00:00,WIND_DIREC,284,275,267,276,275,286,89,290,258,285,251,291,251,264,285,299,277,251,359,55,101,306,228,276,
鳳山,2023/03/13 00:00:00,WIND_SPEED,1.1,1.3,0.6,1.5,1.7,0.8,0.4,0.6,1.1,0.8,1.1,1.4,1.5,1.2,1.4,1.4,1.2,0.8,0.4,0.4,0.6,0.9,1,0.8,
鳳山,2023/03/13 00:00:00,WS_HR,0.5,0.7,0.9,1,1.1,0.9,0.1,0.4,0.8,0.4,0.3,0.5,0.7,0.8,0.8,0.9,0.7,0.5,0.3,0.4,0.5,0.5,0.8,0.6,
鳳山,2023/03/14 00:00:00,AMB_TEMP,20,19.7,19.9,19.4,19.1,19.1,19.1,19.6,21.8,23.5,24.5,25.7,26.9,27.3,26.3,25.5,24.9,24.2,23.4,23,22.7,22.6,22.3,21.7,
鳳山,2023/03/14 00:00:00,CH4,2.21,2.19,2.2,2.25,2.27,2.32,2.36,2.43,2.35,2.12,2.12,2.12,2.07,2.07,2.07,2.05,2.04,2.07,2.07,2.08,2.06,2.09,2.09,2.18,
鳳山,2023/03/14 00:00:00,CO,0.42,0.35,0.35,0.38,0.4,0.43,0.5,0.92,1,0.63,0.62,0.7,0.49,0.45,0.45,0.44,0.51,0.73,0.7,0.68,0.55,0.6,0.5,0.48,
鳳山,2023/03/14 00:00:00,NMHC,0.22,0.19,0.15,0.26,0.32,0.32,0.27,0.43,0.44,0.23,0.18,0.19,0.11,0.16,0.12,0.1,0.12,0.2,0.17,0.16,0.12,0.14,0.13,0.19,
鳳山,2023/03/14 00:00:00,NO,1.3,1,0.9,0.8,0.9,1.1,1.9,16.4,18.2,7.3,5.3,4.8,3.2,2.4,2.5,2.6,2.7,2.9,2.1,1.9,0.9,1,0.8,0.5,
鳳山,2023/03/14 00:00:00,NO2,24.6,21,17.2,19.3,21.7,23.5,22.7,26.3,35.7,24.4,20.7,21.7,13.3,13.3,14.5,13,17,24.1,22.3,22.2,17.3,18.8,16.5,17.8,
鳳山,2023/03/14 00:00:00,NOx,25.9,22.1,18.1,20.2,22.6,24.6,24.6,42.7,53.9,31.7,26,26.5,16.5,15.8,17.1,15.6,19.7,27,24.5,24.2,18.3,19.9,17.3,18.3,
鳳山,2023/03/14 00:00:00,O3,12.2,13.8,16.9,10.1,7.8,5.2,5.6,3.2,11.6,28.4,42.9,51.6,57.8,59.9,57.3,56.5,50.5,46.8,47.2,44.7,46.8,43.7,44.8,34.9,
鳳山,2023/03/14 00:00:00,PM10,51,50,52,52,48,53,50,61,72,59,58,55,35,32,34,36,34,43,43,40,41,39,38,59,
鳳山,2023/03/14 00:00:00,PM2.5,23,19,22,21,21,20,23,31,32,26,25,25,15,11,13,17,15,18,19,18,17,21,14,25,
鳳山,2023/03/14 00:00:00,RAINFALL,0,0,0,0,0,0,0,0,0,0,0,0,0,0,0,0,0,0,0,0,0,0,0,0,
鳳山,2023/03/14 00:00:00,RH,60,61,61,63,64,65,68,66,60,58,54,49,42,41,45,47,48,53,57,59,63,64,67,70,
鳳山,2023/03/14 00:00:00,SO2,3.1,2.2,1.8,1.9,2.1,1.8,1.4,1.5,2.7,3.7,4,4.9,2.8,1.8,1.7,1.6,1.4,1.4,1.5,1.5,1.5,1.7,1.7,1.5,
鳳山,2023/03/14 00:00:00,THC,2.43,2.39,2.36,2.51,2.6,2.64,2.64,2.86,2.8,2.36,2.3,2.32,2.19,2.24,2.2,2.16,2.17,2.28,2.25,2.25,2.19,2.24,2.22,2.38,
鳳山,2023/03/14 00:00:00,WD_HR,282,85,89,85,81,80,86,86,309,240,245,266,258,257,268,270,236,276,278,268,330,276,350,94,
鳳山,2023/03/14 00:00:00,WIND_DIREC,54,94,96,9,81,77,87,99,285,202,270,287,192,249,268,264,213,263,257,242,288,271,81,98,
鳳山,2023/03/14 00:00:00,WIND_SPEED,0.4,0.6,0.5,0.5,0.4,0.3,0.5,0.4,1.1,1.2,1.1,1.6,1.3,1.5,1.5,1.2,1,0.7,0.8,0.6,0.4,0.4,0.3,0.5,
鳳山,2023/03/14 00:00:00,WS_HR,0.5,0.4,0.3,0.4,0.3,0.3,0.4,0.5,0.2,0.4,0.5,0.6,0.6,0.8,1,0.9,0.4,0.7,0.5,0.4,0,0.3,0.1,0.5,
鳳山,2023/03/15 00:00:00,AMB_TEMP,21.2,20.7,20.4,20.2,20.2,20.6,20.2,21.4,23.4,25.6,27.5,28.6,29.1,28.9,28.6,27.9,26.8,26.4,25.6,25,24.8,23.8,22.8,22.4,
鳳山,2023/03/15 00:00:00,CH4,2.25,2.22,2.23,2.27,2.21,2.24,2.29,2.19,2.11,2.07,2.08,2.13,2.12,2.07,2.05,2.06,2.06,2.08,2.11,2.14,2.23,2.16,2.17,2.18,
鳳山,2023/03/15 00:00:00,CO,0.43,0.38,0.34,0.34,0.34,0.39,0.5,0.68,0.68,0.61,0.64,0.69,0.6,0.5,0.52,0.58,0.72,0.9,1.1,1.2,1.37,0.7,0.51,0.46,
鳳山,2023/03/15 00:00:00,NMHC,0.19,0.22,0.13,0.14,0.16,0.15,0.21,0.21,0.18,0.2,0.21,0.22,0.15,0.12,0.11,0.13,0.17,0.23,0.32,0.37,0.48,0.24,0.16,0.17,
鳳山,2023/03/15 00:00:00,NO,0.5,1.1,0.9,0.7,0.8,0.7,1.2,3.6,6.1,4.4,4.4,3.5,2.8,2.7,3.2,2.6,3.5,3.8,2.8,2.5,3.3,1.7,1.3,0.9,
鳳山,2023/03/15 00:00:00,NO2,18,13.7,10.3,8.4,9,11.2,16.8,20.9,23.3,18.1,20.7,20.6,16,13.1,13.6,17.9,21.2,30.6,38.4,42.8,46.4,24.7,16.4,16.1,
鳳山,2023/03/15 00:00:00,NOx,18.5,14.8,11.3,9.2,9.9,12,18.1,24.5,29.4,22.5,25.2,24.2,18.8,15.8,16.8,20.5,24.7,34.5,41.2,45.3,49.8,26.5,17.7,17.1,
鳳山,2023/03/15 00:00:00,O3,30.9,32.8,35.9,35.5,35.5,33,24.2,26.9,35.2,46.3,48.5,65.5,66.6,63.3,53.2,54.9,49.8,41.9,31,21.3,13.9,33.8,38.4,34.5,
鳳山,2023/03/15 00:00:00,PM10,49,54,45,42,42,43,54,51,54,45,48,65,51,45,27,34,38,38,44,49,48,50,45,50,
鳳山,2023/03/15 00:00:00,PM2.5,21,25,25,24,24,21,23,26,23,22,15,25,23,18,14,19,17,18,20,21,26,23,30,32,
鳳山,2023/03/15 00:00:00,RAINFALL,0,0,0,0,0,0,0,0,0,0,0,0,0,0,0,0,0,0,0,0,0,0,0,0,
鳳山,2023/03/15 00:00:00,RH,73,75,77,76,76,75,77,70,60,52,43,42,41,39,35,39,41,42,46,50,51,62,61,65,
鳳山,2023/03/15 00:00:00,SO2,1.7,1.2,0.9,0.8,0.8,1.1,0.9,1.4,1.8,1.9,2.1,1.9,1.7,2,1.2,2,1.9,2.2,2.3,1.4,1.7,1.6,1.5,1.5,
鳳山,2023/03/15 00:00:00,THC,2.45,2.45,2.37,2.41,2.38,2.4,2.51,2.41,2.3,2.28,2.29,2.36,2.27,2.2,2.17,2.19,2.24,2.32,2.44,2.52,2.71,2.41,2.34,2.36,
鳳山,2023/03/15 00:00:00,WD_HR,89,95,101,98,99,79,92,98,47,152,279,288,281,280,283,286,269,266,263,9,302,271,283,119,
鳳山,2023/03/15 00:00:00,WIND_DIREC,89,94,111,90,85,81,102,105,90,118,276,282,279,288,278,296,258,285,288,17,279,277,287,96,
鳳山,2023/03/15 00:00:00,WIND_SPEED,0.6,0.4,0.7,0.5,0.3,0.4,0.5,1.2,1,1,1.5,1.6,1.9,1.5,1.6,1.5,1.3,0.5,0.5,0.3,0.5,0.9,0.8,0.4,
鳳山,2023/03/15 00:00:00,WS_HR,0.5,0.4,0.6,0.5,0.4,0.2,0.4,0.5,0.1,0.1,0.9,1.1,1.3,1.1,1.3,0.9,1,0.5,0.3,0.1,0.4,0.6,0.3,0.1,
鳳山,2023/03/16 00:00:00,AMB_TEMP,21.9,21.5,21.2,20.9,20.8,20.8,20.6,21.8,23.8,25.4,27.4,28.7,29.5,29.8,29.3,28.5,27.3,26.4,25.8,25.3,24.8,24.2,23.5,22.8,
鳳山,2023/03/16 00:00:00,CH4,2.22,2.25,2.26,2.37,2.26,2.34,2.22,2.21,2.12,2.19,2.25,2.12,2.09,2.13,2.07,2.06,2.06,2.09,2.11,2.11,2.13,2.14,2.17,2.2,
鳳山,2023/03/16 00:00:00,CO,0.44,0.44,0.42,0.4,0.38,0.43,0.48,0.72,0.73,0.9,1.05,0.75,0.61,0.58,0.59,0.64,0.77,1.02,1.01,0.79,0.69,0.64,0.54,0.45,
鳳山,2023/03/16 00:00:00,NMHC,0.18,0.19,0.18,0.2,0.19,0.19,0.14,0.18,0.19,0.27,0.4,0.24,0.15,0.16,0.15,0.19,0.2,0.29,0.32,0.27,0.24,0.21,0.21,0.17,
鳳山,2023/03/16 00:00:00,NO,0.6,1.4,1.2,1.3,1.1,1.3,1.4,2.9,4.6,5.8,6.3,3.5,3.6,3.4,3.8,3.8,4.6,4.3,3.8,3.6,2.3,2.8,1.9,1.8,
鳳山,2023/03/16 00:00:00,NO2,18.8,15.9,15,12.7,10.8,13.7,12.4,19.3,20.4,34.3,41,21.8,18.3,18.1,18.5,18.5,22.6,31.3,33.3,29.4,27.6,24.5,24.7,21.5,
鳳山,2023/03/16 00:00:00,NOx,19.5,17.3,16.2,14,12,15.1,13.9,22.2,25,40.2,47.3,25.3,22,21.5,22.3,22.3,27.2,35.7,37.1,33,29.9,27.3,26.6,23.3,
鳳山,2023/03/16 00:00:00,O3,29.3,26.4,26.2,27.7,29.2,27.2,30.9,26.8,33.7,41.6,60.3,72.1,62.1,63.8,57.3,56,48.1,37.6,30.5,35.2,32.7,28.8,26,24.8,
鳳山,2023/03/16 00:00:00,PM10,51,51,57,51,48,47,41,35,50,63,67,45,36,32,37,38,42,42,59,57,63,69,67,68,
鳳山,2023/03/16 00:00:00,PM2.5,28,35,36,32,30,30,29,23,23,30,35,24,14,21,16,17,17,21,25,29,32,35,34,40,
鳳山,2023/03/16 00:00:00,RAINFALL,0,0,0,0,0,0,0,0,0,0,0,0,0,0,0,0,0,0,0,0,0,0,0,0,
鳳山,2023/03/16 00:00:00,RH,69,71,72,71,70,67,65,60,54,48,42,36,33,35,37,41,47,50,57,57,62,67,72,79,
鳳山,2023/03/16 00:00:00,SO2,1.7,1.4,1.5,1.7,1.8,1.5,1.4,1.5,2,3.9,3.6,2.6,1.8,3,2.1,1.6,1.4,1.6,1.7,1.9,2.4,1.9,2.2,2.1,
鳳山,2023/03/16 00:00:00,THC,2.41,2.45,2.45,2.57,2.46,2.54,2.37,2.4,2.32,2.46,2.66,2.37,2.25,2.29,2.23,2.26,2.27,2.39,2.44,2.39,2.38,2.36,2.39,2.38,
鳳山,2023/03/16 00:00:00,WD_HR,88,92,95,97,97,97,101,107,95,144,344,290,282,288,286,277,283,271,282,273,281,273,284,279,
鳳山,2023/03/16 00:00:00,WIND_DIREC,91,95,103,74,111,92,103,109,112,244,11,277,296,288,300,271,281,278,277,273,333,289,47,282,
鳳山,2023/03/16 00:00:00,WIND_SPEED,0.6,0.4,0.6,0.3,0.3,0.6,0.7,0.6,0.8,1,0.7,1.4,1.3,1.1,1.4,0.9,0.9,0.8,0.8,0.7,0.3,0.9,0.3,0.7,
鳳山,2023/03/16 00:00:00,WS_HR,0.5,0.5,0.4,0.4,0.4,0.4,0.7,0.7,0.1,0.2,0.2,0.6,0.8,0.9,1.1,0.9,0.9,0.6,0.5,0.3,0.1,0.5,0.1,0.7,
鳳山,2023/03/17 00:00:00,AMB_TEMP,22.1,21.6,21.4,21.2,20.9,20.5,20.4,21.5,23.1,25.4,#,28.7,29.1,29.2,28.9,28.1,26.9,25.9,25.1,25.3,25.1,24.5,24.1,23.7,
鳳山,2023/03/17 00:00:00,CH4,2.2,2.18,2.19,2.17,2.18,2.21,2.28,2.24,2.15,2.13,2.11,2.11,#,2.06,2.05,2.03,2.03,2.05,2.05,2.07,2.09,2.11,2.1,2.11,
鳳山,2023/03/17 00:00:00,CO,0.37,0.35,0.36,0.34,0.35,0.4,0.52,0.83,0.59,0.62,0.7,0.75,#,0.56,0.51,0.57,0.67,0.88,0.96,0.86,0.67,0.48,0.43,0.38,
鳳山,2023/03/17 00:00:00,NMHC,0.14,0.1,0.12,0.09,0.09,0.1,0.16,0.25,0.16,0.19,0.2,0.22,#,0.13,0.14,0.15,0.18,0.24,0.25,0.26,0.26,0.17,0.12,0.09,
鳳山,2023/03/17 00:00:00,NO,1.8,0.6,1.1,0.9,0.7,1,1.6,7,3.7,3.4,2.8,3.8,#,2.4,3.3,3.1,3.3,4.2,4.2,3.7,3,1.5,1.4,1.3,
鳳山,2023/03/17 00:00:00,NO2,17.9,13.6,15.9,13.1,8.9,10.1,14.6,20.6,18.2,18.5,21.5,26.2,#,12.2,16.1,14.8,19.3,24.9,26.7,27.2,27.3,22.7,14.4,10.3,
鳳山,2023/03/17 00:00:00,NOx,19.7,14.2,17,14.1,9.7,11.1,16.2,27.7,22,22,24.3,30.1,#,14.7,19.4,17.9,22.6,29.2,30.9,31,30.3,24.2,15.8,11.7,
鳳山,2023/03/17 00:00:00,O3,25.5,24.8,19.7,20.5,21.4,14.8,10.7,11.9,27.6,44.9,#,#,51.3,49.5,50,47.9,41.4,34.6,29.9,25.3,24.4,27.1,32.9,38.1,
鳳山,2023/03/17 00:00:00,PM10,69,80,71,87,85,88,92,89,65,66,#,#,44,42,46,39,36,37,33,38,47,49,52,40,
鳳山,2023/03/17 00:00:00,PM2.5,35,34,37,42,43,43,43,57,41,36,33,#,#,21,23,16,15,20,16,17,24,21,27,22,
鳳山,2023/03/17 00:00:00,RAINFALL,0,0,0,0,0,0,0,0,0,0,0,#,0,0,0,0,0,0,0,0,0,0,0,0,
鳳山,2023/03/17 00:00:00,RH,84,87,89,91,92,93,94,88,75,60,#,48,47,50,52,55,56,59,60,58,59,63,65,63,
鳳山,2023/03/17 00:00:00,SO2,2.1,1.7,1.8,1.7,1.7,1.5,1.4,1.7,3.4,3.2,3,3.9,#,1.9,2,1.6,1.6,1.5,1.6,1.8,2.5,2.6,1.9,1.8,
鳳山,2023/03/17 00:00:00,THC,2.35,2.29,2.32,2.27,2.28,2.32,2.44,2.5,2.32,2.33,2.32,2.34,#,2.2,2.2,2.19,2.22,2.3,2.31,2.34,2.36,2.29,2.23,2.21,
鳳山,2023/03/17 00:00:00,WD_HR,288,89,283,264,39,113,83,100,101,54,245,269,267,281,292,296,293,273,271,274,281,95,254,276,
鳳山,2023/03/17 00:00:00,WIND_DIREC,73,104,277,114,97,107,117,108,110,44,298,264,305,296,282,298,300,253,250,284,358,91,129,324,
鳳山,2023/03/17 00:00:00,WIND_SPEED,0.4,0.5,0.7,0.5,0.3,0.5,0.3,0.8,1,0.8,1.2,1.5,1.4,1.5,1.5,1.5,1,0.9,0.8,0.9,0.7,0.7,0.9,0.6,
鳳山,2023/03/17 00:00:00,WS_HR,0.4,0.1,0.6,0.2,0,0.2,0.2,0,0.6,0.2,0,0.7,0.8,1,1.2,1.1,1,0.5,0.6,0.6,0.6,0.3,0,0.3,
鳳山,2023/03/18 00:00:00,AMB_TEMP,23.4,23.1,22.3,21.9,21.8,21.9,21.9,22.7,24.2,26.3,27.9,28.8,28.5,28.3,27.7,27.3,26.7,26.1,25,23.9,23.1,22.6,22.2,22,
鳳山,2023/03/18 00:00:00,CH4,2.1,2.11,2.21,2.38,2.32,2.27,2.44,2.32,2.16,2.1,2.13,2.14,2.08,2.04,2.02,2.02,2.02,2.07,2.07,2.1,2.12,2.13,2.14,2.18,
鳳山,2023/03/18 00:00:00,CO,0.33,0.35,0.31,0.32,0.34,0.44,0.66,0.68,0.63,0.53,0.61,0.61,0.6,0.44,0.44,0.6,0.61,0.86,0.75,0.62,0.57,0.6,0.55,0.53,
鳳山,2023/03/18 00:00:00,NMHC,0.07,0.12,0.12,0.11,0.1,0.16,0.38,0.33,0.17,0.17,0.22,0.19,0.16,0.11,0.1,0.14,0.17,0.26,0.2,0.17,0.15,0.15,0.14,0.15,
鳳山,2023/03/18 00:00:00,NO,0.9,0.2,0.1,0.4,0.1,0.6,2.6,5.8,5.1,3.3,4.3,3,2.3,1.6,2,2.1,2.9,2.3,2.4,2,1.9,1.3,1,0.7,
鳳山,2023/03/18 00:00:00,NO2,9.1,13,9.7,10,9.6,12.5,25.5,27.1,17.6,15.5,19.4,17.4,14.2,11.6,10.4,12.4,17.3,23.8,21.8,21.1,20.5,19.9,18.8,19.4,
鳳山,2023/03/18 00:00:00,NOx,10,13.3,9.9,10.5,9.8,13.1,28.1,33,22.8,18.8,23.7,20.4,16.5,13.3,12.4,14.5,20.2,26.2,24.3,23.2,22.5,21.2,19.8,20.2,
鳳山,2023/03/18 00:00:00,O3,38.6,31.7,30.9,23.7,24.7,19.6,5.7,13.3,28,39,41.2,50.8,55.4,52.6,44.9,36.8,36.7,33.6,34.6,36.2,34,32.7,31.8,28,
鳳山,2023/03/18 00:00:00,PM10,37,42,45,54,50,51,58,56,52,43,50,41,36,34,35,42,39,61,56,51,48,50,50,51,
鳳山,2023/03/18 00:00:00,PM2.5,21,21,25,25,31,28,31,37,27,17,21,21,21,15,15,9,14,21,25,22,23,23,23,24,
鳳山,2023/03/18 00:00:00,RAINFALL,0,0,0,0,0,0,0,0,0,0,0,0,0,0,0,0,0,0,0,0,0,0,0,0,
鳳山,2023/03/18 00:00:00,RH,63,65,70,81,83,79,79,74,63,54,49,47,50,52,53,54,57,59,60,65,68,69,70,73,
鳳山,2023/03/18 00:00:00,SO2,1.8,1.5,1.4,1.1,1.1,1.2,1.5,2,2.2,1.9,2.4,2.2,2.2,2.1,1.5,1.2,1.2,1.4,1.5,1.8,2,2,2,2.1,
鳳山,2023/03/18 00:00:00,THC,2.18,2.24,2.34,2.5,2.43,2.44,2.83,2.66,2.34,2.28,2.36,2.33,2.25,2.16,2.13,2.17,2.2,2.34,2.28,2.28,2.28,2.29,2.29,2.34,
鳳山,2023/03/18 00:00:00,WD_HR,282,82,95,85,83,333,26,72,89,256,269,267,277,285,291,280,274,274,280,278,278,280,271,278,
鳳山,2023/03/18 00:00:00,WIND_DIREC,319,104,77,76,72,294,285,292,315,255,266,269,292,275,264,269,273,262,269,274,284,280,261,282,
鳳山,2023/03/18 00:00:00,WIND_SPEED,0.6,0.6,0.4,0.3,0.3,0.3,0.7,1,1.2,1.1,1.2,1.2,1.4,1.8,1.4,1.3,1,0.6,1.3,1.7,0.7,1.1,0.9,1.2,
鳳山,2023/03/18 00:00:00,WS_HR,0.3,0.1,0.5,0.3,0.3,0.1,0.1,0,0.2,0.1,0.7,0.7,0.9,0.9,1.1,1,0.9,0.7,0.7,0.8,0.7,0.8,0.6,0.5,
鳳山,2023/03/19 00:00:00,AMB_TEMP,22,21.8,21.2,21,20.7,20.6,20.9,21.6,22.8,24.8,27,28.1,29.1,29.2,28.4,28.1,27.3,26.5,25.8,25.6,25,23.9,22.6,22,
鳳山,2023/03/19 00:00:00,CH4,2.21,2.24,2.31,2.32,2.29,2.32,2.3,2.31,2.32,2.2,2.17,2.14,2.1,2.07,2.05,2.03,2.04,2.06,2.07,2.08,2.11,2.12,2.11,2.14,
鳳山,2023/03/19 00:00:00,CO,0.54,0.49,0.52,0.58,0.71,0.76,0.8,0.8,0.88,0.64,0.64,0.58,0.58,0.5,0.48,0.47,0.51,0.69,0.71,0.69,0.58,0.48,0.4,0.35,
鳳山,2023/03/19 00:00:00,NMHC,0.17,0.18,0.17,0.2,0.22,0.26,0.28,0.28,0.32,0.19,0.17,0.15,0.15,0.12,0.1,0.1,0.1,0.14,0.16,0.19,0.15,0.12,0.08,0.05,
鳳山,2023/03/19 00:00:00,NO,0.8,1.1,1,1,1.3,1.8,4.8,6.4,8,5.3,3.4,2.1,2.2,2,1.8,1.9,1.7,1.9,2,2.3,2.1,1.5,1.5,1,
鳳山,2023/03/19 00:00:00,NO2,16.7,17.9,18,20.2,19.5,22.7,23,22.3,23.4,17.7,16.1,12,12.4,10.7,9.4,10.6,11.9,16.8,18,22,17.7,16.9,12.1,12.1,
鳳山,2023/03/19 00:00:00,NOx,17.5,19,19,21.3,20.9,24.5,27.9,28.7,31.5,23,19.5,14.1,14.6,12.7,11.2,12.6,13.6,18.8,20,24.3,19.9,18.5,13.6,13.1,
鳳山,2023/03/19 00:00:00,O3,24.2,20.7,15.2,10.7,10,5.6,5.5,10.2,16.9,34.1,48.4,64.3,64.9,63.1,61,55.7,53.7,47,44.6,36.6,34.1,31.4,35.1,34.4,
鳳山,2023/03/19 00:00:00,PM10,59,60,60,60,78,81,63,62,69,59,57,55,44,42,45,44,47,49,54,51,57,56,48,54,
鳳山,2023/03/19 00:00:00,PM2.5,32,32,32,40,54,54,39,41,46,35,32,32,24,16,19,21,17,17,22,25,24,21,19,26,
鳳山,2023/03/19 00:00:00,RAINFALL,0,0,0,0,0,0,0,0,0,0,0,0,0,0,0,0,0,0,0,0,0,0,0,0,
鳳山,2023/03/19 00:00:00,RH,73,74,76,77,78,78,78,75,69,62,53,49,47,49,52,53,55,58,62,64,68,68,74,77,
鳳山,2023/03/19 00:00:00,SO2,2,2,2.6,2.7,2.5,2.7,2.4,2.4,3.2,3.5,2.8,2.6,2.4,2.1,2.1,1.7,1.8,2.2,2.5,2,1.8,1.8,1.5,1.4,
鳳山,2023/03/19 00:00:00,THC,2.39,2.43,2.49,2.53,2.52,2.59,2.59,2.6,2.65,2.4,2.35,2.3,2.26,2.2,2.16,2.14,2.15,2.21,2.24,2.28,2.26,2.25,2.2,2.2,
鳳山,2023/03/19 00:00:00,WD_HR,286,283,273,275,274,276,351,300,281,153,292,249,279,285,284,280,274,277,290,286,284,164,272,274,
鳳山,2023/03/19 00:00:00,WIND_DIREC,275,286,267,278,278,284,103,288,283,243,286,302,300,280,282,263,279,291,291,287,282,248,263,282,
鳳山,2023/03/19 00:00:00,WIND_SPEED,0.7,1.1,0.9,0.9,0.7,0.8,0.8,1.2,1,0.8,0.9,1.2,1.4,1.5,1.4,1.2,1.1,0.8,1,1.3,1.1,0.7,1.1,1.1,
鳳山,2023/03/19 00:00:00,WS_HR,0.1,0.7,0.8,0.7,0.7,0.7,0.1,0.3,0.9,0.1,0.6,0.3,1,0.9,1.3,1,0.8,0.7,0.7,0.7,0.7,0.2,0.5,0.8,
鳳山,2023/03/20 00:00:00,AMB_TEMP,21.9,21.7,21.8,22,22.1,22.3,22.2,22.8,24.8,26.8,28.9,30.1,30.1,29.7,29.5,28.6,27.7,26.9,25.8,25.3,25,24.9,24.8,24.6,
鳳山,2023/03/20 00:00:00,CH4,2.13,2.11,2.15,2.15,2.17,2.19,2.15,2.16,2.18,2.11,2.09,2.1,2.05,2.02,2.04,2.03,2.05,2.06,2.07,2.07,2.07,2.08,2.17,2.18,
鳳山,2023/03/20 00:00:00,CO,0.33,0.3,0.32,0.3,0.3,0.44,0.42,0.62,0.63,0.49,0.67,0.83,0.56,0.4,0.43,0.43,0.56,0.78,0.94,0.84,0.52,0.53,0.59,0.54,
鳳山,2023/03/20 00:00:00,NMHC,0.07,0.05,0.08,0.06,0.04,0.1,0.06,0.13,0.14,0.1,0.16,0.19,0.11,0.07,0.12,0.1,0.12,0.18,0.23,0.23,0.13,0.18,0.24,0.24,
鳳山,2023/03/20 00:00:00,NO,0.8,0.9,1.1,0.6,0.7,0.9,1.1,2.2,2.7,2.2,4.5,8.1,4,4.4,2.8,2.2,1.9,3.3,1.7,1.9,0.8,0.8,0.5,0.6,
鳳山,2023/03/20 00:00:00,NO2,11.7,7.9,12,9.4,6.3,11.9,9,15.5,14.5,11.7,25.6,32.5,19.3,16.3,14.8,13.8,17.9,23.6,24.9,26.6,19.3,21.6,20.8,19.6,
鳳山,2023/03/20 00:00:00,NOx,12.5,8.9,13.2,10.1,7,12.9,10.2,17.8,17.2,14,30.1,40.6,23.4,20.8,17.7,16,19.9,26.9,26.6,28.5,20.2,22.4,21.3,20.2,
鳳山,2023/03/20 00:00:00,O3,32.6,34.6,27.6,28.8,31.6,19.8,25.1,22,31.4,44.8,42.6,40.5,47.8,43.5,50.9,50.1,48.4,36.5,36.4,30.5,33.4,25.1,23.1,23,
鳳山,2023/03/20 00:00:00,PM10,48,52,63,55,63,63,60,70,64,53,63,62,40,35,38,36,41,40,49,42,40,48,46,55,
鳳山,2023/03/20 00:00:00,PM2.5,22,27,26,31,31,29,33,36,29,28,27,31,20,19,15,21,20,18,26,26,24,29,25,30,
鳳山,2023/03/20 00:00:00,RAINFALL,0,0,0,0,0,0,0,0,0,0,0,0,0,0,0,0,0,0,0,0,0,0,0,0,
鳳山,2023/03/20 00:00:00,RH,79,83,85,85,84,82,80,76,67,58,52,48,45,48,51,55,59,61,69,71,71,70,71,72,
鳳山,2023/03/20 00:00:00,SO2,1.6,1.3,1.5,1.4,1.3,1.3,1.2,1.6,2.3,2.3,3.3,7.3,4.6,2.7,2.3,2,2,1.8,1.5,1.2,1.4,2.8,2.2,2,
鳳山,2023/03/20 00:00:00,THC,2.21,2.16,2.24,2.22,2.22,2.3,2.22,2.3,2.33,2.22,2.26,2.3,2.17,2.1,2.17,2.14,2.18,2.25,2.31,2.31,2.21,2.27,2.42,2.43,
鳳山,2023/03/20 00:00:00,WD_HR,278,284,279,86,300,268,103,166,125,144,267,279,255,259,266,262,257,282,274,297,86,85,88,99,
鳳山,2023/03/20 00:00:00,WIND_DIREC,174,283,76,307,79,277,94,187,97,120,287,274,187,244,292,291,295,284,288,80,89,90,79,126,
鳳山,2023/03/20 00:00:00,WIND_SPEED,0.6,1.1,0.4,0.4,0.3,0.8,0.4,0.4,0.8,0.9,1.4,1.4,1.1,1.4,1.6,1.6,1.3,0.6,0.8,0.5,0.6,0.4,0.3,0.3,
鳳山,2023/03/20 00:00:00,WS_HR,0.8,0.5,0.4,0.1,0,0.3,0.2,0.1,0.5,0.3,0.4,0.8,0.5,0.4,0.8,0.7,0.6,0.7,0.6,0.1,0.5,0.3,0.4,0.3,
鳳山,2023/03/21 00:00:00,AMB_TEMP,23.9,23.4,23.6,23.4,23.3,23.1,22.8,24.3,26.7,28.1,30.2,30.6,30.2,29.9,29.6,29,28.1,27.2,26.4,26.1,26,25.8,25.4,24.9,
鳳山,2023/03/21 00:00:00,CH4,2.77,2.54,2.47,2.33,2.31,2.36,2.17,2.14,2.03,1.99,2.02,1.99,1.97,1.97,1.96,#,2,2.03,2.04,2.03,2.05,2.03,2.1,2.17,
鳳山,2023/03/21 00:00:00,CO,0.46,0.43,0.37,0.33,0.33,0.35,0.38,0.72,0.56,0.59,0.74,0.65,0.47,0.37,0.34,#,#,0.75,0.78,0.69,0.68,0.5,0.43,0.4,
鳳山,2023/03/21 00:00:00,NMHC,0.19,0.2,0.14,0.13,0.15,0.18,0.11,0.19,0.14,0.24,0.43,0.25,0.14,0.13,0.08,#,0.12,0.25,0.28,0.18,0.18,0.13,0.17,0.25,
鳳山,2023/03/21 00:00:00,NO,0.7,0.9,0.9,0.7,0.5,0.7,0.9,3.7,4,2.9,5.4,7.6,4.3,2.9,2.6,#,#,2.4,1.9,1.7,1.8,1,0.3,0,
鳳山,2023/03/21 00:00:00,NO2,15.3,14.4,12.6,10.1,11.6,13.5,12,17.3,14.4,11,24,22.6,14.4,12.1,10.6,#,#,17.5,18.4,16,17.6,12.6,11.6,13.5,
鳳山,2023/03/21 00:00:00,NOx,16.1,15.3,13.5,10.9,12.1,14.2,12.9,21.1,18.5,13.9,29.5,30.2,18.8,15,13.2,#,#,19.9,20.4,17.7,19.5,13.6,11.9,13.4,
鳳山,2023/03/21 00:00:00,O3,22.1,14.2,16,17.2,13.3,11,14.9,14.4,25.7,30,32.2,30.5,37.4,40.2,38.3,30.3,41.6,39,39.7,34.2,28.2,27,25.1,23.5,
鳳山,2023/03/21 00:00:00,PM10,57,44,39,33,33,31,32,41,36,42,51,40,32,#,#,27,31,39,41,27,27,26,31,35,
鳳山,2023/03/21 00:00:00,PM2.5,29,28,23,19,26,23,19,20,20,17,22,14,12,16,#,15,20,22,27,19,20,17,19,24,
鳳山,2023/03/21 00:00:00,RAINFALL,0,0,0,0,0,0,0,0,0,0,0,0,0,0,0,0,0,0,0,0,0,0,0,0,
鳳山,2023/03/21 00:00:00,RH,80,84,83,83,82,80,78,70,59,59,54,54,55,56,58,60,64,68,73,74,74,75,77,81,
鳳山,2023/03/21 00:00:00,SO2,1.6,1.4,1.3,1.4,2,2,1.4,1.7,2,5,6.3,5.8,3.9,2.8,1.5,#,#,1.5,1.7,1.6,1.4,1.4,1.3,1.6,
鳳山,2023/03/21 00:00:00,THC,2.97,2.75,2.62,2.47,2.47,2.55,2.29,2.34,2.18,2.23,2.46,2.25,2.12,2.11,2.05,#,2.13,2.29,2.33,2.21,2.24,2.17,2.28,2.43,
鳳山,2023/03/21 00:00:00,WD_HR,92,75,86,83,91,96,98,99,109,109,235,247,273,259,286,285,270,255,264,267,285,26,96,85,
鳳山,2023/03/21 00:00:00,WIND_DIREC,84,334,98,97,84,104,104,58,120,330,223,145,278,241,285,270,272,250,289,288,308,94,100,81,
鳳山,2023/03/21 00:00:00,WIND_SPEED,0.4,0.3,0.6,0.5,0.3,0.5,0.5,0.6,0.7,0.5,1.1,1.4,1.9,1.5,1.9,1.7,1.4,1.1,0.5,0.5,0.5,0.4,0.4,0.3,
鳳山,2023/03/21 00:00:00,WS_HR,0.4,0.3,0.4,0.3,0.3,0.4,0.6,0.4,0.4,0.5,0.1,0.4,0.8,0.8,1.2,1.1,1.1,0.8,0.4,0.4,0.3,0.1,0.4,0.3,
鳳山,2023/03/22 00:00:00,AMB_TEMP,25,24.9,24.7,24.4,24.1,24,23.7,25,27.1,28.9,29.6,30.7,30.4,30.7,30.6,29.9,28.7,27.3,26.2,26,25.6,25.3,25,24.9,
鳳山,2023/03/22 00:00:00,CH4,2.1,2.14,2.21,2.46,2.42,2.43,2.48,2.23,2.06,1.97,1.95,1.94,1.92,1.92,1.93,1.92,1.93,1.94,1.93,1.95,1.96,2.03,2.06,2.03,
鳳山,2023/03/22 00:00:00,CO,0.33,0.3,0.35,0.43,0.43,0.44,0.55,0.66,0.66,0.49,0.48,0.48,0.34,0.29,0.29,0.29,0.4,0.56,0.55,0.6,0.49,0.53,0.51,0.43,
鳳山,2023/03/22 00:00:00,NMHC,0.15,0.14,0.17,0.26,0.29,0.32,0.38,0.35,0.18,0.14,0.14,0.14,0.1,0.11,0.09,0.08,0.12,0.13,0.12,0.16,0.14,0.25,0.21,0.22,
鳳山,2023/03/22 00:00:00,NO,0,0.5,0.4,0.5,0.6,0.7,3.4,4.4,4.7,4.8,3.9,4.3,5.4,4.7,4.9,5.8,6.2,6.9,4.2,5.1,1.7,2.5,2.9,4.5,
鳳山,2023/03/22 00:00:00,NO2,10.1,9.6,10.9,15.8,16.7,18.5,22.4,21.9,19.2,14.4,12.7,13.9,10.2,9.7,9.9,9.4,9.5,13.3,14.5,14,13.6,19.5,20.6,20.4,
鳳山,2023/03/22 00:00:00,NOx,10.1,10.1,11.3,16.3,17.3,19.3,25.9,26.4,24,19.2,16.7,18.3,15.6,14.5,14.8,15.3,15.7,20.3,18.8,19.2,15.3,22.1,23.6,25,
鳳山,2023/03/22 00:00:00,O3,28.4,26,20.6,11.9,8.2,4.3,4.2,16.8,23.3,23.4,29.7,28.8,22.1,21.8,19.7,14.7,13.2,9.4,8.1,7.7,6.6,0.9,0.9,1.3,
鳳山,2023/03/22 00:00:00,PM10,32,34,30,33,29,31,42,47,32,18,28,30,20,19,16,9,18,19,15,14,20,30,20,18,
鳳山,2023/03/22 00:00:00,PM2.5,18,18,17,20,20,23,30,29,28,17,14,14,10,7,5,6,7,8,8,8,11,9,12,12,
鳳山,2023/03/22 00:00:00,RAINFALL,0,0,0,0,0,0,0,0,0,0,0,0,0,0,0,0,0,0,0,0,0,0,0,0,
鳳山,2023/03/22 00:00:00,RH,81,82,83,85,86,86,86,84,70,61,60,57,54,52,48,47,54,64,72,74,76,77,83,86,
鳳山,2023/03/22 00:00:00,SO2,1.8,1.8,1.6,1.5,1.4,1.5,1.8,2.1,2.2,2.1,2,2.1,1.8,1.8,1.8,1.7,1.7,1.6,1.7,1.7,1.6,1.8,1.8,1.8,
鳳山,2023/03/22 00:00:00,THC,2.26,2.29,2.39,2.72,2.72,2.76,2.87,2.59,2.25,2.12,2.1,2.09,2.03,2.04,2.02,2.01,2.05,2.08,2.06,2.12,2.11,2.28,2.28,2.26,
鳳山,2023/03/22 00:00:00,WD_HR,60,67,333,28,38,68,85,89,280,278,252,266,261,253,277,278,268,251,264,268,20,79,53,264,
鳳山,2023/03/22 00:00:00,WIND_DIREC,81,316,320,16,45,68,82,315,295,304,296,251,238,277,274,272,281,296,260,303,80,77,29,258,
鳳山,2023/03/22 00:00:00,WIND_SPEED,0.3,0.3,0.3,0.3,0.3,0.3,0.3,0.4,1.1,1.1,1.1,1.8,1.7,1.4,1.4,1.8,1.1,1.1,0.5,0.4,0.3,0.4,0.3,0.5,
鳳山,2023/03/22 00:00:00,WS_HR,0.1,0.2,0.2,0.2,0.3,0.3,0.3,0.3,0.4,0.7,0.5,0.9,1,0.9,0.9,1.1,0.9,0.5,0.4,0.3,0.1,0.4,0.2,0.3,
鳳山,2023/03/23 00:00:00,AMB_TEMP,24.5,24,23.6,23.1,22.4,22.6,22.6,24.3,26.3,27.9,29.2,30.3,31.2,31.2,30.5,30.4,29.5,28.3,27.2,26.2,25.8,25.4,25,24.7,
鳳山,2023/03/23 00:00:00,CH4,2.05,2.17,2.3,2.24,2.2,2.14,2.23,2.18,2.02,1.99,1.96,1.97,1.98,1.97,1.96,1.97,1.98,2.01,2.02,2.01,2.04,2.05,2.06,2.08,
鳳山,2023/03/23 00:00:00,CO,0.34,0.4,0.32,0.26,0.25,0.25,0.41,0.64,0.57,0.47,0.42,0.43,0.44,0.35,0.31,0.39,0.53,0.84,0.93,0.58,0.49,0.55,0.37,0.35,
鳳山,2023/03/23 00:00:00,NMHC,0.17,0.28,0.26,0.17,0.12,0.11,0.17,0.25,0.16,0.13,0.11,0.12,0.12,0.07,0.07,0.1,0.15,0.24,0.26,0.15,0.2,0.23,0.11,0.11,
鳳山,2023/03/23 00:00:00,NO,2,2.9,1.5,0.8,0.8,0.8,5.3,11.2,8.2,5.3,4.2,3,3.1,3.1,3.2,4,5.1,8.5,6.5,3.6,2.7,3.2,1.7,1.3,
鳳山,2023/03/23 00:00:00,NO2,16.8,18.4,16.7,13.9,11.6,11.2,13.4,16.2,13.7,13,11.1,10.4,12.8,9.6,8.9,9.7,14.5,19.1,22,17.2,18.4,19.8,15.4,14.8,
鳳山,2023/03/23 00:00:00,NOx,18.9,21.3,18.2,14.8,12.4,12.1,18.7,27.5,21.9,18.3,15.3,13.5,16,12.7,12.1,13.7,19.6,27.6,28.6,20.9,21.2,23,17.1,16.1,
鳳山,2023/03/23 00:00:00,O3,3,0.1,1.3,2,1.8,2.7,2,5.1,14.3,21.9,27.9,36.8,36.7,32.2,28.2,24.8,21.4,15.7,10.5,13.1,10.4,6.7,10.2,10.2,
鳳山,2023/03/23 00:00:00,PM10,21,40,20,21,21,17,23,32,21,22,23,20,22,21,23,25,21,32,26,22,29,34,22,27,
鳳山,2023/03/23 00:00:00,PM2.5,13,16,10,13,10,12,12,15,12,12,14,11,15,14,13,16,14,21,22,17,17,18,18,17,
鳳山,2023/03/23 00:00:00,RAINFALL,0,0,0,0,0,0,0,0,0,0,0,0,0,0,0,0,0,0,0,0,0,0,0,0,
鳳山,2023/03/23 00:00:00,RH,87,88,89,89,88,87,88,87,76,64,58,54,51,51,51,51,53,59,63,69,70,72,75,76,
鳳山,2023/03/23 00:00:00,SO2,1.7,1,0.9,1,0.7,0.5,0.5,1,1.1,0.8,0.9,0.9,0.8,0.8,0.8,0.6,0.7,0.9,0.8,0.8,1.4,1,1,0.7,
鳳山,2023/03/23 00:00:00,THC,2.23,2.45,2.57,2.42,2.33,2.26,2.41,2.44,2.19,2.13,2.08,2.1,2.11,2.05,2.04,2.08,2.14,2.26,2.29,2.17,2.25,2.29,2.18,2.2,
鳳山,2023/03/23 00:00:00,WD_HR,63,93,92,91,92,100,96,88,313,285,271,280,276,264,248,255,252,285,277,273,261,262,301,279,
鳳山,2023/03/23 00:00:00,WIND_DIREC,78,97,104,83,98,97,103,91,64,290,291,305,271,229,245,248,275,288,291,232,258,276,295,82,
鳳山,2023/03/23 00:00:00,WIND_SPEED,0.3,0.5,0.5,0.6,0.7,0.5,0.4,0.5,0.7,1.2,1.3,1.4,1.3,1.4,1.6,1.5,1.1,1.4,0.5,0.8,0.5,0.6,0.6,0.4,
鳳山,2023/03/23 00:00:00,WS_HR,0.2,0.4,0.4,0.6,0.7,0.4,0.4,0.5,0.4,0.8,0.7,0.6,1,0.8,1.3,1.1,0.9,1,0.6,0.4,0,0.2,0.5,0.3,
鳳山,2023/03/24 00:00:00,AMB_TEMP,24.4,24.2,23.6,22.5,22.4,22.4,22.8,24.5,26.8,29.2,30.7,31.6,32.5,32.9,31.5,31.2,30.1,29.5,29,28.9,28.4,27.5,27.1,26.4,
鳳山,2023/03/24 00:00:00,CH4,2.12,2.33,2.46,2.63,2.65,2.31,2.21,2.12,2.05,2,2,1.99,1.99,2,#,2,2.01,2.02,2.06,2.08,2.1,2.12,2.08,2.04,
鳳山,2023/03/24 00:00:00,CO,0.31,0.37,0.33,0.3,0.31,0.29,0.37,0.65,0.51,0.49,0.42,0.48,0.47,0.37,0.35,#,0.66,0.86,0.84,0.69,0.58,0.62,0.63,0.34,
鳳山,2023/03/24 00:00:00,NMHC,0.13,0.23,0.25,0.17,0.14,0.12,0.14,0.23,0.15,0.16,0.12,0.12,0.11,0.11,#,0.14,0.18,0.24,0.24,0.24,0.19,0.25,0.19,0.09,
鳳山,2023/03/24 00:00:00,NO,0.6,1.7,1.7,1.3,1.5,1.4,2.4,5.8,6.1,7.1,4.6,4.2,4.5,4,4.3,#,5.2,8.3,4.4,3.3,2.4,1.8,2.4,1.7,
鳳山,2023/03/24 00:00:00,NO2,14.2,17.7,17.5,14,12.7,11.1,12,15.8,15.3,19.6,15.2,13.4,11.4,9.3,8.4,#,15.4,20.3,22,22.2,20.3,19.6,24.7,18.2,
鳳山,2023/03/24 00:00:00,NOx,14.8,19.5,19.2,15.3,14.3,12.5,14.4,21.6,21.5,26.8,19.9,17.7,16,13.3,12.7,#,20.6,28.6,26.5,25.6,22.7,21.4,27.2,19.9,
鳳山,2023/03/24 00:00:00,O3,9.4,4,2.3,2.6,2.9,5.9,6.3,9.6,18,30.5,44.4,46.6,36.6,32.9,#,24.6,27.6,19.2,20.2,20.8,22.8,18.2,11.6,19.8,
鳳山,2023/03/24 00:00:00,PM10,22,30,38,35,34,32,37,42,65,53,57,54,44,43,#,59,52,53,60,55,49,59,61,43,
鳳山,2023/03/24 00:00:00,PM2.5,18,17,22,24,19,19,26,28,26,35,36,36,36,29,#,38,38,35,40,40,32,40,37,35,
鳳山,2023/03/24 00:00:00,RAINFALL,0,0,0,0,0,0,0,0,0,0,0,0,0,0,#,0,0,0,0,0,0,0,0,0,
鳳山,2023/03/24 00:00:00,RH,80,82,88,89,90,90,88,78,63,54,48,44,40,40,45,47,52,52,53,53,55,60,68,74,
鳳山,2023/03/24 00:00:00,SO2,0.7,1.4,1.9,1.5,1.5,1.6,1.6,2.5,3,3.1,2.9,2.7,2.7,2.2,1.5,#,1.5,1.8,2.5,2.1,2.5,2.6,3.7,2.6,
鳳山,2023/03/24 00:00:00,THC,2.26,2.57,2.71,2.81,2.8,2.44,2.36,2.36,2.21,2.17,2.13,2.12,2.11,2.12,#,2.14,2.19,2.26,2.31,2.32,2.3,2.38,2.28,2.14,
鳳山,2023/03/24 00:00:00,WD_HR,61,94,91,91,98,96,99,88,97,296,56,267,276,291,282,279,284,275,281,296,336,96,303,289,
鳳山,2023/03/24 00:00:00,WIND_DIREC,1,93,104,96,95,102,90,84,66,290,109,284,292,299,274,279,276,255,295,294,45,89,298,283,
鳳山,2023/03/24 00:00:00,WIND_SPEED,0.3,0.6,0.4,0.8,0.6,1.1,0.6,1,0.9,1,1.6,1.9,1.7,2,1.9,1.7,1.5,1,0.6,0.6,0.3,0.5,0.7,0.7,
鳳山,2023/03/24 00:00:00,WS_HR,0.2,0.5,0.6,0.6,0.8,0.9,0.8,0.7,0.7,0.2,0.1,0.7,1.2,1.2,1.8,1.3,1.2,0.8,0.4,0.3,0.1,0.2,0.5,0.4,
鳳山,2023/03/25 00:00:00,AMB_TEMP,26.1,25.3,25,24.3,23.7,23,22.9,24,25.9,28.8,30.5,30.7,31.2,32.1,31.7,30.9,29.8,28.6,27.4,25.8,23.9,23.1,23.6,23.9,
鳳山,2023/03/25 00:00:00,CH4,2.05,2.28,2.46,2.48,2.42,2.32,2.29,2.29,2.26,2.12,2.23,2.09,2.09,2.05,2.04,2.04,2.03,2.06,2.08,2.1,2.09,2.08,2.11,2.17,
鳳山,2023/03/25 00:00:00,CO,0.3,0.44,0.47,0.42,0.43,0.49,0.6,0.82,0.72,0.6,1.07,0.78,0.62,0.47,0.44,0.5,0.6,0.81,0.65,0.55,0.45,0.34,0.37,0.47,
鳳山,2023/03/25 00:00:00,NMHC,0.09,0.2,0.3,0.28,0.22,0.16,0.14,0.25,0.22,0.14,0.56,0.66,0.18,0.48,0.32,0.19,0.35,0.24,0.18,0.13,0.12,0.07,0.08,0.14,
鳳山,2023/03/25 00:00:00,NO,1.7,1.2,1.8,1.3,1.7,2.3,3.3,8.7,7.1,3.8,7.5,4.2,2.7,3,3.2,2.6,3.1,4.1,3.4,3.8,3.1,2.2,1.9,2.3,
鳳山,2023/03/25 00:00:00,NO2,13.6,18.8,20.2,18.7,17.3,17.4,12.9,18.5,17.9,13.4,37.7,16.9,13.7,12.4,10.6,9.6,14.9,19.8,17.1,15.5,11.6,8.8,9.7,15.2,
鳳山,2023/03/25 00:00:00,NOx,15.3,20,22.1,20.1,19,19.8,16.2,27.2,25.1,17.2,45.3,21.1,16.5,15.5,13.9,12.3,18,23.9,20.6,19.4,14.7,11,11.7,17.6,
鳳山,2023/03/25 00:00:00,O3,22.7,12,6.2,5.9,9.7,14.1,15.3,13.5,23.3,45.1,42.5,60.5,64.3,57,53,53.6,43.9,37.2,37.7,31.3,31.5,30,27.7,19,
鳳山,2023/03/25 00:00:00,PM10,34,56,57,60,57,58,77,92,159,57,96,72,73,52,52,48,48,63,72,61,63,54,46,47,
鳳山,2023/03/25 00:00:00,PM2.5,27,37,42,43,38,40,51,56,55,39,61,43,37,27,23,21,21,21,17,20,23,18,21,24,
鳳山,2023/03/25 00:00:00,RAINFALL,0,0,0,0,0,0,0,0,0,0,0,0,0,0,0,0,0,0,0,0,0,0,0,0,
鳳山,2023/03/25 00:00:00,RH,76,72,72,75,87,90,90,87,74,55,54,52,51,47,49,51,53,57,58,63,71,75,73,72,
鳳山,2023/03/25 00:00:00,SO2,2,1.5,1.4,1.5,1.8,1.7,1.3,1.4,2.1,2.4,7.3,6.8,3,2.2,1.9,1.5,1.4,1.4,1.5,1.5,1.3,1.3,1.6,1.4,
鳳山,2023/03/25 00:00:00,THC,2.15,2.49,2.77,2.77,2.65,2.49,2.43,2.55,2.49,2.27,2.8,2.76,2.28,2.54,2.37,2.23,2.39,2.31,2.27,2.24,2.22,2.16,2.2,2.32,
鳳山,2023/03/25 00:00:00,WD_HR,289,84,294,69,281,276,269,270,295,121,266,249,292,287,275,290,284,280,279,276,280,107,291,279,
鳳山,2023/03/25 00:00:00,WIND_DIREC,303,101,44,59,277,131,239,281,93,280,273,258,282,280,286,293,298,278,275,267,273,286,340,272,
鳳山,2023/03/25 00:00:00,WIND_SPEED,0.4,0.4,0.4,0.4,1.4,1,0.7,1.2,0.6,1,1.6,1.2,1.1,1.5,1.7,1.5,1.5,1.4,1.8,1.8,1.4,0.6,0.3,1,
鳳山,2023/03/25 00:00:00,WS_HR,0.3,0.3,0.2,0.2,0.8,0.4,0.3,0.9,0.1,0,0.9,0.8,0.7,0.7,1.1,1.2,1.1,1,0.8,1.3,1.4,0.2,0.2,0.5,
鳳山,2023/03/26 00:00:00,AMB_TEMP,23.4,23.5,24,24.1,22.7,22.4,22.4,23.9,26.3,26.8,27.4,28.1,28.9,26.7,26.3,27,27,25.1,23.5,22.4,22.1,22.6,22.8,21.7,
鳳山,2023/03/26 00:00:00,CH4,2.19,2.2,2.22,2.21,2.16,2.19,2.16,2.14,2.13,2.14,2.11,2.07,2.03,2.1,2.06,2.05,2.07,2.15,2.15,2.21,2.2,2.21,2.24,2.27,
鳳山,2023/03/26 00:00:00,CO,0.4,0.42,0.39,0.35,0.28,0.31,0.4,0.53,0.44,0.65,0.63,0.66,0.59,0.47,0.46,0.49,0.6,0.69,0.66,0.62,0.58,0.53,0.59,0.56,
鳳山,2023/03/26 00:00:00,NMHC,0.13,0.18,0.21,0.18,0.08,0.09,0.11,0.13,0.1,0.24,0.25,0.26,0.16,0.14,0.13,0.15,0.17,0.18,0.17,0.19,0.15,0.13,0.2,0.2,
鳳山,2023/03/26 00:00:00,NO,2.2,0.2,0,0.2,0.2,0.2,1.1,2.6,1.6,3.1,3.7,2.7,2.2,2,1.7,2,1.5,2.3,2.6,2.2,1.7,0.6,0.9,1.3,
鳳山,2023/03/26 00:00:00,NO2,13.2,14.9,15.4,12.3,10.5,8.9,10.2,11.4,8.7,16.5,16.1,17.7,13,13.1,10.6,13.4,16.4,19.1,20.5,21,16.9,17.2,18.3,22.5,
鳳山,2023/03/26 00:00:00,NOx,15.5,15.1,15.5,12.5,10.7,9.2,11.3,14.1,10.3,19.6,19.8,20.4,15.2,15.1,12.4,15.5,18,21.4,23.1,23.2,18.6,17.8,19.2,23.8,
鳳山,2023/03/26 00:00:00,O3,19,15.9,16.7,19.1,20,19.1,17.4,18.2,26.3,20.4,24.5,33.5,43.8,39.1,42.8,44.6,40.3,26,20.3,16.1,15.2,15.3,10.1,5.8,
鳳山,2023/03/26 00:00:00,PM10,41,47,41,40,22,22,23,21,29,44,32,37,28,49,31,27,29,38,37,35,33,35,33,47,
鳳山,2023/03/26 00:00:00,PM2.5,25,26,25,18,12,13,19,20,20,21,22,15,13,18,16,15,11,26,26,29,26,24,27,30,
鳳山,2023/03/26 00:00:00,RAINFALL,0,0,0,0,0,0,0,0,0,0,0,0,0,0,0,0,0,0,0,0,0,0,0,0,
鳳山,2023/03/26 00:00:00,RH,75,76,74,72,80,88,88,77,64,62,57,48,44,60,55,52,52,64,69,73,74,72,72,75,
鳳山,2023/03/26 00:00:00,SO2,1.5,1.1,1.2,1.2,1.1,0.7,0.6,0.9,1.2,1.4,1.3,1.4,1.2,1.3,1.3,1.3,1.4,1.9,1.6,1.6,1.1,1.1,1.1,1.5,
鳳山,2023/03/26 00:00:00,THC,2.33,2.39,2.44,2.4,2.25,2.29,2.28,2.27,2.24,2.39,2.37,2.34,2.2,2.25,2.2,2.21,2.25,2.34,2.33,2.41,2.36,2.35,2.45,2.47,
鳳山,2023/03/26 00:00:00,WD_HR,290,289,281,283,94,282,277,102,90,287,281,292,288,282,279,283,289,277,275,71,301,90,305,285,
鳳山,2023/03/26 00:00:00,WIND_DIREC,9,275,264,277,289,276,264,102,296,287,250,296,284,281,262,306,290,285,281,277,16,68,280,294,
鳳山,2023/03/26 00:00:00,WIND_SPEED,0.4,1.3,0.6,1.4,1.1,1.2,1.1,0.8,0.7,0.6,1,1,1.3,1.8,1.2,1.1,1.3,1.7,1.5,1,0.5,0.4,1.3,1.5,
鳳山,2023/03/26 00:00:00,WS_HR,0.2,0.4,0.8,1,0,0.9,0.5,0.2,0.6,0.7,0.4,0.3,0.9,1.4,1.1,0.4,0.7,1.1,0.8,0,0.2,0.4,0.2,1.1,
鳳山,2023/03/27 00:00:00,AMB_TEMP,20.7,20.2,20.3,20.7,21,20.9,20.3,20.9,23.1,25.1,27.4,27.2,27.5,28.4,27.9,27.7,27.2,25.6,24,23.1,22.6,22.3,22.2,22.1,
鳳山,2023/03/27 00:00:00,CH4,2.23,2.23,2.21,2.24,2.37,2.39,2.35,2.32,2.3,2.24,2.18,#,2.08,#,2.08,2.07,2.08,2.13,2.16,2.17,2.17,2.17,2.19,2.22,
鳳山,2023/03/27 00:00:00,CO,0.48,0.41,0.42,0.41,0.41,0.46,0.64,0.92,1.01,0.83,0.81,0.61,#,0.54,0.51,0.59,0.73,0.83,0.76,0.69,0.66,0.58,0.52,0.48,
鳳山,2023/03/27 00:00:00,NMHC,0.13,0.16,0.14,0.12,0.12,0.13,0.23,0.36,0.4,0.25,0.26,#,0.16,#,0.14,0.16,0.23,0.31,0.3,0.24,0.22,0.24,0.24,0.25,
鳳山,2023/03/27 00:00:00,NO,0.4,0.7,0.7,0.1,0.7,1.4,6.2,18.8,19.4,11.9,5.9,3.2,#,2.4,2.5,1.7,2.8,3.3,2.7,2.8,2.2,2.2,1.7,1.4,
鳳山,2023/03/27 00:00:00,NO2,17.6,15.7,14.1,11.6,11.2,11.6,15.9,21.9,26.7,26.5,22.9,18,#,12.6,13.1,15.3,23.1,28.7,29.7,25,21.7,21.3,22.2,22.8,
鳳山,2023/03/27 00:00:00,NOx,18.1,16.4,14.9,11.8,11.9,13,22.1,40.7,46.1,38.5,28.8,21.2,#,15,15.7,17,26,32.1,32.4,27.9,24,23.5,23.9,24.3,
鳳山,2023/03/27 00:00:00,O3,9.5,8.4,9.4,10,7.4,6.1,3.3,5,9.5,20.4,36.9,#,48.1,51.7,56.2,56.6,46.2,36.5,28.4,28,27.3,23,19.3,15.4,
鳳山,2023/03/27 00:00:00,PM10,36,41,44,42,40,40,56,47,62,58,60,#,#,33,39,45,50,67,76,75,76,77,90,79,
鳳山,2023/03/27 00:00:00,PM2.5,25,28,33,33,30,31,35,35,38,31,#,#,16,14,13,17,18,24,29,29,31,34,36,40,
鳳山,2023/03/27 00:00:00,RAINFALL,0,0,0,0,0,0,0,0,0,0,0,#,0,0,0,0,0,0,0,0,0,0,0,0,
鳳山,2023/03/27 00:00:00,RH,76,76,76,76,78,83,82,74,65,58,51,52,51,49,51,51,52,56,61,65,67,68,69,70,
鳳山,2023/03/27 00:00:00,SO2,1.3,1.4,1.4,1.4,1.7,1.3,1.4,2.6,3.4,2.9,3.1,2.4,#,1.8,2.1,2.1,2.1,2.3,2.3,2.4,2.5,2.2,2.4,2.5,
鳳山,2023/03/27 00:00:00,THC,2.37,2.4,2.36,2.37,2.5,2.53,2.59,2.69,2.71,2.5,2.45,#,2.24,#,2.22,2.24,2.32,2.45,2.47,2.42,2.4,2.42,2.44,2.48,
鳳山,2023/03/27 00:00:00,WD_HR,279,275,270,95,88,327,284,285,286,297,299,248,279,276,294,275,283,273,280,279,281,278,282,278,
鳳山,2023/03/27 00:00:00,WIND_DIREC,243,282,301,99,71,280,288,275,290,76,286,265,298,295,298,275,281,280,273,277,356,279,278,280,
鳳山,2023/03/27 00:00:00,WIND_SPEED,1.3,0.7,0.6,0.7,0.6,0.7,1.4,1.2,1.8,1,0.7,1.3,1.4,1.6,1.6,1.1,1.3,1.2,1.3,1.3,0.7,1.1,0.9,0.6,
鳳山,2023/03/27 00:00:00,WS_HR,1.1,0.8,0.3,0.4,0.6,0.1,1,0.7,1,0.5,0.8,0.8,1,0.9,0.9,0.5,0.8,0.9,0.8,1.1,0.8,0.7,0.9,0.5,
鳳山,2023/03/28 00:00:00,AMB_TEMP,21.3,20.6,19.9,19.2,19.4,19.7,19.6,20.7,21.9,23.4,26.3,28,29.3,30.1,29.9,29.7,29.5,28.2,27.1,26.2,24.9,23.6,22.6,22.3,
鳳山,2023/03/28 00:00:00,CH4,2.22,2.21,2.24,2.22,2.25,2.25,2.23,2.23,2.27,2.27,2.2,2.17,2.14,2.11,2.1,2.09,2.12,2.11,2.14,2.17,2.19,2.21,2.24,2.24,
鳳山,2023/03/28 00:00:00,CO,0.44,0.42,0.39,0.37,0.42,0.43,0.49,0.87,0.96,0.81,0.64,0.72,0.59,0.55,0.59,0.61,0.74,0.76,0.92,0.85,0.69,0.65,0.58,0.53,
鳳山,2023/03/28 00:00:00,NMHC,0.19,0.2,0.15,0.16,0.24,0.21,0.18,0.27,0.39,0.31,0.3,0.24,0.18,0.13,0.14,0.18,0.25,0.23,0.27,0.27,0.25,0.22,0.21,0.21,
鳳山,2023/03/28 00:00:00,NO,0.9,0.4,0.6,0.6,0.6,1.6,4.5,11.1,18.9,12.3,7.7,5.5,2.8,1.5,1.3,2.1,3.3,2.8,3,2.4,1.8,1.9,1.3,0.8,
鳳山,2023/03/28 00:00:00,NO2,19.7,17.2,15.6,12.8,14.5,16.6,15.6,18.1,27.2,27.1,29.3,23,17.3,15.1,15.1,18.8,23.1,23.3,29.5,27.8,24.9,23,21.4,21,
鳳山,2023/03/28 00:00:00,NOx,20.6,17.7,16.2,13.5,15.2,18.2,20.2,29.2,46.1,39.4,37.1,28.6,20.1,16.7,16.5,20.9,26.4,26.2,32.5,30.3,26.7,24.9,22.8,21.9,
鳳山,2023/03/28 00:00:00,O3,15.5,14.8,14.7,15.2,11.7,8.4,7.2,6.1,5.6,14.9,37.6,46.5,67.4,70.6,68.3,59.5,49.2,48.5,37.2,36.3,32,23.8,18,15.1,
鳳山,2023/03/28 00:00:00,PM10,73,63,71,59,60,62,57,49,64,67,63,53,52,45,51,60,65,55,54,57,55,53,58,52,
鳳山,2023/03/28 00:00:00,PM2.5,37,41,45,40,43,44,39,39,39,39,33,29,27,21,22,18,19,23,23,28,31,34,35,40,
鳳山,2023/03/28 00:00:00,RAINFALL,0,0,0,0,0,0,0,0,0,0,0,0,0,0,0,0,0,0,0,0,0,0,0,0,
鳳山,2023/03/28 00:00:00,RH,74,78,87,90,89,89,89,86,80,68,57,51,47,45,48,50,51,52,55,59,64,68,73,75,
鳳山,2023/03/28 00:00:00,SO2,2.2,2.1,1.7,1.4,1.3,1.4,1.8,1.5,1.8,2.1,3,2.5,2.7,2.4,2.6,2.3,2.3,2.2,2.3,2.3,2.1,2.4,2.4,2.4,
鳳山,2023/03/28 00:00:00,THC,2.42,2.42,2.4,2.38,2.49,2.47,2.42,2.51,2.66,2.58,2.51,2.41,2.33,2.25,2.25,2.28,2.37,2.35,2.42,2.44,2.45,2.44,2.46,2.46,
鳳山,2023/03/28 00:00:00,WD_HR,282,278,281,271,276,285,268,293,284,320,66,278,290,294,289,278,287,275,289,282,280,285,280,68,
鳳山,2023/03/28 00:00:00,WIND_DIREC,282,283,276,283,270,267,227,287,284,224,281,279,299,289,303,273,286,290,279,281,288,277,285,277,
鳳山,2023/03/28 00:00:00,WIND_SPEED,1.6,0.8,1.7,0.9,0.9,1.1,0.8,1.4,1.5,0.7,1.1,1.6,1.3,1.6,1.5,1.2,1.3,1,1,1.3,1.3,1.6,1,0.5,
鳳山,2023/03/28 00:00:00,WS_HR,1.1,1.1,1.2,0.6,0.8,1,0.6,0.4,0.7,0.2,0.2,0.9,0.7,1.1,1.3,1.1,0.9,0.6,0.7,1,0.8,1.4,1,0.1,
鳳山,2023/03/29 00:00:00,AMB_TEMP,22.1,21.6,21.3,20.8,20.6,20.6,20.8,22.2,24.2,25.2,27.9,28.6,28.4,29.1,28.5,27.3,28.1,27.2,26.1,25.4,24.6,23.6,22.5,21.9,
鳳山,2023/03/29 00:00:00,CH4,2.25,2.26,2.28,2.26,2.3,2.31,2.28,2.35,2.28,2.22,2.22,2.2,2.12,2.1,2.11,2.09,2.08,2.11,2.14,2.19,2.19,2.19,2.23,2.25,
鳳山,2023/03/29 00:00:00,CO,0.5,0.57,0.54,0.44,0.44,0.47,0.62,1,0.95,0.78,0.97,0.84,0.61,0.49,0.55,0.52,0.63,0.79,0.9,0.81,0.7,0.56,0.51,0.51,
鳳山,2023/03/29 00:00:00,NMHC,0.2,0.33,0.35,0.24,0.27,0.26,0.29,0.52,0.53,0.27,0.48,0.35,0.19,0.14,0.15,0.18,0.24,0.27,0.32,0.38,0.32,0.25,0.23,0.23,
鳳山,2023/03/29 00:00:00,NO,0.4,1,0.7,2,1.2,1.9,5.4,20.8,13.4,4.8,4.3,2.8,3.1,2.6,2.3,3.6,4.1,3.3,4.3,4.9,3.8,2.3,1.8,1.7,
鳳山,2023/03/29 00:00:00,NO2,16.5,20.1,19.4,17.2,17.3,18.8,20.1,28.1,30.3,26.6,31.3,22.8,15.2,14.9,16.2,17.8,21.5,24.8,28.9,31.8,28.4,22,23.3,20.3,
鳳山,2023/03/29 00:00:00,NOx,17,21.1,20.1,19.2,18.5,20.7,25.5,48.9,43.7,31.5,35.6,25.6,18.3,17.5,18.5,21.4,25.7,28.2,33.2,36.8,32.2,24.3,25.2,22.1,
鳳山,2023/03/29 00:00:00,O3,14.8,9.6,8.9,8.6,6.3,3.7,3.8,4.2,15.7,43.3,49.5,57.2,51.5,50.4,49.7,40.4,36.6,30.2,21,13.7,11.9,14,9.3,8.4,
鳳山,2023/03/29 00:00:00,PM10,53,58,58,52,50,55,65,70,87,73,73,72,38,53,60,63,40,48,56,51,48,46,48,50,
鳳山,2023/03/29 00:00:00,PM2.5,36,46,46,39,40,47,48,49,49,46,47,40,17,19,25,23,20,24,26,29,29,32,34,42,
鳳山,2023/03/29 00:00:00,RAINFALL,0,0,0,0,0,0,0,0,0,0,0,0,0,0,0,0,0,0,0,0,0,0,0,0,
鳳山,2023/03/29 00:00:00,RH,76,81,85,88,88,88,88,84,69,65,55,53,54,55,55,57,53,56,62,66,71,77,87,89,
鳳山,2023/03/29 00:00:00,SO2,2.3,2.3,2.3,2.1,2,2.1,2.1,2.4,2.8,4.7,5.4,4.1,2.4,2.4,2.4,2.2,2,2.1,2.7,2.5,2.7,2.3,2.1,1.9,
鳳山,2023/03/29 00:00:00,THC,2.46,2.6,2.64,2.51,2.57,2.58,2.58,2.87,2.82,2.5,2.71,2.56,2.32,2.25,2.27,2.28,2.33,2.39,2.47,2.58,2.52,2.45,2.47,2.48,
鳳山,2023/03/29 00:00:00,WD_HR,290,287,285,283,276,283,291,286,287,98,285,294,286,285,277,278,277,281,283,283,281,283,279,284,
鳳山,2023/03/29 00:00:00,WIND_DIREC,280,289,282,271,280,279,320,300,315,213,284,277,282,276,273,222,260,277,282,275,266,287,277,286,
鳳山,2023/03/29 00:00:00,WIND_SPEED,1.1,1.2,0.7,0.9,1.2,0.7,0.6,0.8,0.9,0.8,1.3,1.6,1.5,1.9,2.3,1.6,1.5,1.2,1.2,1.3,1,1.3,1.4,1.4,
鳳山,2023/03/29 00:00:00,WS_HR,0.3,0.9,0.9,0.8,0.8,0.7,0.6,0.6,0.7,0.5,0.5,0.9,1.2,0.9,0.9,1.4,0.8,0.7,1.1,0.5,0.9,1,1.1,1,
鳳山,2023/03/30 00:00:00,AMB_TEMP,21.7,21.8,21.7,21.7,21.7,21.6,20.9,21.7,23.7,26,28.8,31,31.9,30.4,30.5,29.8,28.8,27.6,26.4,25.2,24.9,24.8,24.6,24,
鳳山,2023/03/30 00:00:00,CH4,2.19,2.2,2.18,2.2,2.24,2.29,2.23,2.23,2.23,2.19,2.14,2.13,2.09,2.11,2.07,2.06,2.08,2.11,2.11,2.13,2.15,2.17,2.21,2.21,
鳳山,2023/03/30 00:00:00,CO,0.49,0.47,0.37,0.37,0.41,0.47,0.51,0.74,0.77,0.6,0.53,0.68,0.59,0.53,0.48,0.57,0.77,1.06,0.74,0.59,0.53,0.56,0.57,0.5,
鳳山,2023/03/30 00:00:00,NMHC,0.19,0.2,0.1,0.12,0.23,0.22,0.16,0.25,0.32,0.25,0.17,0.26,0.17,0.12,0.12,0.14,0.23,0.34,0.2,0.19,0.18,0.2,0.28,0.23,
鳳山,2023/03/30 00:00:00,NO,1.3,1.9,1.5,1.2,1.6,2.9,4.5,10.9,10.6,8.4,4.5,4,4.1,2.9,4.1,5.3,4.8,4.7,3.7,2.4,1.8,2,1.7,1.6,
鳳山,2023/03/30 00:00:00,NO2,20.1,17.6,13.1,11.3,15.4,16.5,16.7,17.9,19.9,22.2,17.2,21.3,16.4,15.4,15.6,18.4,24.7,30.5,22.9,20.8,17.7,19.8,22.1,22.9,
鳳山,2023/03/30 00:00:00,NOx,21.5,19.5,14.6,12.5,17,19.4,21.3,28.8,30.6,30.6,21.7,25.4,20.5,18.4,19.8,23.8,29.6,35.3,26.6,23.2,19.5,21.9,23.8,24.6,
鳳山,2023/03/30 00:00:00,O3,8.2,9.9,14.6,12.5,6.5,4.6,7.9,9.1,10.9,21.8,41.5,50.9,46.4,56.7,48.6,41.5,34.7,30.7,33.7,32.3,32.9,27.5,20.5,19.5,
鳳山,2023/03/30 00:00:00,PM10,57,51,43,46,45,52,51,42,42,49,51,41,31,50,41,46,59,73,48,45,43,42,42,59,
鳳山,2023/03/30 00:00:00,PM2.5,47,42,33,38,39,37,42,32,32,30,29,17,11,19,17,14,14,23,21,17,23,24,22,32,
鳳山,2023/03/30 00:00:00,RAINFALL,0,0,0,0,0,0,0,0,0,0,0,0,0,0,0,0,0,0,0,0,0,0,0,0,
鳳山,2023/03/30 00:00:00,RH,89,89,89,89,89,89,90,88,79,63,53,47,45,51,49,52,57,62,61,65,66,67,68,70,
鳳山,2023/03/30 00:00:00,SO2,1.9,1.7,1.8,1.2,1.6,1.6,1.6,1.7,2.1,2.4,2.5,2.4,2,2.1,2.2,2.1,2.7,2.3,2.1,2.3,2,2.2,2.4,2.5,
鳳山,2023/03/30 00:00:00,THC,2.39,2.41,2.29,2.33,2.48,2.52,2.4,2.49,2.56,2.45,2.32,2.4,2.27,2.24,2.2,2.21,2.32,2.46,2.32,2.33,2.34,2.38,2.5,2.45,
鳳山,2023/03/30 00:00:00,WD_HR,280,283,267,293,95,290,279,288,10,104,327,284,285,290,289,279,277,271,281,280,81,74,315,286,
鳳山,2023/03/30 00:00:00,WIND_DIREC,276,284,109,277,100,280,282,106,65,131,326,292,288,283,289,278,276,288,268,259,78,281,283,279,
鳳山,2023/03/30 00:00:00,WIND_SPEED,1.4,1,0.5,0.6,0.7,1.8,2,1,0.8,1,1.1,1.3,1.7,1.8,2.2,1.1,1,1.1,1.1,1.1,0.5,0.4,1.2,1.4,
鳳山,2023/03/30 00:00:00,WS_HR,1.1,1,0.3,0.3,0.2,0.6,1.5,0.4,0.2,0.5,0.3,0.7,1,1.4,1.3,1,1,0.8,1.1,0.5,0.3,0.2,0.2,1.1,
鳳山,2023/03/31 00:00:00,AMB_TEMP,23.3,22.7,22.4,21.9,22,21.4,21.7,22.7,25.3,27.6,28.9,29.6,30.7,30.1,30.1,30,29.2,27.6,26.9,27.1,26.6,25.9,25.2,25.4,
鳳山,2023/03/31 00:00:00,CH4,2.23,2.27,2.29,2.26,2.29,2.27,2.3,2.33,2.34,2.19,2.13,2.09,2.07,2.09,2.07,2.07,2.03,2.11,2.09,2.11,2.25,2.31,2.38,2.46,
鳳山,2023/03/31 00:00:00,CO,0.48,0.42,0.39,0.43,0.49,0.53,0.74,0.8,1.09,0.83,0.77,0.67,0.56,0.5,0.5,0.62,0.62,0.92,0.86,0.91,0.99,0.84,0.76,0.83,
鳳山,2023/03/31 00:00:00,NMHC,0.17,0.18,0.18,0.19,0.24,0.21,0.29,0.37,0.34,0.27,0.23,0.19,0.13,0.11,0.11,0.14,0.14,0.25,0.23,0.24,0.4,0.48,0.41,0.42,
鳳山,2023/03/31 00:00:00,NO,1.4,1.4,1.1,1.5,1.4,2,6.4,12.6,11.8,8.6,5.1,3.8,3.2,2.1,2.5,3.3,3.7,4.4,3.1,3.1,5.2,5.1,4.4,5.4,
鳳山,2023/03/31 00:00:00,NO2,18.9,18.8,17.2,16,19.6,19.8,22.1,25.1,30.4,31.1,21.1,14.4,13.3,11.5,11,13.5,17,25,22.3,23.7,34.7,36.1,35,36.5,
鳳山,2023/03/31 00:00:00,NOx,20.4,20.3,18.4,17.6,21.1,21.9,28.5,37.8,42.2,39.8,26.3,18.2,16.6,13.7,13.5,16.8,20.7,29.5,25.4,26.9,40,41.3,39.4,41.9,
鳳山,2023/03/31 00:00:00,O3,19.1,15.3,15.5,12.6,7.7,7.4,5.1,5.8,15.8,30.3,41.9,48,52.2,58.4,51.9,49.2,39.8,31.9,31.1,29,10.1,5.5,0.9,0,
鳳山,2023/03/31 00:00:00,PM10,51,48,48,63,59,61,56,62,66,50,47,42,27,37,30,26,21,33,28,27,53,55,57,57,
鳳山,2023/03/31 00:00:00,PM2.5,35,37,33,45,45,44,44,45,41,29,24,17,12,21,10,12,9,17,15,10,32,34,39,40,
鳳山,2023/03/31 00:00:00,RAINFALL,0,0,0,0,0,0,0,0,0,0,0,0,0,0,0,0,0,0,0,0,0,0,0,0,
鳳山,2023/03/31 00:00:00,RH,72,74,74,77,79,83,83,75,66,62,57,55,51,51,50,50,53,58,59,59,61,61,64,64,
鳳山,2023/03/31 00:00:00,SO2,2.8,2.5,2.4,2.5,2.5,2.4,2.6,3,3.7,5.3,3.4,2.3,1.7,1.9,1.8,1.9,1.5,1.9,1.8,1.5,2.1,2.7,2.5,2.4,
鳳山,2023/03/31 00:00:00,THC,2.41,2.45,2.48,2.46,2.54,2.49,2.6,2.71,2.69,2.47,2.37,2.29,2.21,2.21,2.19,2.22,2.18,2.37,2.33,2.35,2.66,2.79,2.8,2.89,
鳳山,2023/03/31 00:00:00,WD_HR,282,284,287,279,292,274,284,89,218,231,274,293,273,287,295,283,269,277,263,266,292,294,329,15,
鳳山,2023/03/31 00:00:00,WIND_DIREC,285,296,284,282,285,91,281,102,212,243,276,262,236,293,300,324,281,273,280,254,305,61,38,65,
鳳山,2023/03/31 00:00:00,WIND_SPEED,1,1.1,1,0.8,1.1,0.6,0.9,0.7,0.9,1.2,1.1,1.4,2,1.5,1.6,0.9,1.2,1.1,0.6,0.5,0.6,0.5,0.3,0.3,
鳳山,2023/03/31 00:00:00,WS_HR,1,1.1,1,1.1,0.3,0.6,0.5,0.6,0.1,0.4,0.7,0.9,0.9,1.3,1.2,0.7,0.6,1,0.4,0.3,0.2,0.3,0.1,0.1,
鳳山,2023/04/01 00:00:00,AMB_TEMP,24.8,24.7,24.2,23.8,23.6,24,24.1,24.5,24.4,24,24.5,25.4,25.8,26.8,26.6,26.2,26.4,26.2,25.8,24.6,23.8,23.8,23.5,23.5,
鳳山,2023/04/01 00:00:00,CH4,2.43,2.45,2.43,2.4,2.52,2.53,2.53,2.66,2.93,2.5,2.44,2.3,2.09,2.09,2.1,2.06,2.08,2.12,2.15,2.14,2.2,2.26,2.3,2.36,
鳳山,2023/04/01 00:00:00,CO,0.68,0.64,0.63,0.65,0.65,0.63,0.77,1.03,1.06,0.89,0.77,0.8,0.64,0.52,0.55,0.56,0.54,0.59,0.87,0.75,0.69,0.81,0.73,0.69,
鳳山,2023/04/01 00:00:00,NMHC,0.38,0.41,0.39,0.36,0.3,0.28,0.34,0.48,0.5,0.35,0.31,0.27,0.15,0.13,0.17,0.13,0.12,0.14,0.26,0.24,0.22,0.27,0.29,0.29,
鳳山,2023/04/01 00:00:00,NO,4,2.4,2.3,2.1,1.9,1.6,6.3,14,15,14,6.5,5.3,3.2,2.2,2.4,1.8,1.2,1.4,3.4,3.6,2.6,2.6,2.6,2.2,
鳳山,2023/04/01 00:00:00,NO2,33.3,30.4,30.3,29.2,26.2,23.1,24.2,29.1,30.9,29.1,21.6,20.4,14.5,12.5,15,12.8,11.9,11.3,24.8,22.5,21.2,23.6,22.1,23.9,
鳳山,2023/04/01 00:00:00,NOx,37.3,32.9,32.6,31.3,28.1,24.8,30.5,43.1,46,43.1,28.1,25.8,17.7,14.8,17.4,14.6,13.2,12.8,28.3,26.1,23.8,26.2,24.7,26.1,
鳳山,2023/04/01 00:00:00,O3,0,0,0.3,0.6,0.8,2.9,3.2,3.7,6.1,7.8,19.8,28.1,39.3,45.8,42.1,41.3,38.2,34.1,20.9,15.2,15.7,10.6,7.8,4.8,
鳳山,2023/04/01 00:00:00,PM10,54,57,62,60,58,54,61,67,85,87,70,51,29,28,23,21,26,29,40,29,29,41,44,50,
鳳山,2023/04/01 00:00:00,PM2.5,33,37,44,42,42,39,37,34,52,53,49,36,24,17,14,13,14,21,21,24,23,28,35,41,
鳳山,2023/04/01 00:00:00,RAINFALL,0,0,0,0,0,0,0,0,0,0,0,0,0,0,0,0,0,0,0,0,0,0,0,0,
鳳山,2023/04/01 00:00:00,RH,66,66,68,70,71,71,72,69,68,67,66,62,57,55,57,58,59,63,66,74,80,82,84,84,
鳳山,2023/04/01 00:00:00,SO2,2.1,1.9,2.3,2.4,1.8,1.9,2,2.3,2.6,3.2,2.8,2.2,1.7,1.6,1.9,1.6,1.7,1.9,1.7,1.9,2,1.7,1.7,2,
鳳山,2023/04/01 00:00:00,THC,2.82,2.87,2.82,2.77,2.83,2.82,2.88,3.15,3.44,2.86,2.76,2.58,2.25,2.23,2.28,2.2,2.21,2.27,2.42,2.39,2.43,2.54,2.6,2.66,
鳳山,2023/04/01 00:00:00,WD_HR,81,76,356,317,83,73,304,295,286,280,290,280,295,277,286,282,68,83,284,283,283,286,291,56,
鳳山,2023/04/01 00:00:00,WIND_DIREC,91,336,295,78,60,65,300,288,294,90,57,332,42,89,293,357,79,92,282,277,0,280,288,63,
鳳山,2023/04/01 00:00:00,WIND_SPEED,0.8,0.4,0.5,0.3,0.3,0.3,0.6,1.3,1.4,0.8,1.2,1.1,0.9,1.1,1.3,0.6,0.7,0.5,1.2,1.2,0.3,0.9,0.4,0.3,
鳳山,2023/04/01 00:00:00,WS_HR,0.4,0.3,0.1,0.1,0.4,0.2,0.4,0.6,0.7,0.4,0.2,0.4,0.3,0.1,0.5,0.2,0.3,0.3,0.9,0.9,0.3,0.6,0.3,0.1,
鳳山,2023/04/02 00:00:00,AMB_TEMP,23.2,23.1,23.1,22.7,22,21.8,22.3,23.9,26.2,28.3,29.5,30.9,31.9,31.7,31,30.4,29.7,28.2,27.3,26.7,26.1,25.8,25.6,25.3,
鳳山,2023/04/02 00:00:00,CH4,2.34,2.28,2.33,2.39,2.36,2.35,2.25,2.28,2.17,2.17,2.11,2.18,2.14,2.08,2.08,2.07,2.05,2.03,2.06,2.06,2.06,2.07,2.08,2.08,
鳳山,2023/04/02 00:00:00,CO,0.63,0.52,0.5,0.56,0.59,0.65,0.69,0.79,0.68,0.7,0.52,0.66,0.64,0.5,0.48,0.52,0.52,0.53,0.58,0.57,0.51,0.47,0.47,0.37,
鳳山,2023/04/02 00:00:00,NMHC,0.21,0.15,0.16,0.25,0.22,0.21,0.2,0.28,0.2,0.22,0.1,0.17,0.14,0.46,0.19,0.17,0.22,0.15,0.17,0.17,0.12,0.1,0.08,0.05,
鳳山,2023/04/02 00:00:00,NO,1.5,1.4,0.8,1.7,2.4,2.5,3.5,6,5.3,4.2,2.6,2.4,1.9,1.8,2.3,2.1,1.7,1.9,1.6,1.6,1.2,1.1,1.1,1.1,
鳳山,2023/04/02 00:00:00,NO2,18.9,12.1,10.6,15.6,16.2,15.8,14.5,17.3,14.6,14.8,9.6,11.5,10.7,8.5,8.2,7.9,9.1,11.1,14.1,12.9,13.9,13.7,11.2,9.8,
鳳山,2023/04/02 00:00:00,NOx,20.5,13.6,11.4,17.4,18.6,18.4,18.1,23.4,20,19.1,12.3,13.9,12.6,10.3,10.6,10,10.9,13.1,15.7,14.6,15.1,14.9,12.4,11,
鳳山,2023/04/02 00:00:00,O3,5.5,8.6,8.8,1.5,1.2,2,9.2,12.1,24.4,38.1,45.5,56.2,64,58.5,57,54.2,47.4,39.2,37.1,38.8,38,38.9,39.2,38.5,
鳳山,2023/04/02 00:00:00,PM10,47,37,43,54,66,59,47,43,30,30,24,35,39,32,32,32,22,24,23,24,31,36,33,47,
鳳山,2023/04/02 00:00:00,PM2.5,41,37,34,42,51,49,44,41,22,17,16,21,22,17,16,18,11,16,16,12,14,16,16,19,
鳳山,2023/04/02 00:00:00,RAINFALL,0,0,0,0,0,0,0,0,0,0,0,0,0,0,0,0,0,0,0,0,0,0,0,0,
鳳山,2023/04/02 00:00:00,RH,85,86,86,88,89,91,89,84,66,56,52,49,46,45,48,50,50,52,58,61,67,71,73,78,
鳳山,2023/04/02 00:00:00,SO2,1.7,1.3,1.2,1.4,1.4,1.5,1.5,1.7,2.4,2.2,1.7,1.8,2.2,2,2.5,1.9,1.7,1.2,1.8,1.7,2,1.6,1.3,1.4,
鳳山,2023/04/02 00:00:00,THC,2.56,2.44,2.5,2.65,2.59,2.57,2.46,2.57,2.38,2.4,2.22,2.36,2.29,2.55,2.27,2.25,2.28,2.19,2.24,2.24,2.19,2.17,2.17,2.14,
鳳山,2023/04/02 00:00:00,WD_HR,76,87,74,284,283,289,290,294,310,292,285,290,294,291,296,289,288,246,274,240,278,309,292,294,
鳳山,2023/04/02 00:00:00,WIND_DIREC,319,99,71,60,285,291,287,283,270,294,248,286,325,293,290,296,258,212,286,219,284,316,291,358,
鳳山,2023/04/02 00:00:00,WIND_SPEED,0.5,0.6,0.4,0.5,1.3,0.9,0.6,0.6,0.9,1.3,1,1.7,1.2,1.9,1.7,1.2,1.3,0.9,0.8,0.9,0.8,0.7,0.7,0.4,
鳳山,2023/04/02 00:00:00,WS_HR,0.2,0.2,0.2,0.5,1.1,0.8,0.4,0.6,0.1,1,0.6,0.9,0.9,1.4,1.3,0.9,0.7,0.7,0.3,0.3,0.5,0.6,0.6,0.6,
鳳山,2023/04/03 00:00:00,AMB_TEMP,25.1,24.9,24.9,24.7,24.4,24.5,24.4,25.3,26.4,28,28.4,28.9,29.4,28.8,28.5,27.7,26.4,25.9,25.9,25.9,25.9,26,26,25.3,
鳳山,2023/04/03 00:00:00,CH4,2.09,2.1,2.14,2.16,2.23,2.17,2.14,2.11,2.08,2.07,2.1,2.08,2.09,2.06,2.05,2.05,2.06,2.06,2.07,2.07,2.08,2.09,2.13,2.15,
鳳山,2023/04/03 00:00:00,CO,0.33,0.3,0.31,0.32,0.38,0.36,0.36,0.44,0.46,0.46,0.56,0.5,0.48,0.4,0.39,0.44,0.5,0.58,0.6,0.47,0.4,0.42,0.49,0.42,
鳳山,2023/04/03 00:00:00,NMHC,0.05,0.02,0.05,0.06,0.09,0.06,0.04,0.06,0.06,0.09,0.25,0.13,0.09,0.05,0.06,0.11,0.11,0.12,0.12,0.09,0.08,0.1,0.11,0.08,
鳳山,2023/04/03 00:00:00,NO,1.1,0.3,0.3,0.6,0.3,0.8,0.6,0.9,1.7,1.6,2.5,2.4,2,1.4,1.4,1.3,1.2,1.4,1.3,0.9,0.8,0.8,1.2,0.6,
鳳山,2023/04/03 00:00:00,NO2,8,7.2,7.5,8.7,10.9,9.7,8,9,10.8,9.4,21.6,15.5,14.7,9.6,8.2,9.4,10.3,12.3,14.6,12.3,11.9,12.4,15.8,10.4,
鳳山,2023/04/03 00:00:00,NOx,9.2,7.6,7.9,9.3,11.3,10.5,8.6,10,12.5,11.1,24.1,17.9,16.7,11.1,9.6,10.8,11.5,13.8,15.9,13.2,12.7,13.3,17,11.1,
鳳山,2023/04/03 00:00:00,O3,38.9,40,38.9,34,26.9,32.9,34.4,37.3,43.5,50.2,55,64.5,64.8,61.6,58.2,56.7,54.5,49.5,44.8,43.8,42.5,37.6,32.6,36.7,
鳳山,2023/04/03 00:00:00,PM10,33,37,35,38,49,41,29,29,31,27,41,38,45,42,29,33,35,37,40,35,32,36,39,45,
鳳山,2023/04/03 00:00:00,PM2.5,20,17,11,19,29,25,21,21,16,15,23,20,22,19,18,19,16,19,21,21,20,21,20,23,
鳳山,2023/04/03 00:00:00,RAINFALL,0,0,0,0,0,0,0,0,0,0,0,0,0,0,0,0,0,0,0,0,0,0,0,0,
鳳山,2023/04/03 00:00:00,RH,77,75,74,75,75,73,73,69,65,59,59,58,58,60,59,63,67,68,67,67,67,67,66,67,
鳳山,2023/04/03 00:00:00,SO2,1.4,1.4,1.5,1.5,1.6,1.5,1.6,1.6,2.4,2.5,3.3,3.2,2.9,2.4,1.9,1.7,1.4,1.5,1.5,1.5,2,2.2,2.9,1.8,
鳳山,2023/04/03 00:00:00,THC,2.15,2.13,2.2,2.23,2.33,2.24,2.19,2.18,2.15,2.16,2.36,2.22,2.19,2.12,2.12,2.17,2.17,2.19,2.2,2.17,2.17,2.2,2.25,2.24,
鳳山,2023/04/03 00:00:00,WD_HR,289,288,286,285,24,85,81,107,177,100,244,253,268,263,287,290,290,290,281,26,76,74,355,93,
鳳山,2023/04/03 00:00:00,WIND_DIREC,286,293,284,285,295,70,90,136,294,262,253,279,268,286,280,282,288,195,240,290,70,73,293,92,
鳳山,2023/04/03 00:00:00,WIND_SPEED,0.9,0.8,0.6,1,0.4,0.3,0.6,1,1,1.1,1.4,1.6,2.1,1.7,1.8,1.4,1.4,0.7,0.5,0.8,0.5,0.4,0.6,0.3,
鳳山,2023/04/03 00:00:00,WS_HR,0.8,0.5,0.5,0.8,0.1,0.1,0.4,0.4,0.2,0.2,0.8,1,1,1.4,1.3,1.1,1.2,0.6,0.5,0.1,0.4,0.3,0.1,0.2,
鳳山,2023/04/04 00:00:00,AMB_TEMP,24.9,24.8,24.9,24.9,24.8,24.4,24,24.7,26.3,27.9,29.2,29.1,29.3,29.7,29.6,29.1,29,28,27.1,26.5,26.2,25.8,25.3,24.9,
鳳山,2023/04/04 00:00:00,CH4,2.16,2.15,2.23,2.21,2.2,2.31,2.68,2.49,2.25,2.16,2.15,2.15,2.15,2.11,2.1,2.09,2.12,2.12,2.12,2.1,2.11,2.13,2.15,2.15,
鳳山,2023/04/04 00:00:00,CO,0.39,0.34,0.35,0.36,0.36,0.4,0.49,0.48,0.47,0.5,0.53,0.59,0.49,0.43,0.44,0.47,0.61,0.76,0.71,0.68,0.63,0.52,0.44,0.4,
鳳山,2023/04/04 00:00:00,NMHC,0.07,0.05,0.07,0.09,0.09,0.12,0.14,0.1,0.12,0.13,0.13,0.15,0.2,0.07,0.12,0.13,0.13,0.18,0.17,0.17,0.15,0.12,0.11,0.08,
鳳山,2023/04/04 00:00:00,NO,0.2,1,0.8,0.6,0.9,1,1.3,1.8,2.1,2.2,2.3,3.2,2.2,2,1.8,1.8,1.9,1.7,2.1,2.1,1.7,1.8,1.3,1.3,
鳳山,2023/04/04 00:00:00,NO2,9.1,6.8,7.5,8,8.5,9.4,13,11.5,10.9,11.3,12.4,15.1,13.3,10.7,9.8,9.3,12.8,15.3,18.5,17.9,16.5,15.7,11.7,10.2,
鳳山,2023/04/04 00:00:00,NOx,9.4,7.8,8.3,8.7,9.5,10.4,14.4,13.3,13,13.5,14.7,18.3,15.6,12.7,11.6,11.1,14.7,17.1,20.6,20.1,18.3,17.5,13,11.5,
鳳山,2023/04/04 00:00:00,O3,38.4,40.9,38,34.3,34.4,28.8,18,24.5,39.1,51.9,61.8,61.5,69.3,66.7,65.2,61.6,61,55,44.6,43.4,40.2,33.5,32.5,32.3,
鳳山,2023/04/04 00:00:00,PM10,41,39,41,40,47,42,51,37,44,41,49,54,52,49,47,47,50,50,50,46,49,54,54,56,
鳳山,2023/04/04 00:00:00,PM2.5,24,23,22,22,26,25,32,28,28,23,24,31,33,24,26,24,28,27,27,23,28,30,28,28,
鳳山,2023/04/04 00:00:00,RAINFALL,0,0,0,0,0,0,0,0,0,0,0,0,0,0,0,0,0,0,0,0,0,0,0,0,
鳳山,2023/04/04 00:00:00,RH,68,67,67,67,68,70,76,73,64,57,53,56,55,53,54,56,56,59,63,65,67,71,71,72,
鳳山,2023/04/04 00:00:00,SO2,1.5,1.4,1.6,1.6,1.6,1.7,1.8,1.8,2.2,2.7,2.7,2.9,2.9,2.7,2.1,1.9,2,2,2,1.9,1.8,1.7,1.5,1.7,
鳳山,2023/04/04 00:00:00,THC,2.24,2.21,2.31,2.31,2.3,2.44,2.83,2.6,2.38,2.3,2.29,2.31,2.36,2.19,2.23,2.23,2.26,2.31,2.3,2.28,2.27,2.26,2.27,2.24,
鳳山,2023/04/04 00:00:00,WD_HR,85,78,97,83,89,92,88,95,79,287,217,260,257,261,272,280,295,288,289,282,289,306,310,298,
鳳山,2023/04/04 00:00:00,WIND_DIREC,79,62,93,88,102,79,94,79,79,312,251,280,251,262,308,305,312,280,283,287,281,79,38,287,
鳳山,2023/04/04 00:00:00,WIND_SPEED,0.3,0.3,0.6,0.4,0.5,0.3,0.6,0.7,0.8,0.9,1.5,1.8,1.5,1.4,1.4,0.9,1.2,0.8,1.1,0.7,0.5,0.3,0.3,1,
鳳山,2023/04/04 00:00:00,WS_HR,0.3,0.3,0.5,0.3,0.4,0.3,0.5,0.7,0.3,0.1,0.3,1,1.2,1.1,0.8,0.7,0.7,0.8,0.8,0.7,0.4,0.1,0.1,0.3,
鳳山,2023/04/05 00:00:00,AMB_TEMP,24.6,24.4,24.1,23.8,23.5,23.7,23.6,24.3,26.1,28.4,29.8,30.4,31.2,31.4,30.8,30.1,29.3,28.1,27.5,27.4,27,26.8,26.8,26.6,
鳳山,2023/04/05 00:00:00,CH4,2.16,2.18,2.26,2.27,2.24,2.26,2.35,2.46,2.37,2.09,2,1.99,1.99,2,2,1.99,1.99,2,2.01,2.04,2.03,2.02,2.02,2.02,
鳳山,2023/04/05 00:00:00,CO,0.35,0.32,0.34,0.35,0.34,0.37,0.52,0.54,0.46,0.46,0.31,0.31,0.32,0.51,0.61,0.45,0.62,0.48,0.7,0.82,0.36,0.29,0.25,0.21,
鳳山,2023/04/05 00:00:00,NMHC,0.05,0.08,0.06,0.12,0.07,0.08,0.15,0.14,0.08,0.27,0.07,0.07,0.05,0.08,0.14,0.17,0.11,0.08,0.11,0.11,0.07,0.05,0.03,0.02,
鳳山,2023/04/05 00:00:00,NO,1.3,0.2,0.5,0.5,0.4,0.2,0.6,1.3,1.3,1.2,1.6,1.5,1.7,2.2,2.9,2,2.5,1.3,1,1.4,1,0.8,0.4,0.4,
鳳山,2023/04/05 00:00:00,NO2,8,10.7,10.2,12.2,8.5,7.9,11.3,11.7,9.1,10.1,8.6,6.6,7,9,11.7,8.8,11.5,10.1,14.8,17.4,8.5,8.2,7.4,6.6,
鳳山,2023/04/05 00:00:00,NOx,9.3,10.9,10.7,12.8,9,8.2,11.9,13,10.4,11.3,10.2,8.1,8.7,11.3,14.7,10.9,14,11.4,15.8,18.9,9.5,9.1,7.9,7,
鳳山,2023/04/05 00:00:00,O3,31.1,27.4,23.2,18.5,20.2,21.5,15.6,17.3,33.3,44,39.7,40.3,39.1,34.6,32,34.6,29.8,28.5,25.2,19.8,28.4,29.2,31.1,32.2,
鳳山,2023/04/05 00:00:00,PM10,47,51,56,55,51,53,55,59,53,47,43,52,50,53,59,45,42,37,35,39,33,27,25,21,
鳳山,2023/04/05 00:00:00,PM2.5,29,28,30,32,32,31,34,36,30,21,17,20,17,14,20,16,18,14,16,20,13,11,10,9,
鳳山,2023/04/05 00:00:00,RAINFALL,0,0,0,0,0,0,0,0,0,0,0,0,0,0,0,0,0,0,0,0,0,0,0,0,
鳳山,2023/04/05 00:00:00,RH,73,75,77,81,86,86,86,85,73,55,50,50,49,49,53,57,59,64,68,66,67,66,67,70,
鳳山,2023/04/05 00:00:00,SO2,1.7,1.5,1.5,1.7,1.3,1.5,1.7,2.5,2.6,3.5,2,2.3,2.5,4.8,5.8,2.6,4.2,2.4,3.9,4.9,1.7,1.2,1,1.1,
鳳山,2023/04/05 00:00:00,THC,2.22,2.27,2.32,2.4,2.32,2.35,2.51,2.61,2.46,2.37,2.07,2.07,2.05,2.09,2.15,2.17,2.11,2.09,2.13,2.16,2.1,2.08,2.06,2.04,
鳳山,2023/04/05 00:00:00,WD_HR,285,289,294,31,72,79,91,84,108,186,159,159,157,202,269,265,256,273,289,119,164,110,147,171,
鳳山,2023/04/05 00:00:00,WIND_DIREC,296,277,337,102,6,103,91,79,134,226,185,159,120,179,253,265,200,289,178,146,217,86,106,241,
鳳山,2023/04/05 00:00:00,WIND_SPEED,1.1,0.9,0.4,0.7,0.3,0.5,0.6,0.5,1,1.5,1.9,1.8,1.5,1.5,1.6,1.4,1.3,1.1,0.9,0.9,1,1,1,1.2,
鳳山,2023/04/05 00:00:00,WS_HR,0.6,0.6,0.5,0,0.2,0.2,0.5,0.5,0.5,0.4,0.6,0.6,0.5,0.4,0.5,0.5,0.4,0.1,0.2,0.1,0.4,0.6,0.4,0.4,
鳳山,2023/04/06 00:00:00,AMB_TEMP,26.4,26.3,26.3,26.2,26.1,25.8,25.9,27.2,28.5,28.5,29,29.7,30.3,30.5,29.8,29.4,28.6,27.9,27.4,27,26.9,26.8,26.7,26.4,
鳳山,2023/04/06 00:00:00,CH4,2,2,2,2,2.01,2.04,2.23,2.12,2.05,2,1.99,1.97,1.97,1.96,1.97,1.97,1.98,1.99,2.02,1.99,2,2.02,2.04,2.07,
鳳山,2023/04/06 00:00:00,CO,0.18,0.17,0.18,0.19,0.2,0.21,0.33,0.43,0.39,0.44,0.6,0.42,0.35,0.28,0.31,0.34,0.43,0.61,0.67,0.56,0.5,0.51,0.39,0.32,
鳳山,2023/04/06 00:00:00,NMHC,0,0,0,0.09,0.08,0.05,0.08,0.08,0.1,0.13,0.16,0.09,0.07,0.05,0.23,0.7,0.4,0.24,0.26,0.19,0.17,0.16,0.12,0.11,
鳳山,2023/04/06 00:00:00,NO,0.1,0.3,0.6,0.5,0.7,0.7,1.1,2.5,2.4,2.2,4,5.2,4,2.4,#,#,3.5,5.5,4.3,3.6,2.2,2.7,1.1,0.7,
鳳山,2023/04/06 00:00:00,NO2,5.1,4.9,4.5,5.7,6.6,6.8,9.4,11.2,8.6,12,16.8,14.5,11,7.4,#,#,11.7,16.1,20.1,19.9,17.8,13.3,10.1,9.8,
鳳山,2023/04/06 00:00:00,NOx,5.2,5.3,5.1,6.2,7.4,7.6,10.6,13.8,11.1,14.2,20.8,19.8,15,9.9,#,#,15.2,21.6,24.4,23.5,20.1,16.1,11.2,10.5,
鳳山,2023/04/06 00:00:00,O3,33.9,34.3,33.7,30.5,28.4,28.7,20.5,23.9,31.7,30.3,25.7,26,30.3,32,26.6,24.7,24,19.7,15.3,13.3,14.7,17,19.1,17.2,
鳳山,2023/04/06 00:00:00,PM10,21,24,43,21,22,22,33,39,39,34,35,30,28,#,#,25,30,31,30,29,28,27,28,27,
鳳山,2023/04/06 00:00:00,PM2.5,10,10,15,10,11,11,14,15,11,13,13,12,17,13,#,14,13,16,16,12,16,16,17,15,
鳳山,2023/04/06 00:00:00,RAINFALL,0,0,0,0,0,0,0,0,0,0,0,0,0,0,0,0,0,0,0,0,0,0,0,0,
鳳山,2023/04/06 00:00:00,RH,73,75,78,82,82,75,75,72,65,64,63,59,57,58,60,60,65,68,71,75,77,74,75,79,
鳳山,2023/04/06 00:00:00,SO2,1,1.3,1.4,1.4,1.3,1.4,5.9,2.8,1.7,2.2,3.8,3.7,2,1.6,1.5,2.1,1.8,1.6,1.9,2,1.8,1.5,1.2,1.3,
鳳山,2023/04/06 00:00:00,THC,2.01,2,2,2.1,2.1,2.1,2.32,2.21,2.16,2.14,2.16,2.06,2.05,2.02,2.21,2.68,2.38,2.24,2.29,2.19,2.18,2.19,2.17,2.19,
鳳山,2023/04/06 00:00:00,WD_HR,116,129,114,121,118,112,89,100,152,188,297,272,261,253,254,259,266,265,299,283,278,324,20,76,
鳳山,2023/04/06 00:00:00,WIND_DIREC,135,101,107,115,90,81,83,114,150,205,300,281,241,280,194,275,261,247,317,292,319,16,39,72,
鳳山,2023/04/06 00:00:00,WIND_SPEED,1.5,1.3,1.1,0.8,0.8,0.7,0.8,1.2,1.2,1.2,1.2,1.4,1.4,1.5,1.2,1.4,1.3,1.1,0.5,0.7,0.5,0.3,0.3,0.3,
鳳山,2023/04/06 00:00:00,WS_HR,0.7,0.6,0.8,0.4,0.4,0.5,0.6,0.5,0.6,0.2,0.3,0.6,0.5,0.7,0.6,0.9,0.9,0.8,0.6,0.5,0.3,0.2,0.2,0.3,
鳳山,2023/04/07 00:00:00,AMB_TEMP,26.1,26.2,26.1,25.9,25.8,25.8,25.8,27,28.7,29.8,30.2,29.3,28.4,30,30.7,29.9,28.5,27.9,26.5,26,25.1,24.3,23.7,23.6,
鳳山,2023/04/07 00:00:00,CH4,2.05,2.08,2.04,2.01,2.06,2.14,2.2,2.13,2.09,2.08,2.1,2.22,2.24,2.15,2.13,2.14,2.2,2.24,2.22,2.23,2.25,2.24,2.26,2.27,
鳳山,2023/04/07 00:00:00,CO,0.25,0.28,0.2,0.16,0.17,0.23,0.37,0.56,0.63,0.62,0.64,0.95,0.82,0.67,0.62,0.82,1.07,1.11,0.93,0.78,0.87,0.8,0.71,0.7,
鳳山,2023/04/07 00:00:00,NMHC,0.08,0.1,0.02,0,0.03,0.09,0.16,0.21,0.23,0.17,0.19,0.31,0.24,0.18,0.18,0.25,0.36,0.4,0.35,0.24,0.29,0.29,0.2,0.2,
鳳山,2023/04/07 00:00:00,NO,0.5,1,0.5,0.6,0.5,0.7,1.8,6.8,7.8,6.4,5.1,5.2,6.9,5.3,3.4,3,4.3,4.3,2.6,1.5,2.1,2,1.5,1.3,
鳳山,2023/04/07 00:00:00,NO2,8.2,9.8,7.4,5.2,5.5,10.1,13.9,17.5,17.7,15.9,17.2,24.7,24.7,19.2,17.4,23.4,33.3,36.5,31.4,25.2,28,26.2,23.6,24.2,
鳳山,2023/04/07 00:00:00,NOx,8.8,10.8,8,5.8,6,10.8,15.7,24.3,25.6,22.4,22.4,29.9,31.6,24.5,20.9,26.4,37.7,40.8,34.1,26.7,30.2,28.3,25.1,25.5,
鳳山,2023/04/07 00:00:00,O3,19.4,17.3,22.4,23.4,21.2,13,8.6,10.2,16.4,20,24.7,28.2,26.7,32.5,45.8,41.7,34.2,32.1,35.4,37.3,30.6,24.4,19.9,16.2,
鳳山,2023/04/07 00:00:00,PM10,23,28,23,23,20,28,31,42,41,42,43,61,45,46,44,62,64,64,49,49,64,63,61,56,
鳳山,2023/04/07 00:00:00,PM2.5,10,13,10,15,14,15,20,26,16,20,19,27,24,27,23,23,21,28,32,36,34,34,35,28,
鳳山,2023/04/07 00:00:00,RAINFALL,0,0,0,0,0,0,0,0,0,0,0,0,0,0,0,0,0,0,0,0,0,0,0,0,
鳳山,2023/04/07 00:00:00,RH,87,87,88,88,89,89,89,85,68,61,58,62,63,55,51,54,57,57,59,61,62,63,63,62,
鳳山,2023/04/07 00:00:00,SO2,1.3,1.1,1.1,1.1,1.2,1.3,1.4,1.7,1.9,1.7,1.5,1.9,2.3,2.2,2.4,2.5,2.4,2.4,2.4,2.3,2.8,2.8,2.6,2.2,
鳳山,2023/04/07 00:00:00,THC,2.14,2.19,2.07,2.02,2.1,2.24,2.37,2.35,2.32,2.26,2.3,2.53,2.49,2.34,2.31,2.4,2.57,2.65,2.58,2.48,2.55,2.54,2.47,2.48,
鳳山,2023/04/07 00:00:00,WD_HR,73,20,295,297,342,353,78,293,284,286,287,289,285,277,278,287,286,285,275,101,278,280,289,287,
鳳山,2023/04/07 00:00:00,WIND_DIREC,89,36,284,295,83,48,270,298,267,311,287,281,290,281,290,294,287,268,91,287,278,279,298,285,
鳳山,2023/04/07 00:00:00,WIND_SPEED,0.6,0.4,0.9,0.7,0.3,0.3,0.5,0.9,1.1,1,1.2,1.5,1.7,1.4,1.2,1.2,0.7,0.9,0.5,0.8,1.1,1.3,1,1.5,
鳳山,2023/04/07 00:00:00,WS_HR,0.3,0.2,0.6,0.4,0.1,0.2,0.1,0.3,0.8,0.6,0.4,1.1,1.4,1,0.9,1,0.9,0.7,0.1,0.2,0.9,0.7,0.9,0.9,
鳳山,2023/04/08 00:00:00,AMB_TEMP,23,22,21.5,21.3,21.4,21.8,22.5,23.6,23.8,25,25.9,26.6,26.4,26.5,26.3,26,25.4,24.7,24.2,24.1,23.9,23.9,23.8,23.6,
鳳山,2023/04/08 00:00:00,CH4,2.26,2.25,2.26,2.27,2.27,2.28,2.28,2.23,2.24,2.2,2.11,2.13,2.11,2.1,2.11,2.12,2.12,2.13,2.12,2.11,2.1,2.1,2.1,2.09,
鳳山,2023/04/08 00:00:00,CO,0.66,0.54,0.55,0.48,0.48,0.51,0.59,0.73,0.78,0.71,0.56,0.61,0.57,0.49,0.5,0.57,0.58,0.7,0.63,0.55,0.47,0.49,0.45,0.39,
鳳山,2023/04/08 00:00:00,NMHC,0.19,0.16,0.17,0.17,0.15,0.16,0.16,0.23,0.2,0.18,0.1,0.13,0.09,0.07,0.07,0.09,0.1,0.13,0.12,0.07,0.06,0.05,0.04,0.03,
鳳山,2023/04/08 00:00:00,NO,1.1,0.7,0.7,0.6,0.5,0.7,1,4,4.6,4.6,2.4,2.3,2,1.4,1.6,1.6,1.2,1,0.8,0.8,0.5,0.7,0.5,0.6,
鳳山,2023/04/08 00:00:00,NO2,22.4,19.8,19.8,18.1,15.5,14.9,17.8,24.1,21.1,17.7,10.4,12.4,10.6,8.7,8.5,13,14,16.6,14.8,13,9.8,9.3,10.2,8.6,
鳳山,2023/04/08 00:00:00,NOx,23.5,20.5,20.5,18.7,16.1,15.6,18.8,28.1,25.7,22.3,12.8,14.7,12.7,10.1,10.2,14.6,15.2,17.6,15.6,13.8,10.4,10.1,10.8,9.2,
鳳山,2023/04/08 00:00:00,O3,15.6,16.9,16.5,19.5,19.3,18.5,16.6,18.4,22.9,33.4,48.4,53,56.2,59.1,61.1,61.1,64,63.7,65.2,66.9,64,57.6,61.1,61.6,
鳳山,2023/04/08 00:00:00,PM10,45,44,44,42,39,38,42,61,51,48,32,49,42,45,47,47,61,64,76,85,74,68,66,61,
鳳山,2023/04/08 00:00:00,PM2.5,31,27,30,26,28,31,24,33,34,32,36,20,21,21,16,22,29,26,27,34,27,29,31,28,
鳳山,2023/04/08 00:00:00,RAINFALL,0,0,0,0,0,0,0,0,0,0,0,0,0,0,0,0,0,0,0,0,0,0,0,0,
鳳山,2023/04/08 00:00:00,RH,62,63,63,63,64,63,65,65,63,60,57,55,56,54,54,55,57,59,61,63,65,64,66,68,
鳳山,2023/04/08 00:00:00,SO2,1.9,1.9,2.4,2.6,2.5,2.1,2,3,3,2.8,2.1,2.2,1.9,1.9,2,2.1,2.3,2.1,2,1.8,1.8,1.6,1.5,1.7,
鳳山,2023/04/08 00:00:00,THC,2.46,2.42,2.44,2.44,2.43,2.45,2.45,2.47,2.45,2.39,2.22,2.26,2.21,2.18,2.19,2.22,2.22,2.27,2.24,2.19,2.17,2.16,2.15,2.13,
鳳山,2023/04/08 00:00:00,WD_HR,290,282,291,288,78,87,68,272,288,282,231,282,283,262,256,230,243,262,255,276,298,246,285,238,
鳳山,2023/04/08 00:00:00,WIND_DIREC,284,289,284,314,69,93,247,285,294,240,247,276,232,284,213,215,260,255,275,295,321,266,283,257,
鳳山,2023/04/08 00:00:00,WIND_SPEED,1.3,1.4,0.5,0.6,0.3,0.4,0.8,1.3,1.7,1.5,1.2,1.8,1.4,1.9,1.2,1.3,1.4,1.1,0.7,1,0.9,0.8,0.7,1.1,
鳳山,2023/04/08 00:00:00,WS_HR,0.9,1,0.7,0.8,0,0.5,0.1,0.7,0.9,0.8,0.4,1.1,1.1,1,0.7,0.8,0.7,0.7,0.5,0.5,0.2,0.2,0.4,0.4,
鳳山,2023/04/09 00:00:00,AMB_TEMP,23.5,23.3,23.2,22.9,22.6,22.4,22.5,23,23.8,24.4,25.3,26.7,26.4,26.6,26.2,25,24.6,24.1,23.4,22.5,22.6,21.9,22,22.5,
鳳山,2023/04/09 00:00:00,CH4,2.1,2.1,2.09,2.15,2.24,2.2,2.23,2.2,2.18,2.13,2.12,2.09,2.06,2.05,2.05,2.05,2.06,2.06,2.1,2.11,2.09,2.09,2.08,2.08,
鳳山,2023/04/09 00:00:00,CO,0.37,0.33,0.32,0.33,0.39,0.37,0.41,0.48,0.51,0.52,0.56,0.49,0.43,0.37,0.37,0.37,0.45,0.51,0.45,0.31,0.3,0.35,0.38,0.31,
鳳山,2023/04/09 00:00:00,NMHC,0.03,0.02,0.03,0.05,0.11,0.1,0.12,0.13,0.13,0.13,0.15,0.13,0.09,0.07,0.07,0.07,0.09,0.11,0.09,0.05,0.06,0.07,0.09,0.07,
鳳山,2023/04/09 00:00:00,NO,0.5,0.5,0.1,0.3,0.3,0.4,0.5,1,1.5,1.8,1.8,2.3,1.2,1.3,1.1,0.9,0.9,1,0.8,0.3,0.3,0.3,0.5,0.3,
鳳山,2023/04/09 00:00:00,NO2,7.1,6.7,6.5,7.8,11.2,12.4,12.7,14,13.8,14.5,16.3,14,12,9.6,7.5,8.7,11.6,13.2,11.9,8.9,8,10.2,12.5,10.4,
鳳山,2023/04/09 00:00:00,NOx,7.6,7.3,6.7,8.1,11.6,12.9,13.2,15.1,15.3,16.3,18.2,16.3,13.2,11,8.6,9.6,12.5,14.3,12.8,9.3,8.3,10.6,13,10.8,
鳳山,2023/04/09 00:00:00,O3,58.3,55.7,54.3,41.7,31.7,32.3,30.1,33.4,39.7,44.6,48.5,61.6,65.8,64.4,62.8,61.9,57.2,54.2,48.5,38.6,40.1,37.9,40.8,45.7,
鳳山,2023/04/09 00:00:00,PM10,46,43,40,68,76,63,64,114,57,58,60,55,48,44,35,35,35,36,33,21,19,25,25,26,
鳳山,2023/04/09 00:00:00,PM2.5,16,20,25,28,32,26,26,31,25,23,23,22,17,15,14,16,18,13,18,11,12,11,14,18,
鳳山,2023/04/09 00:00:00,RAINFALL,0,0,0,0,0,0,0,0,0,0,0,0,0,0,0,0,0,0,0,0,0,0,0,0,
鳳山,2023/04/09 00:00:00,RH,68,71,70,67,64,64,64,62,60,59,57,54,55,54,56,60,61,63,67,67,65,79,87,84,
鳳山,2023/04/09 00:00:00,SO2,1.8,1.9,1.7,2.2,2.4,2.4,2.4,2.4,2.6,2.4,2.6,2.8,2.5,2.2,2,2.1,2.1,2,2.5,3,1.9,3.6,2,2,
鳳山,2023/04/09 00:00:00,THC,2.14,2.13,2.13,2.21,2.36,2.31,2.36,2.34,2.32,2.27,2.28,2.23,2.16,2.13,2.13,2.13,2.16,2.18,2.2,2.17,2.16,2.17,2.18,2.16,
鳳山,2023/04/09 00:00:00,WD_HR,274,264,271,289,285,53,87,91,318,299,269,275,255,278,264,245,265,268,89,100,103,95,298,304,
鳳山,2023/04/09 00:00:00,WIND_DIREC,292,283,302,265,284,104,93,113,271,272,265,264,257,280,234,241,269,295,87,100,124,25,298,300,
鳳山,2023/04/09 00:00:00,WIND_SPEED,1.2,0.8,0.9,0.6,0.9,0.4,0.5,0.9,0.6,0.5,1,1,1.4,1.8,1.9,1.6,1.1,1.1,0.7,0.9,0.8,0.4,0.8,0.8,
鳳山,2023/04/09 00:00:00,WS_HR,0.6,0.6,0.4,0.6,0.4,0.1,0.4,0.3,0.2,0.2,0.4,0.8,1,1.2,1.1,1.1,0.9,0.8,0.1,0.8,0.7,0.5,0.8,0.7,
鳳山,2023/04/10 00:00:00,AMB_TEMP,22.7,22.1,21.6,21.2,21.3,21.2,21.5,22.6,24.1,25.6,27,28.2,28.5,27.7,27.6,26.6,25.7,25.2,24.8,24.5,24.6,24.6,24.4,24.3,
鳳山,2023/04/10 00:00:00,CH4,2.08,2.11,2.14,2.15,2.14,2.14,2.09,2.08,2.06,2.05,2.05,2.07,#,2.08,2.06,2.05,2.04,2.04,2.04,2.04,2.05,2.06,2.08,2.1,
鳳山,2023/04/10 00:00:00,CO,0.29,0.3,0.29,0.29,0.27,0.33,0.4,0.58,0.5,0.43,0.4,0.53,#,0.59,0.5,0.54,0.65,0.77,0.7,0.45,0.47,0.45,0.48,0.41,
鳳山,2023/04/10 00:00:00,NMHC,0.06,0.09,0.07,0.07,0.05,0.04,0.08,0.13,0.09,0.08,0.13,0.14,#,0.15,0.12,0.1,0.15,0.18,0.16,0.08,0.09,0.11,0.17,0.11,
鳳山,2023/04/10 00:00:00,NO,0.2,1.3,1,0.9,0.8,1.2,1.6,3.4,3.7,2.8,2.1,3.4,#,2.6,2.2,2.4,2.5,2.9,2.7,1.7,1.3,0.9,1.4,1.4,
鳳山,2023/04/10 00:00:00,NO2,8.5,7.9,7,6.1,5.7,6.5,10.9,16.9,13.8,10.6,9.4,23.3,#,19.9,13.3,12.7,16.2,19.8,18.5,14.3,14.5,13.7,21,18.8,
鳳山,2023/04/10 00:00:00,NOx,8.7,9.2,8,7,6.6,7.8,12.6,20.3,17.6,13.4,11.5,26.7,#,22.5,15.5,15.1,18.8,22.8,21.3,16,15.9,14.7,22.5,20.2,
鳳山,2023/04/10 00:00:00,O3,46.4,37.9,36.5,35.9,39.9,38.5,39,38.6,42.4,50.5,58.9,#,68.7,84.6,68.3,55.5,47.5,41.8,40.1,41.9,39.2,38,28.5,31.6,
鳳山,2023/04/10 00:00:00,PM10,29,30,38,29,36,39,35,45,68,*,57,#,58,57,40,42,37,35,40,30,36,37,41,39,
鳳山,2023/04/10 00:00:00,PM2.5,11,20,17,18,19,15,14,16,15,25,14,24,#,19,19,14,17,16,16,18,17,17,18,15,
鳳山,2023/04/10 00:00:00,RAINFALL,0,0,0,0,0,0,0,0,0,0,0,#,0,0,0,0,0,0,0,0,0,0,0,0,
鳳山,2023/04/10 00:00:00,RH,77,76,77,80,78,77,76,71,63,55,49,47,49,50,48,55,59,63,65,65,64,64,67,69,
鳳山,2023/04/10 00:00:00,SO2,1.9,1.6,2,1.6,1.7,1.6,1.6,1.8,1.9,2,2.1,2.8,#,3.9,2.4,1.8,1.4,1.5,1.4,1.5,1.7,2.3,2.7,2.1,
鳳山,2023/04/10 00:00:00,THC,2.15,2.21,2.22,2.23,2.2,2.19,2.18,2.22,2.15,2.14,2.19,2.22,#,2.24,2.19,2.16,2.2,2.23,2.21,2.13,2.15,2.18,2.26,2.22,
鳳山,2023/04/10 00:00:00,WD_HR,335,200,75,86,298,252,277,280,291,297,72,255,266,254,268,290,289,287,285,63,100,117,263,303,
鳳山,2023/04/10 00:00:00,WIND_DIREC,74,81,31,211,106,238,318,287,73,307,83,286,262,248,291,274,286,283,279,94,82,82,297,306,
鳳山,2023/04/10 00:00:00,WIND_SPEED,0.5,0.3,0.4,0.3,0.5,0.6,0.9,1.3,0.9,0.9,0.8,1.5,1.8,1.6,1.7,1.3,0.9,0.9,0.7,0.4,0.5,0.4,0.4,0.3,
鳳山,2023/04/10 00:00:00,WS_HR,0.1,0,0.1,0.2,0.1,0.1,0.3,0.1,0.4,0.3,0.2,0.5,0.9,1.1,1.2,1.3,0.8,0.6,0.4,0.2,0.3,0.3,0.2,0.4,
鳳山,2023/04/11 00:00:00,AMB_TEMP,23.9,23.3,22.9,22.5,22.5,22.5,22.5,23.7,25.3,26.7,28.2,29.7,29.8,29.9,29.7,29,28.4,27.6,26.9,26.1,25.7,25.4,25.2,25,
鳳山,2023/04/11 00:00:00,CH4,2.11,2.18,2.18,2.25,2.27,2.29,2.23,2.19,2.13,2.13,2.1,2.13,2.13,2.11,2.09,2.07,2.06,2.06,2.07,2.07,2.05,2.05,2.08,2.08,
鳳山,2023/04/11 00:00:00,CO,0.36,0.33,0.33,0.33,0.38,0.49,0.46,0.62,0.47,0.49,0.52,0.71,0.58,0.52,0.51,0.58,0.67,0.87,0.97,0.78,0.59,0.54,0.46,0.38,
鳳山,2023/04/11 00:00:00,NMHC,0.07,0.14,0.14,0.15,0.13,0.17,0.14,0.18,0.1,0.13,0.13,0.23,0.12,0.1,0.1,0.12,0.15,0.22,0.27,0.19,0.11,0.14,0.18,0.08,
鳳山,2023/04/11 00:00:00,NO,1.1,1,0.9,1.2,1.1,2,1.3,2.8,3.4,2.8,2.9,3.9,2.6,2,2.3,3.1,3.6,4.8,3.1,2.7,1.6,1.5,1.4,1.3,
鳳山,2023/04/11 00:00:00,NO2,15.1,13.5,11.7,10.6,12.4,17,16,19.6,17.6,13.4,14.6,25.5,16,13.8,12.8,14,16.1,23.7,25.2,21.6,15.2,16.1,16.6,14.2,
鳳山,2023/04/11 00:00:00,NOx,16.3,14.5,12.7,11.8,13.6,19,17.4,22.4,21,16.2,17.6,29.5,18.7,15.9,15.1,17.1,19.8,28.5,28.4,24.4,16.9,17.6,18,15.6,
鳳山,2023/04/11 00:00:00,O3,34.2,28.6,28.8,26,23.2,18.7,24.2,26.2,36.5,46.7,56.8,66.8,80.1,76.1,62.4,50.6,45.7,36.4,35.3,40.3,46.2,43.2,43.9,42.6,
鳳山,2023/04/11 00:00:00,PM10,28,34,40,39,50,54,60,65,43,48,49,54,54,44,38,36,37,37,41,38,32,31,36,30,
鳳山,2023/04/11 00:00:00,PM2.5,13,19,20,23,26,34,31,31,21,24,21,26,23,25,16,16,21,18,21,18,17,22,23,13,
鳳山,2023/04/11 00:00:00,RAINFALL,0,0,0,0,0,0,0,0,0,0,0,0,0,0,0,0,0,0,0,0,0,0,0,0,
鳳山,2023/04/11 00:00:00,RH,71,72,72,72,70,67,64,59,53,49,45,43,43,43,45,49,50,50,56,66,68,71,74,75,
鳳山,2023/04/11 00:00:00,SO2,1.8,1.7,1.7,1.6,1.7,2.7,3.3,5.2,3.7,3,2.5,3,2.7,3.2,2.8,2.4,1.5,1.6,1.7,1.7,1.5,1.7,2.3,2.1,
鳳山,2023/04/11 00:00:00,THC,2.19,2.33,2.33,2.41,2.41,2.47,2.38,2.38,2.24,2.27,2.24,2.37,2.26,2.21,2.2,2.2,2.22,2.29,2.35,2.27,2.17,2.2,2.27,2.16,
鳳山,2023/04/11 00:00:00,WD_HR,303,60,81,81,72,92,96,88,95,277,234,288,265,293,284,285,283,267,272,262,249,252,281,264,
鳳山,2023/04/11 00:00:00,WIND_DIREC,296,317,91,52,156,73,95,97,75,253,239,298,286,291,271,275,273,263,250,270,256,257,299,255,
鳳山,2023/04/11 00:00:00,WIND_SPEED,0.6,0.4,0.4,0.3,0.3,0.3,0.5,0.6,0.8,1.2,1,1.5,1.6,1.9,1.6,1.6,1,0.9,1,0.5,0.6,0.5,0.3,0.7,
鳳山,2023/04/11 00:00:00,WS_HR,0.4,0.1,0.2,0.3,0.1,0,0.4,0.4,0.4,0.2,0.6,0.9,1,1.4,1.2,1.2,1,0.8,0.7,0.5,0.5,0.4,0.4,0.4,
鳳山,2023/04/12 00:00:00,AMB_TEMP,24.9,24.7,23.9,23.4,23.5,22.9,23.1,24.5,26.8,28.1,29.3,30.3,30.7,30.5,29.8,28.1,27.6,27.5,27.5,26.8,25.9,25.3,25.1,24.6,
鳳山,2023/04/12 00:00:00,CH4,2.09,2.09,2.25,2.5,2.27,2.34,2.18,2.13,2.09,2.06,2.07,2.09,2.09,2.09,2.08,2.07,2.05,2.08,2.1,2.1,2.1,2.12,2.15,2.16,
鳳山,2023/04/12 00:00:00,CO,0.3,0.28,0.34,0.39,0.35,0.38,0.44,0.63,0.67,0.52,0.53,0.55,0.52,0.45,0.49,0.59,0.67,0.9,0.93,0.65,0.56,0.53,0.55,0.44,
鳳山,2023/04/12 00:00:00,NMHC,0.04,0.02,0.17,0.18,0.14,0.14,0.14,0.17,0.17,0.13,0.18,0.16,0.12,0.1,0.13,0.16,0.21,0.23,0.24,0.2,0.16,0.17,0.19,0.15,
鳳山,2023/04/12 00:00:00,NO,1.1,0.7,0.6,0.9,0.8,0.7,0.9,1.8,4.8,3.2,2.7,2,2.4,2.1,2.6,2.5,3.3,3.2,3.4,2.3,1.8,1.4,1.4,1.1,
鳳山,2023/04/12 00:00:00,NO2,10.5,7.2,10.9,13.6,11,10.6,10.1,13.8,20.1,13.2,13.4,13.4,13.6,11.5,12.3,15.5,17.8,23.6,25.3,19.2,16.7,16.7,19.1,14.9,
鳳山,2023/04/12 00:00:00,NOx,11.6,8,11.6,14.6,11.9,11.3,11,15.6,25,16.5,16.2,15.4,16.1,13.6,14.9,18.1,21.2,26.9,28.7,21.6,18.5,18.1,20.5,16.1,
鳳山,2023/04/12 00:00:00,O3,43.4,40.8,24,16.8,22.9,24.5,28.2,31.5,31,42.5,53.2,61.3,56.4,57,55.7,52.5,38.9,33.4,30.3,30.7,34.1,34.2,29,31.9,
鳳山,2023/04/12 00:00:00,PM10,28,30,38,47,39,46,41,53,44,46,49,53,48,59,63,65,54,53,53,53,49,55,58,58,
鳳山,2023/04/12 00:00:00,PM2.5,17,19,24,33,26,30,28,26,21,18,22,23,18,23,28,28,22,23,26,24,27,28,31,27,
鳳山,2023/04/12 00:00:00,RAINFALL,0,0,0,0,0,0,0,0,0,0,0,0,0,0,0,0,0,0,0,0,0,0,0,0,
鳳山,2023/04/12 00:00:00,RH,80,82,86,87,85,86,84,70,56,52,48,47,49,50,54,63,65,64,61,64,67,71,73,76,
鳳山,2023/04/12 00:00:00,SO2,1.9,1.2,1.4,1.5,1.5,1.4,1.7,1.8,2.4,2,2.1,2.3,2.1,2.2,2.7,2.8,2,1.5,1.6,1.7,2.1,2,2.3,1.6,
鳳山,2023/04/12 00:00:00,THC,2.14,2.12,2.43,2.69,2.41,2.49,2.33,2.31,2.27,2.2,2.26,2.26,2.22,2.2,2.22,2.24,2.27,2.32,2.35,2.3,2.27,2.3,2.35,2.32,
鳳山,2023/04/12 00:00:00,WD_HR,296,345,94,77,80,86,96,99,281,133,283,286,286,282,275,280,282,286,286,278,276,285,289,285,
鳳山,2023/04/12 00:00:00,WIND_DIREC,325,103,89,68,88,78,81,297,272,95,287,304,286,274,290,281,278,285,300,281,266,276,291,287,
鳳山,2023/04/12 00:00:00,WIND_SPEED,0.3,0.6,0.4,0.3,0.4,0.4,0.3,0.8,1.4,1,1.7,1.3,1.8,2,2.1,1.6,1.5,1.1,0.7,1.1,0.7,0.6,0.7,0.7,
鳳山,2023/04/12 00:00:00,WS_HR,0.5,0.1,0.5,0.3,0.3,0.4,0.3,0.2,0.6,0.1,0.4,1,1.5,1.5,1.6,1.5,1.3,1,0.6,0.6,0.7,0.7,0.6,0.8,
鳳山,2023/04/13 00:00:00,AMB_TEMP,24.2,23.8,23.6,23.5,23.5,23.4,23.5,24.7,26.5,27.9,28.4,30.1,30.6,30.2,29.2,28.7,28.2,27.9,27.7,27.3,26.5,26,25.8,25.4,
鳳山,2023/04/13 00:00:00,CH4,2.18,2.2,2.2,2.21,2.21,2.28,2.29,2.24,2.24,2.18,2.21,2.18,2.15,2.09,2.05,2.04,2.06,2.08,2.07,2.09,2.12,2.14,2.18,2.22,
鳳山,2023/04/13 00:00:00,CO,0.48,0.39,0.35,0.37,0.44,0.52,0.59,0.84,0.97,0.83,0.76,0.76,0.67,0.6,0.49,0.55,0.73,0.94,0.89,0.86,0.7,0.78,0.61,0.49,
鳳山,2023/04/13 00:00:00,NMHC,0.21,0.18,0.17,0.19,0.19,0.37,0.34,0.3,0.47,0.65,0.42,0.42,0.16,0.13,0.12,0.14,0.18,0.24,0.21,0.21,0.21,0.27,0.24,0.2,
鳳山,2023/04/13 00:00:00,NO,0.9,0.6,0.4,0.5,0.7,1.6,1.3,4.3,5.3,3.2,1.9,2.2,1.3,1.4,2,2.2,2.1,2.7,2.2,2.4,1.3,1.9,1.5,0.6,
鳳山,2023/04/13 00:00:00,NO2,16.1,13.8,13.4,14.1,12.9,17.8,19.5,23.5,29.9,19.9,20,20,14.5,13.7,12.2,14.4,17.1,24,20.4,24.1,21.5,24.8,22.5,16.8,
鳳山,2023/04/13 00:00:00,NOx,17.1,14.5,13.9,14.6,13.6,19.5,20.8,27.8,35.2,23.1,21.9,22.2,15.8,15.2,14.2,16.6,19.3,26.7,22.7,26.5,22.8,26.8,24,17.5,
鳳山,2023/04/13 00:00:00,O3,26.1,26.2,24.7,23,24,12.8,13.4,22.1,31.8,49.4,58.1,72.9,85.3,71.7,58.2,54.5,49.3,40.7,38.3,33.1,28.8,21.6,22,23.6,
鳳山,2023/04/13 00:00:00,PM10,69,65,70,73,73,79,79,85,83,81,82,77,84,82,103,108,94,90,67,112,171,189,188,178,
鳳山,2023/04/13 00:00:00,PM2.5,39,35,38,37,43,42,47,46,46,45,48,47,43,39,32,40,39,39,33,42,53,63,63,63,
鳳山,2023/04/13 00:00:00,RAINFALL,0,0,0,0,0,0,0,0,0,0,0,0,0,0,0,0,0,0,0,0,0,0,0,0,
鳳山,2023/04/13 00:00:00,RH,84,88,89,90,90,90,90,86,72,63,60,54,53,55,58,60,61,60,57,62,71,74,75,77,
鳳山,2023/04/13 00:00:00,SO2,2.1,1.4,1,1.2,1.3,1.4,1.4,1.9,2.5,2.7,2.7,2.8,2.7,2.3,1.7,1.1,1,1,1.3,2.4,1.4,1.7,1.4,1.2,
鳳山,2023/04/13 00:00:00,THC,2.4,2.39,2.38,2.41,2.41,2.66,2.64,2.54,2.72,2.84,2.64,2.61,2.32,2.23,2.18,2.19,2.25,2.32,2.29,2.31,2.34,2.42,2.43,2.43,
鳳山,2023/04/13 00:00:00,WD_HR,281,289,278,291,280,284,81,99,301,301,295,287,285,286,285,277,275,287,289,279,289,283,310,69,
鳳山,2023/04/13 00:00:00,WIND_DIREC,286,287,278,289,251,15,88,261,307,279,282,313,271,282,287,287,264,283,281,274,277,295,41,72,
鳳山,2023/04/13 00:00:00,WIND_SPEED,0.8,0.7,0.7,0.4,0.4,0.3,0.4,0.7,1,0.8,1.2,1,1.7,1.8,1.5,1.4,1.1,0.7,1.3,0.6,0.7,0.5,0.3,0.3,
鳳山,2023/04/13 00:00:00,WS_HR,0.8,0.6,0.3,0.3,0.4,0.3,0.4,0,0.3,0.4,0.4,0.4,0.9,1.4,1.3,1.1,0.8,0.8,0.9,0.7,0.4,0.3,0.2,0.3,
鳳山,2023/04/14 00:00:00,AMB_TEMP,25.3,24.9,24.4,24,23.8,23.8,24,25.3,27.3,29,29.9,31.6,32.6,33,31.6,30.4,30.2,29.2,28.3,28.1,27.8,27.5,27.4,27.1,
鳳山,2023/04/14 00:00:00,CH4,2.25,2.28,2.36,2.5,2.66,2.72,2.69,2.44,2.3,2.28,2.42,2.29,2.17,2.08,2.04,2.05,2.05,2.05,2.03,2.04,2.05,2.1,2.13,2.16,
鳳山,2023/04/14 00:00:00,CO,0.49,0.47,0.46,0.4,0.41,0.45,0.52,0.66,0.83,0.8,1.04,1.02,0.8,0.58,0.53,0.57,0.66,0.81,0.8,0.77,0.63,0.66,0.62,0.54,
鳳山,2023/04/14 00:00:00,NMHC,0.24,0.23,0.22,0.16,0.16,0.17,0.15,0.18,0.2,0.27,0.39,0.29,0.19,0.12,0.08,0.1,0.15,0.2,0.19,0.19,0.13,0.22,0.2,0.19,
鳳山,2023/04/14 00:00:00,NO,0.6,0.9,0.8,0.8,0.9,0.8,1.4,3.6,4.6,3.3,4.4,2.7,2,1.7,2.3,2.2,2.8,3.2,3,3.1,2.2,2.2,1.4,1.6,
鳳山,2023/04/14 00:00:00,NO2,16.8,16,15.8,12.5,11.9,13.1,15.1,16.7,20.7,24,31.5,25.7,19.7,15.8,16.3,16.1,21.7,29,23.4,22.9,17.4,21.5,20.6,21.3,
鳳山,2023/04/14 00:00:00,NOx,17.5,16.9,16.6,13.4,12.8,13.9,16.5,20.3,25.3,27.3,35.9,28.4,21.7,17.6,18.7,18.3,24.5,32.3,26.4,26,19.6,23.8,22,22.9,
鳳山,2023/04/14 00:00:00,O3,21.1,16.5,13.9,16,15.1,15.3,16,22.7,33.4,55.3,60.4,81,85.7,72.6,53,63.6,53.8,34.1,27.3,24.2,26.3,18.5,18.5,14.3,
鳳山,2023/04/14 00:00:00,PM10,180,180,177,136,104,98,100,123,132,125,181,156,114,74,64,68,63,65,52,50,35,41,45,42,
鳳山,2023/04/14 00:00:00,PM2.5,59,63,62,51,47,44,47,48,61,59,85,77,53,40,31,38,34,32,27,28,19,29,31,30,
鳳山,2023/04/14 00:00:00,RAINFALL,0,0,0,0,0,0,0,0,0,0,0,0,0,0,0,0,0,0,0,0,0,0,0,0,
鳳山,2023/04/14 00:00:00,RH,78,84,88,89,89,90,89,87,72,61,60,53,48,46,48,52,54,62,68,68,62,66,68,69,
鳳山,2023/04/14 00:00:00,SO2,1,1.4,1.5,1.3,1.1,1.2,1.3,2.6,4.4,5.3,4,3.6,2.7,3.5,4.9,3.2,2.8,3,3,2.1,1.7,1.8,1.8,1.9,
鳳山,2023/04/14 00:00:00,THC,2.5,2.52,2.59,2.67,2.83,2.89,2.85,2.63,2.51,2.55,2.82,2.59,2.37,2.21,2.13,2.16,2.21,2.26,2.23,2.24,2.19,2.33,2.33,2.36,
鳳山,2023/04/14 00:00:00,WD_HR,72,86,88,93,83,79,87,93,87,97,285,285,285,275,223,233,269,276,262,280,296,345,305,299,
鳳山,2023/04/14 00:00:00,WIND_DIREC,76,96,84,69,98,88,75,86,91,275,276,287,287,262,248,239,282,271,268,7,299,346,288,66,
鳳山,2023/04/14 00:00:00,WIND_SPEED,0.3,0.4,0.5,0.3,0.4,0.4,0.5,0.6,1,0.9,1.5,1.5,1,1.6,1.5,1.3,1.3,0.8,0.8,0.4,0.5,0.3,0.6,0.3,
鳳山,2023/04/14 00:00:00,WS_HR,0.3,0.4,0.4,0.4,0.4,0.3,0.4,0.3,0.1,0.2,0.9,0.9,0.8,0.7,0.5,0.4,0.9,0.7,0.5,0.5,0.3,0.1,0.2,0.2,
鳳山,2023/04/15 00:00:00,AMB_TEMP,26.6,26.2,26.4,26.7,26.5,26.3,27.1,28,28.9,30.2,31.2,31.3,31.1,30.4,30.2,29.5,28.5,28.5,28.2,27.7,27.6,27.5,26.8,26.8,
鳳山,2023/04/15 00:00:00,CH4,2.18,2.15,2.24,2.25,2.23,2.24,2.26,2.33,2.28,2.1,2.03,1.99,1.98,1.97,1.97,1.99,1.99,2.03,2.05,2.05,2.07,2.07,2.02,2.05,
鳳山,2023/04/15 00:00:00,CO,0.43,0.34,0.4,0.43,0.4,0.44,0.69,1.02,0.91,0.59,0.63,0.58,0.42,0.34,0.33,0.43,0.55,0.76,0.75,0.55,0.53,0.77,0.46,0.51,
鳳山,2023/04/15 00:00:00,NMHC,0.16,0.11,0.14,0.2,0.22,0.21,0.27,0.44,0.3,0.27,0.19,0.13,0.1,0.06,0.06,0.09,0.11,0.21,0.2,0.14,0.14,0.24,0.06,0.07,
鳳山,2023/04/15 00:00:00,NO,1.3,0.2,0.3,0.5,0.3,0.5,2.3,9,5.8,4.7,4.8,4.4,4.2,2.7,2.9,2.7,2.2,2.7,2.1,0.6,0.5,0.8,0.9,0.7,
鳳山,2023/04/15 00:00:00,NO2,17.6,10.4,11.6,13.7,14.3,12.6,17.9,27.9,21.6,14.7,14.7,9.9,7.3,6.1,6,8.1,10.6,17.1,19.7,15.3,14.9,20.8,17.3,12.9,
鳳山,2023/04/15 00:00:00,NOx,19,10.7,12,14.3,14.7,13.2,20.2,36.9,27.4,19.4,19.5,14.4,11.5,8.9,8.9,10.8,12.8,19.8,21.8,16,15.4,21.6,18.3,13.6,
鳳山,2023/04/15 00:00:00,O3,18.4,21.1,17.5,14.7,13.3,14.9,13.1,10.7,19.8,24.2,27.8,27.2,26,26,28.9,34.9,39,36.5,29.8,30,29,22.5,32.7,39.3,
鳳山,2023/04/15 00:00:00,PM10,48,40,39,43,47,43,61,75,76,45,49,31,27,25,25,35,47,57,49,46,48,56,33,30,
鳳山,2023/04/15 00:00:00,PM2.5,29,28,22,29,26,29,37,49,53,27,13,15,9,10,10,15,22,26,28,26,22,32,18,21,
鳳山,2023/04/15 00:00:00,RAINFALL,0,0,0,0,0,0,0,0,0,0,0,0,0,0,0,0,0,0,0,0,0,0,0,0,
鳳山,2023/04/15 00:00:00,RH,71,72,71,70,71,71,68,66,63,59,54,52,53,54,53,60,68,69,70,75,73,74,79,78,
鳳山,2023/04/15 00:00:00,SO2,1.4,1.4,1.3,1.6,1.5,1.6,1.5,2.6,2.6,1.9,2.2,3,1.2,0.9,0.8,1,1.8,1.8,1.5,1.5,1.5,3.4,2.8,2.6,
鳳山,2023/04/15 00:00:00,THC,2.35,2.27,2.39,2.45,2.46,2.46,2.54,2.77,2.59,2.37,2.23,2.13,2.08,2.04,2.04,2.08,2.11,2.25,2.26,2.19,2.22,2.32,2.09,2.13,
鳳山,2023/04/15 00:00:00,WD_HR,115,65,353,53,59,48,307,292,287,281,278,283,286,278,281,287,277,283,291,108,101,150,276,262,
鳳山,2023/04/15 00:00:00,WIND_DIREC,94,52,43,31,60,63,292,283,286,271,294,268,277,276,284,291,277,290,315,94,100,224,321,241,
鳳山,2023/04/15 00:00:00,WIND_SPEED,0.4,0.3,0.3,0.3,0.3,0.3,0.4,1.1,1,1.5,1.8,2,2.1,2.1,1.9,1.7,1.6,1.3,0.6,0.8,1.2,0.7,0.9,0.7,
鳳山,2023/04/15 00:00:00,WS_HR,0,0.2,0.2,0.2,0.2,0.2,0.3,0.9,0.8,1,1.2,1.4,1.7,1.8,1.7,1.6,1.4,1.3,0.7,0.3,0.7,0.2,0.2,0.5,
鳳山,2023/04/16 00:00:00,AMB_TEMP,26.6,26.5,26.4,26.2,26,26.1,26.2,26.8,28,29.5,30.5,31.5,32.1,32,31.5,30.9,30.5,29.7,29.1,27.9,27,26.8,26.6,26.2,
鳳山,2023/04/16 00:00:00,CH4,2.07,2.07,2.1,2.08,2.05,2.05,2.05,2.06,2.07,2.07,2.07,2.07,2.06,2.06,2.06,2.05,2.06,2.09,2.1,2.1,2.1,2.1,2.1,2.2,
鳳山,2023/04/16 00:00:00,CO,0.37,0.37,0.37,0.36,0.32,0.36,0.51,0.57,0.59,0.6,0.55,0.53,0.55,0.53,0.49,0.48,0.59,0.76,0.8,0.75,0.64,0.6,0.58,0.6,
鳳山,2023/04/16 00:00:00,NMHC,0.07,0.04,0.04,0.04,0.02,0.03,0.06,0.08,0.1,0.11,0.09,0.1,0.11,0.08,0.07,0.07,0.11,0.15,0.15,0.41,0.25,0.25,0.13,0.16,
鳳山,2023/04/16 00:00:00,NO,0.5,0.7,0.4,0.3,0.4,0.5,1,1.3,1.3,2,1.7,1.9,1.9,1.4,1.1,1.1,1.3,1.8,0.9,1.1,0.8,0.6,0.6,0.4,
鳳山,2023/04/16 00:00:00,NO2,8.7,6.3,6.3,5.6,4.6,5.3,8.2,9.9,10,10.2,10,9.4,9,7.5,7.2,7.4,11.2,15.5,15.4,24.5,20,18.8,13.8,15.4,
鳳山,2023/04/16 00:00:00,NOx,9.3,7.1,6.8,5.9,5,5.8,9.2,11.2,11.3,12.2,11.7,11.3,11,8.9,8.3,8.5,12.5,17.4,16.3,25.6,20.9,19.5,14.5,15.8,
鳳山,2023/04/16 00:00:00,O3,41.5,45.1,42.9,44.5,44.1,44.4,40.2,38.8,42.4,48.1,56.2,59.3,58.9,63.8,63.2,61.4,57.8,53.3,56.8,44,46.8,47.1,51.2,33.7,
鳳山,2023/04/16 00:00:00,PM10,31,32,26,31,32,36,40,44,46,46,44,33,31,35,29,25,26,27,22,27,38,36,30,34,
鳳山,2023/04/16 00:00:00,PM2.5,17,19,15,17,14,20,27,30,26,28,24,20,21,16,15,17,17,12,16,22,26,29,23,21,
鳳山,2023/04/16 00:00:00,RAINFALL,0,0,0,0,0,0,0,0,0,0,0,0,0,0,0,0,0,0,0,0,0,0,0,0,
鳳山,2023/04/16 00:00:00,RH,87,87,87,88,90,90,89,87,75,61,55,50,49,48,46,47,47,48,46,59,71,75,74,71,
鳳山,2023/04/16 00:00:00,SO2,1.4,1.5,1.4,1.3,1.2,1.1,1.4,1.5,1.5,1.9,2.1,2,1.7,1.6,1.7,1.5,1.8,1.7,1.8,2.3,2.4,2.2,1.6,1.8,
鳳山,2023/04/16 00:00:00,THC,2.15,2.12,2.15,2.13,2.07,2.09,2.12,2.15,2.18,2.19,2.17,2.17,2.18,2.15,2.14,2.12,2.18,2.24,2.26,2.52,2.36,2.36,2.24,2.37,
鳳山,2023/04/16 00:00:00,WD_HR,295,296,295,286,288,294,283,279,284,286,292,294,285,291,263,250,272,281,282,257,269,266,299,99,
鳳山,2023/04/16 00:00:00,WIND_DIREC,312,294,275,299,282,291,280,255,300,280,273,287,290,288,258,259,286,252,299,206,279,263,98,111,
鳳山,2023/04/16 00:00:00,WIND_SPEED,0.6,0.5,0.4,0.3,0.6,0.8,0.7,1.1,1,0.9,1,1.4,1.3,1.9,1.7,1.7,1.3,0.8,0.5,0.5,0.6,0.7,0.4,0.5,
鳳山,2023/04/16 00:00:00,WS_HR,0.4,0.7,0.4,0.6,0.6,0.8,0.6,0.7,0.6,0.6,0.9,1.2,1.2,1.6,1.3,1.2,1,0.8,0.4,0.4,0.5,0.5,0.2,0.4,
鳳山,2023/04/17 00:00:00,AMB_TEMP,26,25.6,25,24.9,24.9,24.8,25.1,26.3,28.2,29.9,31.7,31.9,33.2,32.9,31.8,31.9,30.8,30,29.1,28.7,28.6,28.3,28.1,27.6,
鳳山,2023/04/17 00:00:00,CH4,2.27,2.52,2.54,2.37,2.17,2.34,2.37,2.2,2.19,2.19,2.15,2.12,2.11,2.11,2.09,2.1,2.09,2.11,2.12,2.12,2.15,2.14,2.19,2.18,
鳳山,2023/04/17 00:00:00,CO,0.52,0.53,0.48,0.46,0.43,0.51,0.61,0.74,0.76,0.81,0.89,0.69,0.71,0.64,0.64,0.71,0.8,1.07,1.08,0.96,0.92,0.74,0.71,0.52,
鳳山,2023/04/17 00:00:00,NMHC,0.12,0.14,0.1,0.09,0.05,0.16,0.19,0.18,0.18,0.19,0.23,0.16,0.15,0.12,0.12,0.16,0.18,0.28,0.28,0.23,0.22,0.18,0.22,0.13,
鳳山,2023/04/17 00:00:00,NO,0.5,0,0.1,0.2,0.2,0.2,0.6,1.2,2.2,2.9,2.3,1.5,1.6,1.4,1,1.6,1.8,2.7,1.9,1.3,1.6,0.6,0.5,0.4,
鳳山,2023/04/17 00:00:00,NO2,13.4,13.2,10.1,7.6,6.1,9.1,15,13.8,20.2,25.3,20.6,14.2,15.3,13.3,12,16.7,18.7,26.2,24.8,23.2,27.6,18.8,19.6,15.7,
鳳山,2023/04/17 00:00:00,NOx,13.9,13.2,10.2,7.8,6.3,9.3,15.7,15,22.4,28.3,22.9,15.7,16.9,14.8,13.1,18.4,20.5,28.9,26.8,24.5,29.3,19.4,20.2,16.2,
鳳山,2023/04/17 00:00:00,O3,37.3,33.1,36,39.2,47.4,35.9,29,36.3,47.3,59.1,70.5,76.7,78.1,75.2,74.6,68.6,59.1,47,45.9,46.3,39.9,43.7,33.8,36.8,
鳳山,2023/04/17 00:00:00,PM10,42,44,44,41,36,39,42,57,45,52,42,44,42,50,44,49,50,52,43,41,47,47,47,45,
鳳山,2023/04/17 00:00:00,PM2.5,24,32,28,25,21,21,28,34,28,29,26,23,24,25,22,23,25,22,20,23,18,25,27,22,
鳳山,2023/04/17 00:00:00,RAINFALL,0,0,0,0,0,0,0,0,0,0,0,0,0,0,0,0,0,0,0,0,0,0,0,0,
鳳山,2023/04/17 00:00:00,RH,76,81,87,86,85,87,84,77,61,54,50,49,45,47,50,51,54,55,59,60,62,63,65,66,
鳳山,2023/04/17 00:00:00,SO2,2.2,2,1.5,1.4,1.5,1.7,1.9,3.2,3.5,3.6,2.8,2.3,2.8,2.7,2.4,2.5,2,1.9,1.7,1.6,1.9,2.4,2.6,2.3,
鳳山,2023/04/17 00:00:00,THC,2.4,2.67,2.65,2.47,2.23,2.51,2.57,2.39,2.38,2.39,2.39,2.29,2.27,2.23,2.22,2.26,2.28,2.4,2.41,2.36,2.38,2.33,2.41,2.31,
鳳山,2023/04/17 00:00:00,WD_HR,78,82,94,90,91,62,93,92,237,256,276,258,285,289,294,287,289,285,282,278,271,336,291,284,
鳳山,2023/04/17 00:00:00,WIND_DIREC,77,81,105,66,98,89,124,298,171,263,293,279,283,291,274,278,301,279,282,275,241,283,287,286,
鳳山,2023/04/17 00:00:00,WIND_SPEED,0.3,0.5,0.4,0.3,0.6,0.3,0.4,0.9,0.9,0.8,1.2,1.4,2,1.6,1.2,1.5,1.1,1,1,0.4,0.4,0.5,0.8,0.6,
鳳山,2023/04/17 00:00:00,WS_HR,0.2,0.4,0.4,0.4,0.4,0.2,0.4,0.3,0.1,0.2,0.6,1.2,1.1,1.1,1.2,1.1,1,0.8,0.8,0.4,0.3,0.1,0.3,0.5,
鳳山,2023/04/18 00:00:00,AMB_TEMP,27.4,27,26.1,25.8,25.7,25.3,25.5,26.6,28.5,30.9,32.4,32.8,32,33.3,33.4,32.5,31.9,31.1,30.2,29.6,29.6,29.2,28.8,28.4,
鳳山,2023/04/18 00:00:00,CH4,2.22,2.19,2.31,2.25,2.34,2.8,2.95,2.82,2.42,2.34,2.17,2.03,1.99,#,#,1.96,1.97,1.97,1.97,1.97,1.97,1.97,1.97,1.97,
鳳山,2023/04/18 00:00:00,CO,0.52,0.46,0.47,0.45,0.51,0.54,0.69,0.81,0.89,0.98,0.77,0.5,0.4,#,#,#,0.41,0.5,0.42,0.4,0.39,0.37,0.32,0.32,
鳳山,2023/04/18 00:00:00,NMHC,0.13,0.12,0.18,0.15,0.18,0.19,0.23,0.22,0.26,0.33,0.33,0.22,0.07,#,#,0.13,0.11,0.13,0.09,0.25,0.38,0.18,0.16,0.28,
鳳山,2023/04/18 00:00:00,NO,0.3,0.8,0.8,0.8,0.8,0.8,1.7,3.4,3.8,2.4,#,#,#,#,2.3,#,#,3.7,2.7,2.4,1.7,2.2,1.4,1.2,
鳳山,2023/04/18 00:00:00,NO2,12.9,11.7,12.3,11.1,11.4,12.9,17.1,19.4,21.5,31.9,#,#,#,#,6.6,#,#,11.3,10.4,10.1,10.5,11,10.2,9.6,
鳳山,2023/04/18 00:00:00,NOx,13.3,12.6,13.2,12,12.2,13.8,18.9,22.8,25.3,34.4,#,#,#,#,8.9,#,#,15.1,13.1,12.5,12.2,13.2,11.7,10.8,
鳳山,2023/04/18 00:00:00,O3,34.4,35.4,26.9,29.7,25.1,17.8,15.7,17.8,43,74.1,#,#,#,#,25.4,20.9,19.1,16.6,15,14.3,13.5,11.8,11.1,9.1,
鳳山,2023/04/18 00:00:00,PM10,50,50,54,54,53,57,60,65,66,81,69,43,55,35,#,#,29,29,25,26,21,17,21,15,
鳳山,2023/04/18 00:00:00,PM2.5,30,29,33,34,34,36,39,38,33,47,31,20,15,#,17,11,12,17,14,11,10,14,13,16,
鳳山,2023/04/18 00:00:00,RAINFALL,0,0,0,0,0,0,0,0,0,0,0,0,0,0,0,0,0,0,0,0,0,0,0,0,
鳳山,2023/04/18 00:00:00,RH,67,71,74,75,76,78,77,71,63,54,50,49,53,48,46,51,54,56,60,63,62,65,69,75,
鳳山,2023/04/18 00:00:00,SO2,1.7,1.6,1.7,2,2,1.4,1.4,1.9,3.3,6.9,7.9,#,#,#,1,#,1,1.2,1.1,1.1,1.2,1.2,1.1,1.2,
鳳山,2023/04/18 00:00:00,THC,2.36,2.32,2.5,2.41,2.53,3,3.19,3.05,2.69,2.68,2.51,2.26,2.07,#,#,2.1,2.08,2.11,2.07,2.23,2.36,2.16,2.14,2.26,
鳳山,2023/04/18 00:00:00,WD_HR,285,291,92,90,87,89,85,96,130,231,53,177,160,#,#,148,143,167,180,172,155,172,141,138,
鳳山,2023/04/18 00:00:00,WIND_DIREC,283,288,285,74,80,79,87,105,155,251,119,173,138,#,162,115,106,234,186,117,167,173,165,148,
鳳山,2023/04/18 00:00:00,WIND_SPEED,1,0.5,0.3,0.3,0.4,0.3,0.5,0.8,0.7,1.2,1.1,2.5,2,#,2.2,2.1,1.6,1.6,1.8,1.6,1.6,1.3,1.6,1.5,
鳳山,2023/04/18 00:00:00,WS_HR,0.6,0.6,0.2,0.4,0.4,0.4,0.4,0.5,0.1,0.2,0.1,0.6,0.6,#,#,0.7,0.4,0.4,0.4,0.5,0.4,0.5,0.5,0.5,
鳳山,2023/04/19 00:00:00,AMB_TEMP,28,27.7,27.6,27.6,27.4,27.4,27.4,28,28.9,30.2,31.5,32.4,32.3,31.9,31.2,30.3,29.3,28.7,28.6,28.6,28.4,28,28,28.1,
鳳山,2023/04/19 00:00:00,CH4,1.98,1.96,1.95,1.94,1.95,1.96,1.96,1.96,1.95,1.96,1.95,#,1.94,#,1.94,1.94,1.95,1.96,1.96,1.97,2.01,2.17,2.07,2.05,
鳳山,2023/04/19 00:00:00,CO,0.26,0.19,0.18,0.17,0.17,0.21,0.27,0.53,0.51,0.69,0.74,0.72,#,0.29,0.31,0.42,0.54,0.58,0.58,0.51,0.43,0.42,0.41,0.37,
鳳山,2023/04/19 00:00:00,NMHC,0.59,0.3,0.1,0,0,0.01,0.03,0.16,0.09,0.1,0.11,#,0.04,#,0.06,0.08,0.1,0.1,0.1,0.08,0.07,0.11,0.13,0.07,
鳳山,2023/04/19 00:00:00,NO,0.8,0.4,0.3,0.5,0.7,0.5,1.3,1.6,4.1,5.7,7.2,6.5,#,#,#,#,3.4,3.9,4,3.9,1.8,1.2,0.9,0.6,
鳳山,2023/04/19 00:00:00,NO2,7.2,6.5,5.6,6.6,6.4,7.3,6.9,10.3,11.3,14.3,13.7,12.3,#,#,#,#,11.4,9.4,10.1,10.7,9.1,10.2,9.7,8.2,
鳳山,2023/04/19 00:00:00,NOx,8,7,5.9,7.1,7.1,7.9,8.3,12,15.4,20.1,20.9,18.9,#,#,#,#,14.8,13.4,14.2,14.7,11,11.5,10.6,8.9,
鳳山,2023/04/19 00:00:00,O3,8.3,7.7,7.9,6.3,7.2,12.6,12.7,#,#,#,#,16.2,15.2,16.6,17.8,19.9,17.9,14,10.6,8.5,9.6,7.9,8.9,10.7,
鳳山,2023/04/19 00:00:00,PM10,15,18,9,16,15,17,22,24,22,28,30,21,11,18,22,20,30,27,27,31,23,33,38,22,
鳳山,2023/04/19 00:00:00,PM2.5,8,8,13,12,10,13,12,17,17,20,12,14,10,8,10,12,15,19,20,20,19,22,28,24,
鳳山,2023/04/19 00:00:00,RAINFALL,0,0,0,0,0,0,0,0,0,0,0,0,0,0,0,0,0,0,0,0,0,0,0,0,
鳳山,2023/04/19 00:00:00,RH,84,89,90,90,91,90,91,88,82,66,55,52,50,54,58,64,71,77,81,80,82,88,87,84,
鳳山,2023/04/19 00:00:00,SO2,1.2,0.9,0.8,0.8,0.7,0.6,0.7,0.8,0.9,6.4,11.1,11.7,#,#,0.8,0.6,0.5,0.6,0.8,0.8,0.8,0.6,0.7,0.7,
鳳山,2023/04/19 00:00:00,THC,2.58,2.27,2.06,1.95,1.95,1.98,2,2.13,2.05,2.07,2.07,#,1.99,#,2.01,2.03,2.06,2.07,2.07,2.06,2.08,2.29,2.21,2.13,
鳳山,2023/04/19 00:00:00,WD_HR,117,122,147,153,112,113,113,112,152,122,264,278,239,192,260,258,274,267,269,279,92,95,100,73,
鳳山,2023/04/19 00:00:00,WIND_DIREC,122,114,97,116,117,115,147,94,135,71,284,270,269,171,250,247,296,242,250,154,91,114,90,307,
鳳山,2023/04/19 00:00:00,WIND_SPEED,1.4,0.9,0.9,1.3,0.9,1,0.9,0.8,1.2,0.9,1.8,1.7,1.4,1.1,1.6,1,0.8,0.8,0.8,0.6,1.2,0.5,0.8,0.4,
鳳山,2023/04/19 00:00:00,WS_HR,0.8,0.6,0.6,0.5,0.6,0.5,0.6,0.5,0.4,0.6,0.3,0.8,0.4,0.2,0.8,0.6,0.6,0.5,0.5,0.3,0.3,0.7,0.5,0.2,
鳳山,2023/04/20 00:00:00,AMB_TEMP,28.1,28,26.5,26.2,26.2,25.9,25.8,26.9,28.6,29.8,28.9,30.5,29.8,28.6,29.1,29.3,28.7,27.4,27.2,27.1,27,26.7,26.9,26.9,
鳳山,2023/04/20 00:00:00,CH4,2.03,2,2.02,2.24,2.29,2.26,2.22,2.16,2.01,1.96,1.96,1.98,1.99,1.99,2,1.99,2.01,2,2,2.04,2.07,2.08,2.14,2.15,
鳳山,2023/04/20 00:00:00,CO,0.33,0.28,0.27,0.33,0.36,0.38,0.45,0.76,0.75,0.48,0.47,0.6,0.59,0.51,0.53,0.55,0.54,0.44,0.59,0.7,0.77,0.86,0.7,0.59,
鳳山,2023/04/20 00:00:00,NMHC,0.03,0.01,0,0.06,0.1,0.1,0.1,0.18,0.1,0.09,0.07,0.13,0.11,0.08,0.09,0.1,0.11,0.07,0.12,0.16,0.22,0.2,0.19,0.18,
鳳山,2023/04/20 00:00:00,NO,1,0.5,0.2,0.3,0.5,0.7,0.9,4.1,6.7,5.6,3.6,3,2.2,2.3,1.7,1.7,1.9,0.7,1.1,0.9,2.1,2.1,1.3,0.7,
鳳山,2023/04/20 00:00:00,NO2,7.4,8.1,5.2,6.4,8.6,9.4,10,14.7,14.7,11.5,9.9,12.1,12.6,11.7,13.2,12.9,13.8,11.6,13.8,18,23,21.6,20.5,18.5,
鳳山,2023/04/20 00:00:00,NOx,8.4,8.6,5.4,6.7,9.2,10.2,11,18.8,21.4,17.2,13.5,15.2,14.9,14,14.9,14.7,15.8,12.4,15,18.9,25.2,23.7,21.8,19.3,
鳳山,2023/04/20 00:00:00,O3,11.1,12.4,13.9,9.3,6.4,6.8,12.6,9.8,11.1,15.9,22.9,37.2,45.7,46.7,50.3,51,47.3,46.2,42.6,38.1,27.8,29,28,27.6,
鳳山,2023/04/20 00:00:00,PM10,26,27,24,28,35,25,27,39,45,38,30,38,39,35,38,36,34,31,27,30,34,33,44,38,
鳳山,2023/04/20 00:00:00,PM2.5,18,20,18,21,21,25,26,30,26,26,24,21,16,16,24,30,18,19,18,17,20,22,24,28,
鳳山,2023/04/20 00:00:00,RAINFALL,0,1.5,1.5,0,1,0,0,0,0,0,0,0,0,0,0,0,0,0,0,0,0,0,0,0,
鳳山,2023/04/20 00:00:00,RH,84,86,92,92,92,92,89,89,87,79,75,63,64,69,63,61,65,69,67,68,70,73,72,74,
鳳山,2023/04/20 00:00:00,SO2,0.5,0.7,0.3,0.6,0.5,0.7,0.7,2.6,3.2,1.9,1.3,0.7,0.6,0.6,0.6,0.6,0.7,0.6,1,1,1.6,1.7,1,1.4,
鳳山,2023/04/20 00:00:00,THC,2.07,2.02,2.03,2.31,2.4,2.36,2.33,2.35,2.12,2.06,2.04,2.12,2.1,2.08,2.1,2.1,2.13,2.08,2.13,2.21,2.3,2.29,2.34,2.34,
鳳山,2023/04/20 00:00:00,WD_HR,136,282,75,84,84,93,99,106,132,240,186,288,278,294,298,300,96,104,103,283,286,283,296,343,
鳳山,2023/04/20 00:00:00,WIND_DIREC,320,80,65,82,80,116,100,95,244,141,244,298,275,326,296,303,103,73,72,279,284,282,315,94,
鳳山,2023/04/20 00:00:00,WIND_SPEED,0.6,0.8,0.5,0.3,0.4,0.6,0.5,0.9,1.1,1.5,1.2,1.5,1.2,0.8,1.2,1,1.2,0.6,0.5,1,1.4,0.7,0.3,0.6,
鳳山,2023/04/20 00:00:00,WS_HR,0.3,0.3,0.3,0.1,0.3,0.5,0.4,0.4,0.2,0.5,0.3,1,1,0.9,0.8,0.6,0.3,0.6,0.1,0.2,0.9,0.9,0.5,0.1,
鳳山,2023/04/21 00:00:00,AMB_TEMP,26.1,26.1,26.2,26.1,26.3,26.3,26.4,27.3,28.9,30.1,30.2,28.8,28,27.3,27.5,28,27.5,27.4,27.4,27.2,26.9,26.5,26.6,26.3,
鳳山,2023/04/21 00:00:00,CH4,2.14,2.15,2.17,2.13,2.13,2.06,2.06,2.06,2.05,2.04,2.08,2.09,2.11,2.07,2.07,2.07,2.1,2.11,2.08,2.1,2.18,2.2,2.04,2.04,
鳳山,2023/04/21 00:00:00,CO,0.46,0.4,0.41,0.37,0.39,0.39,0.47,0.67,0.74,0.64,0.82,1,0.76,0.67,0.72,0.66,0.5,0.57,0.55,0.54,0.62,0.61,0.43,0.35,
鳳山,2023/04/21 00:00:00,NMHC,0.16,0.1,0.12,0.07,0.07,0.05,0.09,0.14,0.19,0.17,0.21,0.29,0.19,0.17,0.22,0.21,0.18,0.17,0.15,0.14,0.21,0.24,0.09,0.04,
鳳山,2023/04/21 00:00:00,NO,0.3,0.9,1,1,1.2,1.3,1.5,3.5,3.4,3.1,3,3.4,2.9,2.7,3.7,2.7,1.5,1.3,1,0.9,1.1,1.3,1.5,1.2,
鳳山,2023/04/21 00:00:00,NO2,16.5,10.2,9.8,9.1,8.7,8.1,9.5,14.7,17.9,16.5,19.7,23.7,21.6,22.3,28.5,22.5,17.3,16.4,15.5,14.5,17.3,16.4,17.4,15.3,
鳳山,2023/04/21 00:00:00,NOx,16.9,11.1,10.9,10.1,9.9,9.5,11,18.3,21.4,19.6,22.7,27.1,24.5,25.1,32.3,25.2,18.8,17.8,16.5,15.4,18.4,17.8,18.9,16.6,
鳳山,2023/04/21 00:00:00,O3,23.3,33.6,31.9,32.4,33.9,38.9,35.2,35.1,42.1,48.4,51.2,41.9,44.1,49,41.2,47.8,50,47.2,47.4,44.4,34.9,29,35.4,36.9,
鳳山,2023/04/21 00:00:00,PM10,34,29,32,29,26,19,21,29,36,39,49,38,47,32,49,47,41,45,33,36,49,34,21,19,
鳳山,2023/04/21 00:00:00,PM2.5,23,22,17,17,17,12,17,19,14,14,23,19,20,18,17,20,23,26,19,24,29,25,11,11,
鳳山,2023/04/21 00:00:00,RAINFALL,0,0,0,0,0,0,0,0,0,0,0,0,0,0.5,0,0,0,0,0,0,0,0,0,0,
鳳山,2023/04/21 00:00:00,RH,78,78,77,76,75,74,73,70,62,55,57,64,70,82,74,70,73,73,71,74,77,84,75,82,
鳳山,2023/04/21 00:00:00,SO2,1.2,1.5,1.5,1.5,1.4,1.2,1.1,1.2,1.4,1.2,1.7,1.9,1.6,1.3,1.7,1.7,1.7,1.3,1.4,1.1,1.3,1.2,1.4,1.6,
鳳山,2023/04/21 00:00:00,THC,2.31,2.26,2.29,2.21,2.21,2.12,2.16,2.21,2.25,2.22,2.3,2.39,2.31,2.25,2.3,2.29,2.29,2.28,2.24,2.25,2.4,2.44,2.14,2.09,
鳳山,2023/04/21 00:00:00,WD_HR,76,67,313,303,289,295,73,296,274,281,281,291,283,279,280,300,93,94,84,80,86,102,296,312,
鳳山,2023/04/21 00:00:00,WIND_DIREC,54,26,322,311,291,316,248,102,271,263,277,290,292,277,274,36,79,75,67,103,87,308,268,304,
鳳山,2023/04/21 00:00:00,WIND_SPEED,0.4,0.4,0.5,0.5,1,0.8,0.6,0.4,1.6,1,0.8,0.9,0.8,0.7,0.8,0.5,0.5,0.4,0.3,0.4,0.7,0.6,0.6,0.5,
鳳山,2023/04/21 00:00:00,WS_HR,0.3,0.2,0.2,0.2,0.2,0.4,0,0.2,0.4,0.8,0.8,0.6,0.7,0.7,0.8,0.2,0.4,0.4,0.3,0.3,0.5,0.2,0.2,0.2,
鳳山,2023/04/22 00:00:00,AMB_TEMP,26.3,26.1,26,26.1,25.7,25,25.5,26.7,28.2,29.4,30.2,30.9,31.7,32.3,30.5,29.9,29.2,28.1,27.5,27.5,27.6,27.5,27.2,26.5,
鳳山,2023/04/22 00:00:00,CH4,2.06,2.04,2.05,2.07,2.23,2.67,2.55,2.17,2.1,2.06,2.05,2.04,2.03,2.04,2.02,2.01,2.01,2.03,2.04,2.04,2.05,2.05,2.09,2.18,
鳳山,2023/04/22 00:00:00,CO,0.33,0.29,0.28,0.28,0.33,0.43,0.53,0.47,0.49,0.6,0.62,0.62,0.52,0.55,0.46,0.46,0.49,0.6,0.63,0.63,0.54,0.54,0.55,0.45,
鳳山,2023/04/22 00:00:00,NMHC,0.04,0.05,0.06,0.05,0.12,0.19,0.15,0.12,0.14,0.15,0.13,0.28,0.14,0.3,0.28,0.17,0.09,0.12,0.11,0.12,0.1,0.09,0.12,0.13,
鳳山,2023/04/22 00:00:00,NO,1.1,1.2,1,0.8,1,1.2,1.9,1.7,2.2,2.6,2.4,2.4,2.1,2.2,1.8,1.7,1.5,1.6,1.5,1.5,1.4,1.8,1.5,1.6,
鳳山,2023/04/22 00:00:00,NO2,13.3,10.1,8.2,7.9,8.9,15.2,16.8,13,13.7,14.1,12.9,12.5,10.5,12.4,8.8,9.1,10.8,13.3,13.2,14.5,11.8,12.6,13,12.7,
鳳山,2023/04/22 00:00:00,NOx,14.4,11.4,9.2,8.8,9.9,16.5,18.7,14.8,16,16.8,15.3,14.9,12.7,14.6,10.6,10.9,12.3,15,14.7,16.1,13.2,14.4,14.5,14.3,
鳳山,2023/04/22 00:00:00,O3,39.8,40.3,42,41.5,33.5,8.9,13.6,30.8,42.9,48.1,54.4,58.5,64.1,63.6,57.9,58,56,55.2,54.6,51.5,50.7,48.4,43.1,38.8,
鳳山,2023/04/22 00:00:00,PM10,16,17,16,22,33,40,38,39,35,32,35,30,32,42,30,34,32,34,35,42,36,37,43,63,
鳳山,2023/04/22 00:00:00,PM2.5,7,11,12,10,17,26,30,21,17,21,21,16,22,18,13,19,17,20,20,22,19,19,25,29,
鳳山,2023/04/22 00:00:00,RAINFALL,0,0,0,0,0,0,0,0,0,0,0,0,0,0,0,0,0,0,0,0,0,0,0,0,
鳳山,2023/04/22 00:00:00,RH,76,82,87,88,89,91,89,86,76,61,56,53,50,50,54,57,59,66,68,68,66,65,66,72,
鳳山,2023/04/22 00:00:00,SO2,1.7,0.9,1.1,1.2,1,1,1.2,1.4,1.8,1.4,1.2,1.3,1.3,1.3,1.3,1.2,1,1.3,1.1,1.2,1.1,1.1,1.4,1.9,
鳳山,2023/04/22 00:00:00,THC,2.11,2.1,2.12,2.13,2.36,2.87,2.71,2.3,2.25,2.22,2.19,2.33,2.18,2.35,2.31,2.19,2.11,2.16,2.16,2.17,2.15,2.15,2.22,2.31,
鳳山,2023/04/22 00:00:00,WD_HR,294,278,278,283,85,87,80,88,95,274,301,292,268,274,262,256,207,260,287,289,280,287,260,81,
鳳山,2023/04/22 00:00:00,WIND_DIREC,292,288,288,292,83,73,93,100,165,257,323,305,276,252,252,213,131,255,300,297,281,282,217,77,
鳳山,2023/04/22 00:00:00,WIND_SPEED,0.6,0.6,0.6,0.3,0.5,0.3,0.4,0.5,0.6,0.8,0.8,1.1,1.3,1.8,1.7,1,1.1,1,1,0.8,0.8,0.6,0.6,0.3,
鳳山,2023/04/22 00:00:00,WS_HR,0.5,0.4,0.4,0.4,0.4,0.4,0.3,0.3,0.3,0.4,0.4,0.7,0.7,1,1.2,0.9,0.3,0.7,0.6,0.9,0.7,0.4,0.2,0.1,
鳳山,2023/04/23 00:00:00,AMB_TEMP,26.3,26.3,25.7,25.5,25.5,25.1,24.4,25.4,27.3,29,30.1,30.3,30.1,29.8,29.8,28.6,27.8,27.1,27.2,27.2,26.5,25.7,25.8,26.1,
鳳山,2023/04/23 00:00:00,CH4,2.17,2.23,2.41,2.38,2.49,2.44,2.38,2.27,2.2,2.07,2.12,2.2,2.19,2.14,2.12,2.05,2.05,2.03,2.03,2.05,2.15,2.15,2.1,2.08,
鳳山,2023/04/23 00:00:00,CO,0.39,0.39,0.41,0.39,0.42,0.48,0.45,0.52,0.6,0.41,0.51,0.63,0.57,0.5,0.53,0.45,0.52,0.52,0.59,0.56,0.49,0.4,0.33,0.33,
鳳山,2023/04/23 00:00:00,NMHC,0.08,0.09,0.11,0.11,0.14,0.21,0.12,0.1,0.12,0.03,0.11,0.17,0.15,0.07,0.09,0.08,0.09,0.08,0.09,0.09,0.11,0.1,0.03,0.02,
鳳山,2023/04/23 00:00:00,NO,1.1,0.5,0.4,0.5,0.4,0.9,1.1,2.1,1.8,1.3,1,1.3,1.2,1.1,1,1,1,1.8,1.7,1.6,1.3,0.7,0.9,0.5,
鳳山,2023/04/23 00:00:00,NO2,10.3,10.2,10.8,11.5,11.8,13.6,14.5,12.1,12.1,8.4,11.3,16.6,14.6,11.3,10.4,10.2,10,12.2,14.4,17.3,13.5,9.9,8.4,7.9,
鳳山,2023/04/23 00:00:00,NOx,11.4,10.8,11.3,12,12.3,14.5,15.6,14.2,14,9.8,12.4,18,15.8,12.4,11.4,11.3,11,14,16.2,18.9,14.8,10.6,9.3,8.5,
鳳山,2023/04/23 00:00:00,O3,40.7,37.3,29.8,27.1,22.1,14.7,16.4,24.5,36.4,49,60.2,76.7,86.2,80.3,69.5,57.4,54.1,44.4,37.3,33.2,31.9,33.5,34.7,35.4,
鳳山,2023/04/23 00:00:00,PM10,61,56,63,50,54,63,74,68,56,38,44,63,64,57,43,38,49,65,57,68,65,34,23,37,
鳳山,2023/04/23 00:00:00,PM2.5,30,29,30,26,30,35,42,43,33,23,25,36,42,32,27,23,22,28,22,24,27,26,20,16,
鳳山,2023/04/23 00:00:00,RAINFALL,0,0,0,0,0,0,0,0,0,0,0,0,0,0,0,0,0,0,0,0,0,0,0,0,
鳳山,2023/04/23 00:00:00,RH,73,73,78,87,88,88,89,86,76,61,57,58,59,60,59,63,71,74,71,72,83,89,88,87,
鳳山,2023/04/23 00:00:00,SO2,2.1,1.9,1.7,1.4,1.5,1.6,2.1,2.1,2.8,2.8,2.1,3.4,3.9,3.5,2.6,1.9,1.4,1.1,1.3,1.8,3.1,16.8,3.5,2.1,
鳳山,2023/04/23 00:00:00,THC,2.26,2.33,2.53,2.5,2.64,2.66,2.51,2.38,2.33,2.11,2.24,2.38,2.35,2.22,2.22,2.13,2.15,2.11,2.13,2.15,2.27,2.26,2.13,2.11,
鳳山,2023/04/23 00:00:00,WD_HR,95,76,89,4,55,302,103,99,101,91,221,249,260,252,250,242,279,283,278,293,96,106,128,1,
鳳山,2023/04/23 00:00:00,WIND_DIREC,68,91,88,338,43,30,93,99,103,73,162,264,251,240,260,270,280,283,306,272,96,119,138,15,
鳳山,2023/04/23 00:00:00,WIND_SPEED,0.3,0.4,0.4,0.3,0.3,0.3,0.5,0.7,1,0.6,1.1,1.5,1.6,1.4,1.2,1.4,1.2,1,0.6,0.6,1.3,0.5,0.5,0.3,
鳳山,2023/04/23 00:00:00,WS_HR,0.4,0.3,0.4,0.2,0.3,0.1,0.4,0.3,0.3,0.3,0.4,0.8,0.9,1,0.8,0.7,0.9,1,0.7,0.3,0.4,0.4,0.4,0.1,
鳳山,2023/04/24 00:00:00,AMB_TEMP,26.2,25.8,25.4,25.3,25.3,25.3,25.7,26.6,27.7,28,28.8,30.1,30.8,31.3,31,29.6,28.5,27.7,27.3,27,26.6,26.1,25.9,25.8,
鳳山,2023/04/24 00:00:00,CH4,2.13,2.2,2.33,2.27,2.28,2.07,2.09,2.2,2.25,2.24,2.2,2.12,2.15,2.16,2.06,2.04,2.02,2.04,2.04,2.06,2.08,2.09,2.1,2.11,
鳳山,2023/04/24 00:00:00,CO,0.36,0.3,0.26,0.26,0.29,0.28,0.32,0.55,0.62,0.74,0.65,0.61,0.6,0.58,0.5,0.57,0.61,0.82,0.77,0.6,0.48,0.34,0.3,0.29,
鳳山,2023/04/24 00:00:00,NMHC,0.05,0.1,0.01,0.01,0.02,0.01,0.03,0.12,0.16,0.23,0.21,0.19,0.16,0.14,0.13,0.15,0.15,0.2,0.18,0.16,0.13,0.07,0.07,0.06,
鳳山,2023/04/24 00:00:00,NO,0.4,0.8,1,0.7,0.7,0.7,0.9,2.2,3.5,3.8,4.2,3.6,3.1,2.2,2.4,2.7,3.2,4.1,2.9,2.2,1.5,1.2,0.9,0.9,
鳳山,2023/04/24 00:00:00,NO2,9.7,8.4,5.9,4.7,5.1,6.1,6.5,11.7,15.8,23,19.6,16.3,16.6,15.2,14.9,16,16.9,20.5,17.6,17.5,13.9,10.4,9,8.2,
鳳山,2023/04/24 00:00:00,NOx,10.1,9.3,6.9,5.4,5.9,6.8,7.5,14,19.3,26.8,23.8,19.9,19.7,17.4,17.4,18.7,20.1,24.6,20.6,19.7,15.4,11.7,10,9.1,
鳳山,2023/04/24 00:00:00,O3,29.7,25.6,30.8,33.5,31.8,35.9,33.9,28.4,30.1,29.1,33.5,46.6,50.5,64.3,59.4,46.1,40.2,34.5,35.9,34.3,37.5,38.7,37.9,38,
鳳山,2023/04/24 00:00:00,PM10,37,32,26,29,31,33,41,43,71,107,92,72,80,99,84,60,52,39,38,40,34,31,32,34,
鳳山,2023/04/24 00:00:00,PM2.5,20,19,16,16,18,15,20,25,28,46,41,36,42,52,36,22,16,16,16,16,16,17,17,16,
鳳山,2023/04/24 00:00:00,RAINFALL,0,0,0,0,0,0,0,0,0,0,0,0,0,0,0,0,0,0,0,0,0,0,0,0,
鳳山,2023/04/24 00:00:00,RH,87,89,90,89,89,89,88,86,77,69,65,59,57,57,58,62,65,67,70,69,71,72,73,74,
鳳山,2023/04/24 00:00:00,SO2,2.9,3,1.3,0.8,0.9,5.2,5.2,3.8,2.6,1.8,1.9,1.6,1.2,1.5,1,0.9,0.7,0.9,1.1,0.7,0.9,1,1.2,1.3,
鳳山,2023/04/24 00:00:00,THC,2.19,2.31,2.35,2.29,2.31,2.09,2.13,2.33,2.42,2.47,2.42,2.32,2.32,2.31,2.2,2.2,2.18,2.25,2.23,2.23,2.22,2.17,2.17,2.18,
鳳山,2023/04/24 00:00:00,WD_HR,91,98,95,82,80,91,91,51,137,289,299,285,287,282,280,283,281,269,273,281,272,106,84,92,
鳳山,2023/04/24 00:00:00,WIND_DIREC,75,91,107,44,100,65,62,101,114,281,312,60,299,296,279,285,282,270,273,281,246,103,86,137,
鳳山,2023/04/24 00:00:00,WIND_SPEED,0.4,0.5,0.8,0.3,0.5,0.3,0.3,0.5,0.9,0.8,1.3,0.8,1.5,1.5,1.3,1.3,1.1,1,0.9,0.9,0.6,0.8,0.6,0.4,
鳳山,2023/04/24 00:00:00,WS_HR,0.3,0.5,0.5,0.3,0.3,0.2,0.4,0.2,0.2,0.5,0.5,0.2,0.9,0.9,1,0.8,1,0.9,0.9,0.7,0.4,0.2,0.4,0.2,
鳳山,2023/04/25 00:00:00,AMB_TEMP,25.8,25.7,25.1,24.9,24.8,24.5,24.9,25.7,26.3,27,27.9,29.3,30,29.5,NA,#,28.8,28,27,26.9,26.7,26.8,26.5,26.2,
鳳山,2023/04/25 00:00:00,CH4,2.12,2.16,2.18,2.24,2.29,2.27,2.26,2.23,2.24,2.2,2.12,2.06,2.05,2.08,2.06,#,2.02,2.05,2.05,2.05,2.07,2.09,2.17,2.22,
鳳山,2023/04/25 00:00:00,CO,0.34,0.36,0.33,0.35,0.41,0.42,0.53,0.64,0.86,0.87,0.66,0.61,0.47,0.5,0.49,#,#,0.93,0.86,0.69,0.63,0.63,0.49,0.43,
鳳山,2023/04/25 00:00:00,NMHC,0.06,0.1,0.08,0.14,0.22,0.19,0.2,0.2,0.27,0.27,0.19,0.16,0.07,0.1,0.1,#,0.18,0.25,0.21,0.16,0.14,0.17,0.2,0.16,
鳳山,2023/04/25 00:00:00,NO,1,1.1,1.2,1.2,1.2,1.4,2.3,3.3,4.9,6.3,4.4,3.1,1.7,1.8,1.8,#,#,2.6,#,1.8,1.6,1.2,0.4,0.5,
鳳山,2023/04/25 00:00:00,NO2,7.6,10.7,10.7,12.7,16.8,17.6,17.8,17.8,24,25.4,18.4,13.9,9.7,10.4,12.7,#,#,19.6,#,14.3,14,17.8,17.7,13.2,
鳳山,2023/04/25 00:00:00,NOx,8.6,11.8,12,13.9,18.1,19,20.1,21.1,29,31.8,22.9,17.1,11.5,12.2,14.5,#,#,22.2,#,16.1,15.6,19.1,18.2,13.8,
鳳山,2023/04/25 00:00:00,O3,31.5,26.6,28.4,20.9,14.7,11.1,12,19.1,18.5,21.9,34.4,44.2,51.7,53.2,56.5,#,#,35.7,36.3,41,36.9,31.6,30.5,31,
鳳山,2023/04/25 00:00:00,PM10,33,33,51,59,64,60,66,66,68,58,48,34,28,35,37,42,#,29,29,29,42,49,54,49,
鳳山,2023/04/25 00:00:00,PM2.5,9,17,30,38,41,37,38,40,39,36,26,18,15,17,17,#,#,17,17,15,16,20,25,30,
鳳山,2023/04/25 00:00:00,RAINFALL,0,0,0,0,0,0,0,0,0,0,0,0,0,0,0,#,0,0,0,0,0,0,0,0,
鳳山,2023/04/25 00:00:00,RH,81,85,80,81,82,83,85,81,76,72,67,60,58,59,61,#,62,65,70,70,73,73,73,74,
鳳山,2023/04/25 00:00:00,SO2,3.2,3.5,1.9,2.1,2.6,2.5,2.6,2.5,2.4,2.3,2.1,1.8,1.8,1.6,1.8,#,#,0.6,0.8,0.9,0.9,2.1,2.1,1.7,
鳳山,2023/04/25 00:00:00,THC,2.19,2.27,2.27,2.39,2.52,2.47,2.47,2.44,2.52,2.48,2.32,2.23,2.13,2.18,2.17,#,2.21,2.31,2.27,2.21,2.22,2.27,2.38,2.39,
鳳山,2023/04/25 00:00:00,WD_HR,95,288,287,298,295,87,55,56,294,275,270,273,256,277,288,#,279,286,285,287,277,280,83,62,
鳳山,2023/04/25 00:00:00,WIND_DIREC,85,281,301,297,286,104,72,303,247,286,278,226,253,272,286,281,289,286,289,294,281,267,96,313,
鳳山,2023/04/25 00:00:00,WIND_SPEED,0.5,1,0.6,0.4,0.9,0.4,0.3,0.4,0.6,0.8,1,1.1,1.1,1.7,1.8,1.3,1.1,1.1,1.1,0.5,0.4,0.5,0.6,0.4,
鳳山,2023/04/25 00:00:00,WS_HR,0.2,0.2,0.6,0.3,0.5,0.3,0.2,0.2,0.2,0.5,0.6,0.9,0.8,1.2,1.2,#,0.9,0.7,0.9,0.7,0.6,0.5,0.3,0.1,
鳳山,2023/04/26 00:00:00,AMB_TEMP,25.8,25.6,25,24.2,23.6,23.6,24.1,24.8,26.1,27.9,29,29.7,30.2,30.5,29.8,29.3,28.1,27.5,26.9,26.9,26.8,26.7,26.7,26.5,
鳳山,2023/04/26 00:00:00,CH4,2.22,2.25,2.3,2.31,2.29,2.27,2.31,2.31,2.26,2.19,2.14,2.16,2.12,2.1,2.08,2.07,2.06,2.07,2.07,2.08,2.08,2.09,2.09,2.11,
鳳山,2023/04/26 00:00:00,CO,0.44,0.41,0.39,0.43,0.43,0.46,0.63,0.79,0.83,0.67,0.7,0.75,0.63,0.56,0.53,0.54,0.52,0.67,0.62,0.62,0.54,0.51,0.42,0.36,
鳳山,2023/04/26 00:00:00,NMHC,0.17,0.18,0.18,0.17,0.14,0.17,0.23,0.24,0.26,0.21,0.16,0.21,0.14,0.11,0.1,0.1,0.1,0.16,0.13,0.14,0.12,0.1,0.06,0.06,
鳳山,2023/04/26 00:00:00,NO,0.7,1.5,1.3,1.4,1.3,1.6,5.3,10.1,10,5.5,3.3,2.3,4.7,2.1,2.3,2.3,2.3,2.7,2.1,1.9,1.7,1.8,1.3,1.1,
鳳山,2023/04/26 00:00:00,NO2,14.3,15.8,16.4,17.7,16.6,14.6,19.5,21.1,24.1,22.3,20,19.5,16.3,13.1,13.2,12.3,13.7,19.6,14.5,16.5,15.2,14.6,10.2,8.1,
鳳山,2023/04/26 00:00:00,NOx,15,17.3,17.7,19.1,17.9,16.3,24.8,31.3,34.2,27.8,23.3,21.8,21,15.2,15.5,14.6,16,22.4,16.6,18.4,16.9,16.4,11.6,9.3,
鳳山,2023/04/26 00:00:00,O3,26,23.6,19.2,13.6,11.5,9.7,8.2,10.5,16.3,38.2,58.3,69.7,73.2,73.7,66.1,58.8,55.7,50.2,51.1,48.1,47.4,46.2,49.1,47,
鳳山,2023/04/26 00:00:00,PM10,48,56,55,71,67,69,76,67,60,63,71,64,50,46,49,34,40,40,36,34,38,33,35,34,
鳳山,2023/04/26 00:00:00,PM2.5,29,27,34,50,49,44,48,51,42,42,44,34,28,24,20,18,15,16,16,14,14,15,14,11,
鳳山,2023/04/26 00:00:00,RAINFALL,0,0,0,0,0,0,0,0,0,0,0,0,0,0,0,0,0,0,0,0,0,0,0,0,
鳳山,2023/04/26 00:00:00,RH,74,74,76,79,81,81,80,77,70,64,59,56,54,54,56,57,61,64,66,66,67,68,67,68,
鳳山,2023/04/26 00:00:00,SO2,1.6,1.8,2.2,2.2,2.4,2.1,2.2,2.3,2.8,2.9,2.5,2.2,2.4,2.4,1.9,1.5,1.6,1.5,1.2,1.1,1.2,1.2,1.1,1.1,
鳳山,2023/04/26 00:00:00,THC,2.4,2.44,2.49,2.49,2.44,2.45,2.55,2.56,2.53,2.41,2.31,2.38,2.27,2.22,2.19,2.18,2.17,2.24,2.2,2.23,2.21,2.2,2.16,2.18,
鳳山,2023/04/26 00:00:00,WD_HR,288,295,285,282,250,295,295,278,279,55,259,267,263,275,282,253,243,266,256,259,255,271,284,299,
鳳山,2023/04/26 00:00:00,WIND_DIREC,317,290,283,290,301,97,292,270,284,292,197,268,286,281,267,252,231,257,241,259,257,267,309,304,
鳳山,2023/04/26 00:00:00,WIND_SPEED,0.4,0.6,1,1.4,0.8,0.3,1.1,1.2,1.2,1.1,0.9,1.3,1.3,1.2,1.2,0.9,0.9,0.9,0.8,1.1,0.8,0.8,0.6,0.6,
鳳山,2023/04/26 00:00:00,WS_HR,0.5,0.5,0.7,1,0.1,0.1,0.5,0.9,0.8,0.2,0.3,0.8,1,0.9,1.1,0.7,0.7,0.8,0.7,0.7,0.6,0.6,0.5,0.4,
鳳山,2023/04/27 00:00:00,AMB_TEMP,26.2,25.7,25.1,24.9,25,25.3,25.6,26.1,27.4,29.2,29.4,30.2,30.6,30.6,30.1,29.9,29.3,28.6,28.3,28.1,28,27.5,27.1,27.2,
鳳山,2023/04/27 00:00:00,CH4,2.23,2.36,2.33,2.33,2.26,2.3,2.3,2.35,2.33,2.22,2.2,2.13,2.1,2.06,2.07,2.07,2.06,2.07,2.09,2.09,2.09,2.09,2.13,2.22,
鳳山,2023/04/27 00:00:00,CO,0.41,0.51,0.48,0.46,0.44,0.45,0.53,0.69,0.82,0.75,0.84,0.71,0.54,0.44,0.47,0.52,0.64,0.69,0.8,0.75,0.61,0.51,0.47,0.46,
鳳山,2023/04/27 00:00:00,NMHC,0.16,0.28,0.26,0.25,0.18,0.16,0.21,0.35,0.32,0.23,0.28,0.18,0.14,0.08,0.09,0.12,0.16,0.16,0.19,0.19,0.13,0.15,0.13,0.16,
鳳山,2023/04/27 00:00:00,NO,1.2,1.6,1.7,1.7,1.4,1.2,1.9,6.1,6.4,4.3,4.2,3.2,2.1,2.8,2.3,2.7,3.3,3.1,2.2,2.4,1.9,1.7,1.5,1.6,
鳳山,2023/04/27 00:00:00,NO2,11.4,26.2,24.4,23.2,18,13.6,15.2,25.6,27.8,21.4,26.1,17.7,13.5,14.7,12,13.2,16.8,17.1,21.7,18.7,13.6,20.6,17.8,15.6,
鳳山,2023/04/27 00:00:00,NOx,12.6,27.9,26.2,24.9,19.5,14.9,17.2,31.8,34.2,25.8,30.3,21,15.7,17.5,14.4,15.9,20.2,20.3,23.9,21.1,15.6,22.3,19.3,17.3,
鳳山,2023/04/27 00:00:00,O3,31.5,12,10,9.3,15.2,23.7,17.8,15.9,32.9,52.5,49.5,69.5,76.7,63,66.8,63.4,54.9,49.9,46.2,46.2,44.5,39.5,33.6,30.1,
鳳山,2023/04/27 00:00:00,PM10,46,59,54,41,47,39,48,50,56,54,55,49,44,37,35,37,32,40,34,37,28,39,42,38,
鳳山,2023/04/27 00:00:00,PM2.5,19,29,30,24,25,22,29,24,31,23,28,21,19,14,13,15,16,15,18,16,14,18,19,25,
鳳山,2023/04/27 00:00:00,RAINFALL,0,0,0,0,0,0,0,0,0,0,0,0,0,0,0,0,0,0,0,0,0,0,0,0,
鳳山,2023/04/27 00:00:00,RH,67,65,64,64,65,66,66,63,60,54,54,52,51,51,53,54,55,56,57,58,57,61,65,58,
鳳山,2023/04/27 00:00:00,SO2,1.4,3,4,3.6,2.7,2.1,2.3,2.6,3.3,3.3,3.3,2.6,2.3,2.3,2.2,1.7,1.7,1.4,1.6,1.5,1.3,1.9,1.9,1.8,
鳳山,2023/04/27 00:00:00,THC,2.4,2.65,2.6,2.58,2.45,2.46,2.52,2.71,2.65,2.46,2.49,2.32,2.24,2.15,2.17,2.2,2.23,2.23,2.29,2.29,2.23,2.25,2.27,2.39,
鳳山,2023/04/27 00:00:00,WD_HR,298,287,281,344,79,65,81,86,179,298,279,259,250,242,251,300,271,287,264,273,288,257,345,1,
鳳山,2023/04/27 00:00:00,WIND_DIREC,287,310,291,93,63,92,81,60,275,296,287,248,238,210,283,313,264,298,241,289,258,140,10,7,
鳳山,2023/04/27 00:00:00,WIND_SPEED,0.5,0.7,0.7,0.4,0.3,0.5,0.5,0.4,0.8,1.1,1.4,1.1,1.5,1.3,1.6,1.4,1.1,0.8,0.9,0.7,0.6,0.5,0.4,0.3,
鳳山,2023/04/27 00:00:00,WS_HR,0.3,0.7,0.8,0.1,0.3,0.2,0.4,0.4,0.2,0.1,0.9,0.8,0.7,1,1,1.2,1,0.6,0.6,0.6,0.6,0.4,0.2,0.2,
鳳山,2023/04/28 00:00:00,AMB_TEMP,26.4,25.8,25.4,24.9,24.8,24.7,25.2,26.3,27.8,29.7,30.8,31.4,31.8,32.8,32.1,31.1,30.5,29.3,28.6,28.3,28,27.7,27.4,27.2,
鳳山,2023/04/28 00:00:00,CH4,2.26,2.24,2.31,2.36,2.37,2.35,2.28,2.18,2.12,2.13,2.23,2.2,2.18,2.14,2.09,2.07,2.09,2.07,2.08,2.09,2.11,2.13,2.15,2.25,
鳳山,2023/04/28 00:00:00,CO,0.44,0.38,0.34,0.33,0.35,0.4,0.5,0.54,0.53,0.6,0.73,0.71,0.66,0.6,0.56,0.59,0.71,0.87,0.94,0.76,0.74,0.67,0.47,0.51,
鳳山,2023/04/28 00:00:00,NMHC,0.17,0.13,0.11,0.11,0.13,0.16,0.19,0.13,0.11,0.15,0.28,0.2,0.15,0.14,0.16,0.15,0.18,0.23,0.23,0.21,0.22,0.26,0.23,0.22,
鳳山,2023/04/28 00:00:00,NO,1.6,0.8,0.9,0.8,1,1,2,2.4,1.8,1.8,2.5,2.2,2.1,1.7,2.5,2.7,2.9,3.1,2.8,2.9,2.6,2.1,1.1,0.9,
鳳山,2023/04/28 00:00:00,NO2,15.7,11.3,10.3,9.2,10.1,12.3,14.9,12.6,10.4,13.3,29,22.3,18,15.1,15.6,15.7,16.5,20.1,25.1,21.1,21.9,22.6,19.2,18.5,
鳳山,2023/04/28 00:00:00,NOx,17.3,12.1,11.3,10,11.1,13.3,17,15.1,12.3,15.1,31.5,24.6,20.2,16.9,18.2,18.4,19.5,23.2,27.9,24,24.6,24.7,20.4,19.4,
鳳山,2023/04/28 00:00:00,O3,24.9,29.8,32.1,32.6,27.6,23.6,22,36.5,53,68.2,80.5,96.6,92.6,91.1,66.5,64.6,58.7,48.9,37.5,34.1,30,24.9,26.1,23.3,
鳳山,2023/04/28 00:00:00,PM10,40,51,51,44,46,45,52,56,51,50,77,65,59,56,45,43,43,42,41,40,42,42,36,42,
鳳山,2023/04/28 00:00:00,PM2.5,23,29,26,21,27,23,30,27,22,25,42,42,36,31,19,20,23,22,22,24,25,23,23,26,
鳳山,2023/04/28 00:00:00,RAINFALL,0,0,0,0,0,0,0,0,0,0,0,0,0,0,0,0,0,0,0,0,0,0,0,0,
鳳山,2023/04/28 00:00:00,RH,62,68,70,74,75,76,75,70,62,55,55,52,50,46,48,52,53,59,62,62,61,62,63,64,
鳳山,2023/04/28 00:00:00,SO2,1.9,1.7,2,1.6,1.5,1.5,1.7,2.1,2.6,2.4,3.6,3.7,2.9,2.6,1.9,1.6,1.4,1.5,2.1,1.4,1.9,2.1,1.9,1.7,
鳳山,2023/04/28 00:00:00,THC,2.44,2.38,2.43,2.48,2.51,2.52,2.48,2.32,2.24,2.29,2.52,2.41,2.34,2.29,2.25,2.23,2.28,2.31,2.32,2.31,2.34,2.4,2.39,2.48,
鳳山,2023/04/28 00:00:00,WD_HR,89,62,83,83,81,91,317,108,134,115,262,263,256,282,284,292,290,285,280,282,278,316,78,89,
鳳山,2023/04/28 00:00:00,WIND_DIREC,95,73,59,94,80,269,322,84,213,289,258,284,265,273,284,296,254,278,281,284,343,319,74,68,
鳳山,2023/04/28 00:00:00,WIND_SPEED,0.6,0.4,0.3,0.4,0.3,0.7,0.6,0.8,1.1,1,1.3,1.4,1.5,1.3,1.5,1.1,1.4,1.5,1.2,1.1,0.3,0.3,0.3,0.3,
鳳山,2023/04/28 00:00:00,WS_HR,0.5,0.1,0.3,0.3,0.3,0.2,0.1,0.5,0.5,0.4,0.8,0.9,1.1,0.9,1.3,1.3,0.9,1.1,0.8,0.7,0.6,0.2,0.4,0.4,
鳳山,2023/04/29 00:00:00,AMB_TEMP,26.8,26.6,26.1,25.4,25.3,25.4,26,27.4,29.2,31.3,32.2,33.3,33.5,32.8,32.4,31.7,30.9,30.1,29.3,28.9,28.9,29,28.4,28.1,
鳳山,2023/04/29 00:00:00,CH4,2.23,2.23,2.29,2.36,2.4,2.4,2.43,2.21,2.08,2.09,2.06,2.08,2.09,2.02,1.99,1.98,2.02,2.05,2.04,2.03,2.04,2.03,2.08,2.08,
鳳山,2023/04/29 00:00:00,CO,0.47,0.44,0.39,0.34,0.36,0.41,0.53,0.53,0.48,0.51,0.48,0.58,0.57,0.39,0.36,0.37,0.55,0.73,0.7,0.57,0.49,0.44,0.33,0.31,
鳳山,2023/04/29 00:00:00,NMHC,0.24,0.27,0.18,0.11,0.1,0.17,0.23,0.15,0.12,0.16,0.15,0.14,0.12,0.06,0.05,0.05,0.1,0.17,0.16,0.12,0.1,0.07,0.05,0.07,
鳳山,2023/04/29 00:00:00,NO,1.1,0.6,0.6,0.5,0.5,0.6,1.7,1.9,2.3,1.9,1.3,1.3,1.7,1.2,1.5,1.9,1.4,2,1.7,2,1.2,1.5,0.9,0.6,
鳳山,2023/04/29 00:00:00,NO2,16.1,14.7,13,9.5,9.5,10.6,15.6,14,10.9,12.5,9.6,12.4,13.4,8.6,6.9,6.9,10.4,14.1,13.1,14.7,10.4,10.2,7.9,8,
鳳山,2023/04/29 00:00:00,NOx,17.3,15.3,13.7,10.1,10.1,11.3,17.3,16,13.2,14.4,11,13.7,15.1,9.8,8.5,8.8,11.9,16.1,14.8,16.7,11.7,11.7,8.9,8.6,
鳳山,2023/04/29 00:00:00,O3,24,23.6,20.4,25.1,23,21.5,18.5,32.2,40.2,58.2,71,75,74.2,66.3,46.2,41.7,54,47.2,42.1,38.4,33,25,27.9,25.7,
鳳山,2023/04/29 00:00:00,PM10,40,36,42,41,45,50,54,56,31,41,55,39,36,28,18,21,31,32,26,24,28,16,28,24,
鳳山,2023/04/29 00:00:00,PM2.5,23,27,21,26,31,29,30,31,21,21,17,23,21,14,13,11,16,16,16,17,13,15,16,15,
鳳山,2023/04/29 00:00:00,RAINFALL,0,0,0,0,0,0,0,0,0,0,0,0,0,0,0,0,0,0,0,0,0,0,0,0,
鳳山,2023/04/29 00:00:00,RH,66,67,69,73,75,75,72,66,60,52,48,47,47,49,51,54,57,59,62,62,63,64,65,66,
鳳山,2023/04/29 00:00:00,SO2,1.5,2.5,1.4,1.3,1.2,1.4,1.7,2.4,2.2,3,2.2,2.1,2.5,2.2,1.3,1.3,1.5,1.5,1.5,1.3,1.3,1.4,1.3,1.2,
鳳山,2023/04/29 00:00:00,THC,2.47,2.51,2.48,2.48,2.51,2.57,2.67,2.37,2.2,2.25,2.22,2.22,2.22,2.09,2.05,2.04,2.13,2.23,2.21,2.16,2.14,2.11,2.14,2.16,
鳳山,2023/04/29 00:00:00,WD_HR,75,68,80,92,85,83,85,98,296,295,83,293,260,252,271,260,261,289,287,288,331,287,95,64,
鳳山,2023/04/29 00:00:00,WIND_DIREC,47,53,75,85,87,90,92,94,116,282,13,285,265,195,239,257,283,294,273,280,18,288,99,323,
鳳山,2023/04/29 00:00:00,WIND_SPEED,0.3,0.3,0.5,0.4,0.3,0.5,0.5,0.8,0.8,1.3,1.1,1.1,1.7,1.5,1.3,1.6,1.2,1.1,1.2,0.9,0.5,1,0.6,0.5,
鳳山,2023/04/29 00:00:00,WS_HR,0.3,0.3,0.4,0.5,0.4,0.3,0.4,0.5,0.1,0.2,0.2,0.2,1,1.1,0.8,0.9,0.8,1,1,0.5,0.2,0.5,0.3,0.2,
鳳山,2023/04/30 00:00:00,AMB_TEMP,28.2,27.7,27.5,27.3,27.3,26.7,27,27.8,29.3,31,32.1,31.8,32.1,32.4,31.8,31.2,30.9,30.4,29.5,28.6,28.1,27.5,27.2,27,
鳳山,2023/04/30 00:00:00,CH4,2.08,2.18,2.13,2.19,2.18,2.23,2.23,2.18,2.08,2.03,2.07,2.11,2.06,2.05,2.03,2.01,2,2.01,2.09,2.13,2.16,2.2,2.23,2.26,
鳳山,2023/04/30 00:00:00,CO,0.29,0.33,0.3,0.29,0.3,0.37,0.47,0.56,0.37,0.31,0.49,0.55,0.45,0.44,0.42,0.45,0.47,0.56,0.57,0.52,0.52,0.55,0.51,0.52,
鳳山,2023/04/30 00:00:00,NMHC,0.06,0.1,0.06,0.06,0.07,0.08,0.15,0.14,0.06,0.04,0.09,0.1,0.06,0.07,0.06,0.07,0.08,0.1,0.12,0.11,0.1,0.14,0.15,0.16,
鳳山,2023/04/30 00:00:00,NO,0.7,0.9,0.7,0.7,0.6,1.2,2.1,4.2,1.9,1.4,4.2,2.2,1.5,1.7,1.7,2.1,2.8,2.6,2.3,1.7,1.1,1.5,1.1,1,
鳳山,2023/04/30 00:00:00,NO2,8.6,11.1,8.3,7.5,7.2,8.4,12.5,12.6,6.4,4.5,16.7,9.3,8.1,7.3,7.3,8.3,9.2,11,12.9,13.2,13.1,17.5,17.5,18.8,
鳳山,2023/04/30 00:00:00,NOx,9.3,12.1,9,8.3,7.8,9.6,14.7,16.9,8.3,6,20.9,11.6,9.6,9.1,9,10.4,12,13.7,15.2,15,14.2,19.1,18.6,19.9,
鳳山,2023/04/30 00:00:00,O3,21.5,18.8,26,24.8,24.6,23.8,19.5,22.7,31.3,36.3,41.5,63.6,58.8,55.9,54.3,45.2,36.8,32.2,39.1,39.8,41.7,36.1,33.5,25.4,
鳳山,2023/04/30 00:00:00,PM10,21,25,23,25,23,30,35,33,28,21,35,49,39,48,54,47,34,32,58,54,66,75,83,91,
鳳山,2023/04/30 00:00:00,PM2.5,11,20,16,20,16,27,24,27,16,14,20,27,21,20,19,21,18,16,22,23,31,29,30,33,
鳳山,2023/04/30 00:00:00,RAINFALL,0,0,0,0,0,0,0,0,0,0,0,0,0,0,0,0,0,0,0,0,0,0,0,0,
鳳山,2023/04/30 00:00:00,RH,66,68,67,68,68,70,70,66,60,55,53,57,53,51,53,53,54,55,56,58,60,62,63,63,
鳳山,2023/04/30 00:00:00,SO2,1,1.3,1.6,1.7,1.9,2,2.6,2.6,2.5,1.9,2.3,2.7,2.2,2,1.8,1.7,1.3,1.4,1.8,2.1,2,2.9,2.9,3.1,
鳳山,2023/04/30 00:00:00,THC,2.15,2.29,2.2,2.26,2.26,2.32,2.38,2.32,2.14,2.08,2.17,2.22,2.13,2.12,2.1,2.09,2.09,2.12,2.22,2.25,2.27,2.35,2.39,2.43,
鳳山,2023/04/30 00:00:00,WD_HR,290,88,90,88,73,288,289,274,116,99,260,290,279,284,288,286,289,280,279,259,339,282,333,290,
鳳山,2023/04/30 00:00:00,WIND_DIREC,88,110,99,72,302,293,271,302,111,125,273,283,293,280,283,308,289,275,270,118,295,273,293,287,
鳳山,2023/04/30 00:00:00,WIND_SPEED,0.4,0.3,0.4,0.3,0.6,0.7,1,0.8,1,0.9,1.8,1.9,1.4,1.4,1.9,1.7,1.4,1,1.3,0.7,0.7,1,0.5,1.1,
鳳山,2023/04/30 00:00:00,WS_HR,0.6,0.1,0.3,0.2,0.2,0.7,0.5,0.4,0.4,0.5,0.7,1.4,0.9,1.3,1.3,1.3,1.2,1.1,0.5,0.1,0,0.6,0.1,0.6,
鳳山,2023/05/01 00:00:00,AMB_TEMP,26,25.7,25.6,25.1,24.7,24.7,25.4,27.1,28.6,29.4,30.5,31,31.4,31.3,30.2,29.8,29.4,28.6,28,27.9,27.6,27.4,27.3,27.1,
鳳山,2023/05/01 00:00:00,CH4,2.26,2.27,2.31,2.3,2.3,2.32,2.33,2.37,2.21,2.09,2.09,2.09,2.06,2.05,2.06,2.05,2.04,2.05,2.05,2.06,2.05,2.05,2.05,2.04,
鳳山,2023/05/01 00:00:00,CO,0.46,0.45,0.47,0.47,0.48,0.51,0.51,0.61,0.72,0.61,0.61,0.61,0.47,0.44,0.43,0.49,0.48,0.55,0.55,0.53,0.46,0.44,0.37,0.32,
鳳山,2023/05/01 00:00:00,NMHC,0.1,0.14,0.18,0.15,0.15,0.14,0.1,0.15,0.16,0.21,0.14,0.12,0.06,0.06,0.06,0.08,0.07,0.09,0.1,0.09,0.08,0.08,0.05,0.03,
鳳山,2023/05/01 00:00:00,NO,1.1,1.1,1.1,1.3,1.2,0.9,1.6,2.9,5.2,4.1,2.8,3.1,2.4,2.6,2.3,2.6,2.2,2.1,1.8,1.8,1.4,1.1,1,1.2,
鳳山,2023/05/01 00:00:00,NO2,16.5,17.8,18,16.2,16.8,15.3,13.1,14.9,22.3,14.6,11,10.8,9.2,9.7,10.4,14,13,14.5,14.2,17.9,12,13.4,12,11.4,
鳳山,2023/05/01 00:00:00,NOx,17.6,19,19.2,17.6,18,16.2,14.7,17.9,27.5,18.8,13.9,13.9,11.7,12.4,12.7,16.7,15.3,16.6,16,19.8,13.4,14.5,13.1,12.7,
鳳山,2023/05/01 00:00:00,O3,25.9,20.3,16.7,14.5,12.1,12.3,17.6,25.9,30.9,39.2,48.4,49,49.9,49.1,58.5,53.7,52.4,49.1,48.7,44,50.9,47.4,47,47.8,
鳳山,2023/05/01 00:00:00,PM10,92,86,83,75,69,64,69,76,64,47,39,40,37,30,49,42,33,41,32,40,36,44,44,46,
鳳山,2023/05/01 00:00:00,PM2.5,34,33,33,34,29,30,30,36,33,23,17,18,18,15,19,16,17,19,17,17,16,18,18,20,
鳳山,2023/05/01 00:00:00,RAINFALL,0,0,0,0,0,0,0,0,0,0,0,0,0,0,0,0,0,0,0,0,0,0,0,0,
鳳山,2023/05/01 00:00:00,RH,65,66,67,68,69,70,69,65,62,60,56,55,53,52,56,56,57,60,62,63,65,66,67,68,
鳳山,2023/05/01 00:00:00,SO2,2.9,3.7,4,3.7,4,3,2.4,4.2,6.5,4.1,2.3,2.4,2,2,2.3,2.6,2.3,2.2,2,2.1,2.1,2.3,2.3,2.2,
鳳山,2023/05/01 00:00:00,THC,2.37,2.42,2.5,2.46,2.46,2.47,2.44,2.53,2.37,2.31,2.24,2.22,2.13,2.12,2.13,2.14,2.12,2.15,2.16,2.16,2.14,2.14,2.1,2.08,
鳳山,2023/05/01 00:00:00,WD_HR,284,283,291,288,310,88,86,100,205,233,267,255,254,254,255,255,257,257,268,275,261,267,262,258,
鳳山,2023/05/01 00:00:00,WIND_DIREC,293,289,259,296,52,96,100,162,122,256,281,212,244,256,247,252,249,196,273,272,127,263,274,108,
鳳山,2023/05/01 00:00:00,WIND_SPEED,0.8,1,0.4,0.7,0.4,0.8,0.4,0.9,1.2,1.4,1.6,1.4,2,1.9,1.5,1.4,1.2,0.9,1,0.9,0.5,0.8,0.6,0.4,
鳳山,2023/05/01 00:00:00,WS_HR,0.9,1,0.4,0.7,0.2,0.4,0.4,0.3,0.2,0.4,0.9,0.8,1,0.9,1.2,1,0.7,0.7,0.7,0.6,0.5,0.5,0.5,0.2,
鳳山,2023/05/02 00:00:00,AMB_TEMP,26.9,26.6,26.4,26.2,26.1,25.9,26.4,27.4,28.8,30.6,31.3,32.2,33.1,32.7,31.8,31.2,30.4,29.8,28.6,28.4,28.3,28.1,27.9,27.6,
鳳山,2023/05/02 00:00:00,CH4,2.07,2.14,2.12,2.14,2.13,2.16,2.2,2.19,2.14,2.12,2.16,2.15,2.1,2.04,2.02,2.02,2.03,2.05,2.05,2.05,2.07,2.09,2.14,2.2,
鳳山,2023/05/02 00:00:00,CO,0.29,0.28,0.26,0.26,0.25,0.29,0.41,0.55,0.66,0.71,0.73,0.8,0.6,0.46,0.56,0.57,0.75,0.98,0.84,0.76,0.68,0.53,0.48,0.44,
鳳山,2023/05/02 00:00:00,NMHC,0.04,0.06,0.09,0.09,0.08,0.1,0.13,0.17,0.18,0.24,0.21,0.23,0.15,0.1,0.13,0.16,0.23,0.28,0.23,0.2,0.17,0.18,0.21,0.22,
鳳山,2023/05/02 00:00:00,NO,0.9,0.3,0.2,0.1,0.1,0,0.4,2.1,3,2.5,2.2,2.1,1.8,1.2,2.6,4.1,3.1,4.4,2.4,1.7,1.1,0.5,0.2,0.2,
鳳山,2023/05/02 00:00:00,NO2,8.5,9,7.8,8.1,8,8.9,11.7,17.8,19.4,20.1,20.3,20,14.9,10.7,13.1,14.7,17.2,23.2,18.9,19.6,19.9,21.1,16.9,17.4,
鳳山,2023/05/02 00:00:00,NOx,9.5,9.3,8.1,8.2,8.1,9,12.2,19.9,22.4,22.7,22.5,22.1,16.7,11.9,15.7,18.9,20.3,27.6,21.3,21.4,21,21.6,17.2,17.7,
鳳山,2023/05/02 00:00:00,O3,46.7,41.4,39.2,37,37.7,33.9,31.4,31.9,43.2,54.1,64.3,73.1,73.7,56.1,44.9,39.4,36.3,30.7,33.3,30.3,30.1,29.9,31.3,26.2,
鳳山,2023/05/02 00:00:00,PM10,48,43,40,33,32,32,42,45,54,52,64,66,51,35,46,42,46,39,39,44,42,55,59,59,
鳳山,2023/05/02 00:00:00,PM2.5,14,24,16,20,15,17,20,24,24,26,33,32,26,17,15,18,19,18,16,20,19,23,25,30,
鳳山,2023/05/02 00:00:00,RAINFALL,0,0,0,0,0,0,0,0,0,0,0,0,0,0,0,0,0,0,0,0,0,0,0,0,
鳳山,2023/05/02 00:00:00,RH,69,70,70,69,69,70,68,64,60,54,51,49,46,47,52,52,55,56,65,66,67,69,70,70,
鳳山,2023/05/02 00:00:00,SO2,2.1,2,1.9,2,1.7,1.6,1.9,2.9,3.9,4,4.1,4.4,3.5,2.4,2.4,1.6,1.4,1.4,1.4,1.5,1.9,2.4,2.5,2.4,
鳳山,2023/05/02 00:00:00,THC,2.12,2.21,2.22,2.24,2.22,2.27,2.34,2.37,2.33,2.37,2.37,2.39,2.26,2.15,2.16,2.19,2.27,2.34,2.29,2.26,2.25,2.28,2.36,2.43,
鳳山,2023/05/02 00:00:00,WD_HR,96,89,58,72,63,69,69,96,305,295,272,279,278,288,285,289,266,257,259,275,256,81,64,83,
鳳山,2023/05/02 00:00:00,WIND_DIREC,107,89,54,67,40,33,72,322,250,272,243,275,275,279,290,281,264,251,257,295,323,77,301,98,
鳳山,2023/05/02 00:00:00,WIND_SPEED,0.5,0.6,0.3,0.3,0.3,0.3,0.4,0.8,0.9,1.3,1.1,1.4,1.3,1.7,1.6,1.2,1.2,1.1,0.8,0.4,0.3,0.4,0.4,0.4,
鳳山,2023/05/02 00:00:00,WS_HR,0.5,0.5,0.2,0.3,0.3,0.2,0.2,0.4,0.1,0.2,0.7,0.8,1,1.4,1.4,0.7,0.9,1,0.8,0.4,0.4,0.2,0.2,0.2,
鳳山,2023/05/03 00:00:00,AMB_TEMP,26.9,26.6,26.7,26.2,25.6,25.5,26.1,27.7,29.9,31.1,32.1,32.6,32.7,32.7,31.5,31.1,30.5,30.2,29.3,29.1,28.8,28.6,28.4,28,
鳳山,2023/05/03 00:00:00,CH4,2.21,2.2,2.3,2.67,2.97,2.61,2.59,2.32,2.16,2.13,2.12,2.12,2.08,2.03,2,2,1.99,2.02,2.02,2.02,2.03,2.07,2.12,2.12,
鳳山,2023/05/03 00:00:00,CO,0.36,0.33,0.33,0.35,0.35,0.38,0.46,0.58,0.63,0.68,0.67,0.6,0.6,0.42,0.4,0.45,0.57,0.78,0.72,0.61,0.53,0.4,0.53,0.42,
鳳山,2023/05/03 00:00:00,NMHC,0.17,0.12,0.16,0.18,0.13,0.14,0.14,0.16,0.15,0.17,0.2,0.14,0.1,0.08,0.08,0.1,0.17,0.2,0.19,0.16,0.15,0.16,0.2,0.21,
鳳山,2023/05/03 00:00:00,NO,0.1,0.5,0.5,0.5,0.6,0.6,1.7,3.4,3.3,3.1,2.9,1.7,1.5,1.8,2.3,2.5,3.1,2.9,1.9,2,2.3,1.1,1.2,0.8,
鳳山,2023/05/03 00:00:00,NO2,14.3,10.7,10.2,12.2,12.3,12.3,13.9,16.3,13.3,20.1,16.4,15,14.4,11.7,9.6,10,11,15.5,16.2,16.8,16,11.8,16.1,14.8,
鳳山,2023/05/03 00:00:00,NOx,14.5,11.2,10.7,12.8,12.9,13,15.6,19.8,16.7,23.2,19.3,16.7,16,13.5,12,12.5,14.2,18.5,18.1,18.8,18.3,12.9,17.4,15.6,
鳳山,2023/05/03 00:00:00,O3,27.1,30.4,27.5,17.5,14.2,15.6,17.5,25.6,40.5,47.8,60.5,76.2,84.3,56.9,39.6,36.5,30.2,34.5,31.9,26.5,23.7,26.4,23,23.5,
鳳山,2023/05/03 00:00:00,PM10,57,55,44,50,46,46,54,55,44,48,52,52,53,38,29,26,29,42,36,38,33,39,32,27,
鳳山,2023/05/03 00:00:00,PM2.5,28,24,19,26,23,24,28,30,17,26,21,30,30,17,13,18,15,20,20,16,18,21,20,18,
鳳山,2023/05/03 00:00:00,RAINFALL,0,0,0,0,0,0,0,0,0,0,0,0,0,0,0,0,0,0,0,0,0,0,0,0,
鳳山,2023/05/03 00:00:00,RH,72,73,72,76,81,81,80,73,59,56,56,53,49,53,60,62,64,66,70,71,72,69,67,66,
鳳山,2023/05/03 00:00:00,SO2,2.1,1.9,2,1.7,1.4,1.4,1.5,2.4,2.6,2.6,2.5,2.7,4.5,2.9,1.6,1.4,1.3,1.2,1.3,1.5,1.9,1.9,1.8,1.5,
鳳山,2023/05/03 00:00:00,THC,2.39,2.33,2.46,2.86,3.11,2.76,2.74,2.49,2.32,2.31,2.33,2.27,2.19,2.12,2.09,2.1,2.17,2.23,2.22,2.19,2.19,2.23,2.33,2.34,
鳳山,2023/05/03 00:00:00,WD_HR,82,46,80,87,88,89,86,121,278,248,251,265,240,261,268,280,271,283,292,279,292,77,335,53,
鳳山,2023/05/03 00:00:00,WIND_DIREC,87,12,86,66,82,83,83,259,305,242,256,263,240,266,282,256,272,287,283,263,80,62,305,17,
鳳山,2023/05/03 00:00:00,WIND_SPEED,0.4,0.3,0.5,0.4,0.5,0.5,0.6,0.5,0.7,1.4,1.6,1.6,1.5,1.9,1.4,1.1,1,1,0.7,0.8,0.3,0.4,0.3,0.3,
鳳山,2023/05/03 00:00:00,WS_HR,0.4,0.2,0.4,0.4,0.4,0.4,0.5,0.3,0.1,0.4,0.9,0.8,0.8,0.9,0.8,0.9,0.8,0.8,0.4,0.4,0.4,0.4,0.1,0.1,
鳳山,2023/05/04 00:00:00,AMB_TEMP,27.7,27.3,26.8,26.4,26.3,26,26.4,28.1,30.5,32.3,33,33.6,34.4,34.6,34.1,33.2,32.5,31.5,30.8,30,29.8,29.6,29.1,28.9,
鳳山,2023/05/04 00:00:00,CH4,2.12,2.16,2.15,2.07,2.14,2.1,2.19,2.09,2.04,2.05,2.06,2.02,1.99,1.96,1.96,1.94,1.94,1.95,1.96,1.98,1.99,2,2.01,2.05,
鳳山,2023/05/04 00:00:00,CO,0.34,0.31,0.27,0.23,0.25,0.26,0.39,0.46,0.59,0.67,0.82,0.7,0.55,0.45,0.53,0.26,0.31,0.43,0.43,0.4,0.39,0.45,0.44,0.32,
鳳山,2023/05/04 00:00:00,NMHC,0.18,0.14,0.11,0.05,0.06,0.07,0.1,0.11,0.12,0.19,0.26,0.15,0.11,0.11,0.15,0.04,0.05,0.06,0.09,0.1,0.15,0.2,0.43,0.41,
鳳山,2023/05/04 00:00:00,NO,0.6,0.6,0.7,0.6,0.5,0.5,1.1,2.3,3.1,2.9,2.8,4.5,5.7,5.4,5.9,3.3,3.6,3.8,3,3.3,2.7,2.4,1.3,1.2,
鳳山,2023/05/04 00:00:00,NO2,13.1,11,9.1,5.7,4.9,6,10.4,12.2,13.4,18.5,25.8,22.6,18.5,12.5,10.8,6.9,7.9,9.2,11.9,12.9,14.8,16.9,18.1,16.2,
鳳山,2023/05/04 00:00:00,NOx,13.7,11.6,9.9,6.3,5.5,6.6,11.6,14.6,16.6,21.4,28.7,27.1,24.2,17.9,16.7,10.2,11.6,13,15,16.2,17.6,19.4,19.4,17.4,
鳳山,2023/05/04 00:00:00,O3,22.8,21.6,23.6,29,29.1,26.8,20.2,29.1,36.9,50.2,62.8,41.5,32.3,21.5,18.3,19.9,17.9,16,12.7,10.8,8.3,6.4,6.4,7.9,
鳳山,2023/05/04 00:00:00,PM10,21,22,20,18,15,25,33,33,31,37,51,41,30,45,62,43,37,31,27,31,27,28,21,22,
鳳山,2023/05/04 00:00:00,PM2.5,14,14,17,16,12,19,25,23,22,22,24,11,14,8,8,7,8,9,11,13,11,11,7,10,
鳳山,2023/05/04 00:00:00,RAINFALL,0,0,0,0,0,0,0,0,0,0,0,0,0,0,0,0,0,0,0,0,0,0,0,0,
鳳山,2023/05/04 00:00:00,RH,64,64,63,63,64,70,70,61,53,47,45,46,45,46,44,45,48,52,53,57,57,58,60,60,
鳳山,2023/05/04 00:00:00,SO2,1.6,1.5,1.4,1.4,1.2,1.3,1.6,1.9,2.6,4.2,6.5,6.6,5.3,3.5,5.5,1.9,2.3,2,2.6,1.5,1.5,1.6,1.8,1.7,
鳳山,2023/05/04 00:00:00,THC,2.3,2.31,2.27,2.13,2.21,2.18,2.3,2.21,2.17,2.25,2.33,2.18,2.11,2.08,2.12,1.99,2,2.02,2.06,2.09,2.15,2.21,2.45,2.47,
鳳山,2023/05/04 00:00:00,WD_HR,4,77,78,90,84,98,94,101,306,243,264,257,260,266,185,181,190,178,195,221,190,161,33,330,
鳳山,2023/05/04 00:00:00,WIND_DIREC,28,81,97,119,93,103,100,86,310,260,251,295,263,305,179,203,218,197,153,285,203,92,321,354,
鳳山,2023/05/04 00:00:00,WIND_SPEED,0.3,0.3,0.4,0.3,0.3,0.3,0.9,0.8,1.1,1.4,1.4,1.3,1.5,2,2.6,2.1,1.7,1.8,1.2,1,1.4,0.6,0.3,0.3,
鳳山,2023/05/04 00:00:00,WS_HR,0.2,0.3,0.3,0.2,0.3,0.4,0.4,0.7,0.1,0.3,0.8,0.4,0.6,0.7,0.5,0.4,0.5,0.5,0.6,0.2,0.5,0.3,0.2,0.1,
鳳山,2023/05/05 00:00:00,AMB_TEMP,28.4,27.9,27.4,27,26.9,26.5,27.3,29,31.1,32.9,33.1,#,33.8,33.9,33.4,32.8,31.9,30.8,29.8,29.3,29.1,28.7,28.5,28.3,
鳳山,2023/05/05 00:00:00,CH4,2.13,2.11,2.05,2.08,2.09,2.29,2.23,2.13,2.04,1.96,1.93,1.93,1.94,1.95,1.95,1.94,2.03,1.96,1.96,1.96,1.98,1.95,1.94,1.95,
鳳山,2023/05/05 00:00:00,CO,0.38,0.3,0.2,0.19,0.31,0.32,0.36,0.4,0.37,0.32,0.3,0.4,0.4,0.62,0.77,0.77,0.97,1.1,1.09,0.69,0.52,0.28,0.25,0.19,
鳳山,2023/05/05 00:00:00,NMHC,0.17,0.14,0.05,0.04,0.07,0.11,0.09,0.11,0.1,0.12,0.06,0.1,0.14,0.25,0.28,0.27,0.25,0.33,0.21,0.15,0.1,0.05,0.04,0.02,
鳳山,2023/05/05 00:00:00,NO,1.5,0.4,0.2,0.1,0.2,0.3,0.8,2,2.4,2.6,2.7,3.6,4.2,6.2,6.5,7,8,6.7,4.8,3,1.5,1.2,0.6,0.2,
鳳山,2023/05/05 00:00:00,NO2,14.1,13.3,8.8,6.2,7.5,8.8,8.7,10.4,9.7,7.6,5.9,7,7.5,10.3,11.7,12.4,17.7,17.6,19.4,16.1,11.9,8.3,6.8,6.4,
鳳山,2023/05/05 00:00:00,NOx,15.7,13.8,9.1,6.4,7.7,9.2,9.6,12.4,12.1,10.2,8.7,10.7,11.8,16.6,18.2,19.5,25.8,24.4,24.2,19.1,13.4,9.5,7.4,6.6,
鳳山,2023/05/05 00:00:00,O3,13,15.6,19.8,21,17.9,13,17.7,23.6,27.1,24.6,21.1,18.3,16.8,16,15.9,14.7,12.9,9.9,5.5,9.3,12.7,18.2,20.7,20.3,
鳳山,2023/05/05 00:00:00,PM10,36,35,29,36,42,37,32,32,35,24,14,#,17,35,36,29,44,41,28,29,26,17,21,21,
鳳山,2023/05/05 00:00:00,PM2.5,22,18,16,11,27,23,21,22,13,9,#,#,8,11,13,12,A,*,A,A,A,*,A,A,
鳳山,2023/05/05 00:00:00,RAINFALL,0,0,0,0,0,0,0,0,0,0,0,0,0,0,0,0,0,0,0,0,0,0,0,0,
鳳山,2023/05/05 00:00:00,RH,70,74,78,84,86,87,84,69,59,53,54,#,54,54,56,59,64,68,74,79,81,83,84,84,
鳳山,2023/05/05 00:00:00,SO2,1.9,2.2,1.2,1.1,1.5,1.1,1.2,1.9,1.6,1.2,1.3,2.1,3.4,7.2,7.6,6.9,7.9,8.7,7.8,4.4,3,1.3,1.2,0.8,
鳳山,2023/05/05 00:00:00,THC,2.31,2.26,2.11,2.13,2.17,2.41,2.33,2.24,2.15,2.09,2,2.04,2.09,2.2,2.23,2.22,2.28,2.3,2.18,2.12,2.09,2.01,1.99,1.98,
鳳山,2023/05/05 00:00:00,WD_HR,278,310,93,87,93,84,92,100,126,155,174,163,169,237,234,234,203,263,226,276,122,117,143,110,
鳳山,2023/05/05 00:00:00,WIND_DIREC,69,343,97,100,108,97,94,92,125,147,144,139,254,264,243,242,229,323,313,148,185,105,108,96,
鳳山,2023/05/05 00:00:00,WIND_SPEED,0.3,0.5,0.6,0.4,0.5,0.4,0.4,0.9,1.5,1.4,2,2,1.8,1.5,1.6,1.1,1.3,0.8,0.7,0.7,1,1.5,1,0.8,
鳳山,2023/05/05 00:00:00,WS_HR,0.4,0.2,0.4,0.5,0.5,0.3,0.3,0.7,0.6,0.7,0.6,0.5,0.1,0.4,0.5,0.3,0.5,0.2,0.1,0.1,0.4,0.5,0.5,0.6,
鳳山,2023/05/06 00:00:00,AMB_TEMP,28.2,27.8,27.4,27.3,27,26.8,27.6,29,30.9,32.3,33.6,33.8,34.3,34.1,33.4,33.4,33.3,32.1,30.9,30.2,30.2,29.9,29.9,29.7,
鳳山,2023/05/06 00:00:00,CH4,1.95,1.94,1.95,1.97,2.05,2.18,2.11,2.02,2.01,1.97,1.97,1.94,1.94,1.94,1.94,1.95,1.96,1.96,1.97,1.98,1.98,1.99,2.01,1.99,
鳳山,2023/05/06 00:00:00,CO,0.17,0.14,0.14,0.17,0.16,0.2,0.26,0.32,0.36,0.4,0.64,0.5,0.36,0.27,0.26,0.3,0.36,0.47,0.46,0.5,0.41,0.36,0.38,0.3,
鳳山,2023/05/06 00:00:00,NMHC,0.02,0.05,0,0.04,0.01,0.04,0.09,0.22,0.14,0.23,0.25,0.14,0.07,0.06,0.06,0.12,0.15,0.12,0.12,0.11,0.09,0.07,0.1,0.07,
鳳山,2023/05/06 00:00:00,NO,0.3,0.9,1,0.9,0.9,1,2.2,2.2,2,1.6,5.1,7.5,4.9,3.9,4.2,4.4,4.7,6.7,5.3,4.9,4.1,1.8,2.5,2.1,
鳳山,2023/05/06 00:00:00,NO2,5.8,2.9,2.4,3,3.6,6.2,8,8.3,8.6,10.6,18.8,14.3,11.3,8.6,8.3,9.4,11.3,17,18.4,18.5,24.2,22.7,22.2,16,
鳳山,2023/05/06 00:00:00,NOx,6.2,3.9,3.4,3.9,4.6,7.2,10.2,10.6,10.6,12.3,24,21.9,16.2,12.6,12.5,13.9,16,23.8,23.8,23.5,28.3,24.6,24.7,18.1,
鳳山,2023/05/06 00:00:00,O3,22.3,24.7,25.1,22.6,21.7,15.5,16.8,35.7,49.2,72.1,29.5,23.5,28.2,26.5,24.9,25.7,20.6,12.2,8.4,9.3,4.7,5.8,6.7,15.5,
鳳山,2023/05/06 00:00:00,PM10,19,20,17,24,17,24,25,17,24,25,29,31,24,16,19,16,21,21,17,15,20,16,17,15,
鳳山,2023/05/06 00:00:00,PM2.5,A,A,A,A,A,A,A,A,A,*,#,#,10,5,8,7,7,13,12,10,13,14,14,12,
鳳山,2023/05/06 00:00:00,RAINFALL,0,0,0,0,0,0,0,0,0,0,0,0,0,0,0,0,0,0,0,0,0,0,0,0,
鳳山,2023/05/06 00:00:00,RH,85,86,87,87,88,87,84,77,65,57,53,52,51,50,50,49,49,53,62,64,61,61,61,64,
鳳山,2023/05/06 00:00:00,SO2,0.7,0.4,0.3,0.6,0.8,7.2,14.3,2.9,2.5,2.7,5.1,6.1,3.5,1.5,1.2,1.4,1.7,1.7,1.3,1.1,1.9,2.1,2,2.2,
鳳山,2023/05/06 00:00:00,THC,1.98,2,1.96,2.02,2.07,2.23,2.21,2.25,2.16,2.21,2.22,2.09,2.02,2.01,2.01,2.08,2.11,2.09,2.09,2.1,2.08,2.07,2.12,2.07,
鳳山,2023/05/06 00:00:00,WD_HR,114,116,116,94,106,90,108,147,100,143,273,257,241,256,265,258,271,247,276,276,289,89,290,274,
鳳山,2023/05/06 00:00:00,WIND_DIREC,123,149,116,73,99,98,123,202,118,221,219,56,275,246,292,271,288,217,260,279,8,101,300,291,
鳳山,2023/05/06 00:00:00,WIND_SPEED,0.9,0.8,0.8,0.5,0.6,0.5,0.7,1.1,1.1,1.3,1.5,1.1,1.5,1.7,1.3,1.3,1.1,0.7,1,0.5,0.3,0.7,0.4,0.5,
鳳山,2023/05/06 00:00:00,WS_HR,0.7,0.7,0.6,0.5,0.5,0.5,0.5,0.5,0.4,0.2,0.8,0.3,0.5,0.9,0.9,0.8,0.6,0.3,0.5,0.3,0.1,0.3,0.1,0.3,
鳳山,2023/05/07 00:00:00,AMB_TEMP,29.3,29.3,29.2,29.2,28.7,28.7,29.2,30,30.9,31.6,31.7,31.5,27.1,26.1,26.9,28.3,29.7,30.6,30.4,30.1,30,29.3,28.3,26.2,
鳳山,2023/05/07 00:00:00,CH4,1.96,1.99,1.98,2.06,2.24,2.08,2.11,2.09,2.1,1.98,1.94,1.97,2.06,2.02,2.01,1.98,2.03,2.04,2.02,2.08,2.12,2.06,2.04,2.04,
鳳山,2023/05/07 00:00:00,CO,0.2,0.16,0.15,0.2,0.23,0.22,0.31,0.34,0.43,0.41,0.33,0.5,0.38,0.32,0.32,0.27,0.59,0.7,0.77,0.87,0.85,0.6,0.32,0.2,
鳳山,2023/05/07 00:00:00,NMHC,0.09,0.11,0.11,0.1,0.12,0.06,0.11,0.12,0.12,0.14,0.08,0.13,0.1,0.06,0.06,0.04,0.15,0.19,0.19,0.25,0.28,0.17,0.06,0.04,
鳳山,2023/05/07 00:00:00,NO,1.4,1.1,0.9,0.8,0.4,0.8,1.3,1.9,2,4.6,4.1,4.5,3.7,2.1,2,1.7,2.4,3.6,4.8,3.6,5.6,4.3,1.9,0.8,
鳳山,2023/05/07 00:00:00,NO2,11.3,10.2,11.3,10.3,11.1,8.5,9,9.2,10.6,15.9,12.8,15.6,11.4,8.2,8.8,7,14.3,18.1,19.9,22.5,25.5,19.5,12.5,8.1,
鳳山,2023/05/07 00:00:00,NOx,12.7,11.3,12.3,11.1,11.6,9.3,10.3,11.2,12.7,20.5,16.9,20.1,15.2,10.3,10.9,8.8,16.8,21.7,24.7,26.1,31.1,23.8,14.4,9,
鳳山,2023/05/07 00:00:00,O3,19.3,17.4,16.3,13.2,10.2,16.4,14.8,21.9,31.5,18.9,22,17.1,12.4,17.5,20,28.5,24,22.2,17.4,14.3,6.6,8.9,13.1,14.1,
鳳山,2023/05/07 00:00:00,PM10,11,14,12,10,17,21,16,20,18,14,9,18,42,13,14,12,26,27,29,23,32,20,18,12,
鳳山,2023/05/07 00:00:00,PM2.5,9,11,11,12,16,9,10,12,14,8,10,9,16,13,14,11,17,15,15,13,22,12,11,11,
鳳山,2023/05/07 00:00:00,RAINFALL,0,0,0,0,0,0,0,0,0,0,0,0,1,0,0.5,0,0,0,0,0,0,0,7,1.5,
鳳山,2023/05/07 00:00:00,RH,69,68,70,66,72,74,72,67,61,49,51,56,84,87,85,75,68,63,62,62,65,71,81,92,
鳳山,2023/05/07 00:00:00,SO2,1.4,1.6,1.5,1.2,1.5,1.3,1.3,1.6,1.9,1.9,1.6,1.7,1.1,0.7,0.8,1.1,1.4,1.7,1.6,1.6,1.5,1.4,1,0.7,
鳳山,2023/05/07 00:00:00,THC,2.06,2.11,2.09,2.17,2.37,2.15,2.23,2.22,2.23,2.13,2.03,2.11,2.17,2.09,2.08,2.03,2.19,2.24,2.22,2.34,2.41,2.24,2.11,2.09,
鳳山,2023/05/07 00:00:00,WD_HR,217,265,290,23,92,56,80,101,223,252,196,263,270,92,102,63,294,299,288,287,280,281,306,96,
鳳山,2023/05/07 00:00:00,WIND_DIREC,263,265,280,101,88,111,105,92,107,234,185,294,115,139,93,52,329,320,324,282,286,302,343,96,
鳳山,2023/05/07 00:00:00,WIND_SPEED,0.4,0.3,0.3,0.3,0.5,0.3,0.4,0.7,0.6,0.6,0.7,1,0.6,0.3,0.3,0.3,0.4,0.5,0.4,0.3,0.6,0.3,0.4,1.2,
鳳山,2023/05/07 00:00:00,WS_HR,0.3,0.4,0.2,0.1,0.4,0.2,0.2,0.4,0.1,0.6,0.2,0.7,0.5,0.2,0.2,0.1,0.2,0.4,0.6,0.4,0.3,0.4,0.5,0.7,
鳳山,2023/05/08 00:00:00,AMB_TEMP,25.8,25.9,25.7,25.1,25.7,25.5,25.5,25.6,25.6,25.8,27.1,28,29.9,30.1,30.6,30.1,28.9,28.6,28.1,27.6,27,26.7,26.6,25.7,
鳳山,2023/05/08 00:00:00,CH4,2.09,2.15,2.07,1.98,2.08,2.08,2.06,2.08,2.12,2,2.13,2.14,2.05,2.08,2.1,2.11,2.12,2.16,2.16,2.15,2.16,2.17,2.17,2.22,
鳳山,2023/05/08 00:00:00,CO,0.23,0.23,0.2,0.17,0.23,0.24,0.28,0.47,0.56,0.53,0.82,0.7,0.49,0.55,0.66,0.82,0.92,1.01,0.88,0.69,0.61,0.61,0.51,0.48,
鳳山,2023/05/08 00:00:00,NMHC,0.05,0.05,0.03,0.01,0.06,0.07,0.06,0.12,0.14,0.16,0.29,0.28,0.11,0.12,0.17,0.25,0.26,0.33,0.25,0.2,0.19,0.21,0.18,0.16,
鳳山,2023/05/08 00:00:00,NO,0.8,0.9,0.8,0.6,0.4,0.4,1.1,2.7,5.2,8.8,11,7.5,3.6,2.2,2.6,3.1,2.9,3,1.4,0.9,1.2,1.2,1.2,0.9,
鳳山,2023/05/08 00:00:00,NO2,7.1,8.2,7.8,4.3,5.1,8,8.2,12.2,15.4,20.1,21.9,20.5,12.3,13.9,18,21.1,25.8,30.4,26.8,21.3,20.5,20,18.1,16.3,
鳳山,2023/05/08 00:00:00,NOx,7.9,9.2,8.7,4.9,5.5,8.4,9.3,15,20.7,29,32.9,28.1,16,16.2,20.7,24.2,28.8,33.4,28.2,22.3,21.7,21.2,19.3,17.2,
鳳山,2023/05/08 00:00:00,O3,14,12.4,13.9,27.7,18.3,14.4,14.7,13.4,10.1,12.8,14.6,24.7,43,56.8,57.5,55.1,46.5,38.9,41.2,45.2,39.9,36.9,34.2,29.7,
鳳山,2023/05/08 00:00:00,PM10,11,12,8,5,11,13,11,12,11,11,22,35,22,34,32,36,39,44,44,33,35,41,29,46,
鳳山,2023/05/08 00:00:00,PM2.5,11,12,9,6,9,8,10,8,8,10,15,28,14,22,11,12,14,13,16,19,24,25,19,25,
鳳山,2023/05/08 00:00:00,RAINFALL,0,2,2.5,0,0,0,0,1,1.5,0,0,0,0,0,0,0,0,0,0,0,0,0,0,0,
鳳山,2023/05/08 00:00:00,RH,92,91,92,90,91,91,90,89,91,91,86,82,70,67,63,64,67,68,70,69,70,71,73,75,
鳳山,2023/05/08 00:00:00,SO2,0.4,0.9,0.7,0.7,0.7,0.8,1,1,1.3,1.1,1.2,1.4,1.5,1.1,1.4,1.7,1.6,1.6,1.8,2,2,2.3,2.1,2,
鳳山,2023/05/08 00:00:00,THC,2.15,2.21,2.11,2,2.14,2.16,2.13,2.21,2.27,2.17,2.43,2.43,2.17,2.21,2.28,2.37,2.39,2.49,2.42,2.36,2.36,2.39,2.36,2.39,
鳳山,2023/05/08 00:00:00,WD_HR,92,286,257,14,87,91,89,82,75,280,282,286,285,283,282,269,280,256,236,268,287,285,306,289,
鳳山,2023/05/08 00:00:00,WIND_DIREC,88,275,272,42,93,92,91,67,278,89,63,288,282,291,295,269,256,231,305,293,270,279,292,286,
鳳山,2023/05/08 00:00:00,WIND_SPEED,0.8,0.7,0.3,0.3,0.3,0.3,0.6,0.3,1,0.6,0.8,0.8,1.2,1,1,1.1,0.8,0.9,0.5,0.5,0.5,0.6,0.7,0.5,
鳳山,2023/05/08 00:00:00,WS_HR,0.9,0.6,0.5,0.1,0.3,0.2,0.3,0.3,0.1,0,0.8,0.1,0.3,0.9,0.9,1,0.7,0.5,0.2,0.2,0.5,0.5,0.6,0.7,
鳳山,2023/05/09 00:00:00,AMB_TEMP,25.1,24.3,24.1,23.6,23.5,23.4,23.6,24.6,25.1,25.8,26.4,26.3,26.4,25.7,25.7,26.2,25.9,25.7,25.4,25,25.1,25,24.6,24.3,
鳳山,2023/05/09 00:00:00,CH4,2.23,2.21,2.22,2.21,2.23,2.23,2.23,2.25,2.27,2.28,2.16,2.15,2.11,2.09,2.14,2.1,2.08,2.1,2.09,2.05,2.06,2.05,2.12,2.15,
鳳山,2023/05/09 00:00:00,CO,0.44,0.39,0.35,0.34,0.34,0.39,0.49,0.78,0.77,0.87,0.84,0.67,0.53,0.49,0.57,0.55,0.6,0.68,0.67,0.48,0.44,0.4,0.37,0.33,
鳳山,2023/05/09 00:00:00,NMHC,0.14,0.13,0.19,0.17,0.19,0.18,0.22,0.24,0.29,0.34,0.41,0.29,0.18,0.12,0.16,0.14,0.15,0.16,0.18,0.09,0.07,0.06,0.11,0.11,
鳳山,2023/05/09 00:00:00,NO,0.8,1,1,1.1,1.2,2,4.3,11.6,8.1,8,8.8,6.4,4.9,3.5,3.2,2.4,2.6,2.1,1.8,1.7,1.4,0.9,1,0.9,
鳳山,2023/05/09 00:00:00,NO2,15.9,15,16.8,16.3,16.6,17.9,19.6,20.1,24.7,32.8,34.4,21.6,17.6,17.9,21.5,15.6,22.6,27,20.3,19.2,17.7,11.9,11.9,10.7,
鳳山,2023/05/09 00:00:00,NOx,16.7,16,17.9,17.4,17.8,19.9,24,31.7,32.9,40.9,43.2,28.1,22.5,21.5,24.7,18,25.2,29.2,22.2,20.9,19.1,12.8,12.9,11.6,
鳳山,2023/05/09 00:00:00,O3,20.9,16.5,12.4,10.4,10.3,9.1,9.5,9.1,10.8,10.8,12.8,22.7,29.1,29.1,32.7,39.4,32.9,28.7,31.2,32.1,34.3,42.5,44.7,43.6,
鳳山,2023/05/09 00:00:00,PM10,38,26,24,23,24,25,22,38,41,49,34,27,23,20,29,24,24,31,31,24,22,22,56,62,
鳳山,2023/05/09 00:00:00,PM2.5,22,18,17,8,15,14,19,15,21,26,19,13,11,11,19,14,10,16,12,12,15,9,30,29,
鳳山,2023/05/09 00:00:00,RAINFALL,0,0,0,0,0,0,0,0,0,0,0,0,0,0,0,0,0,0,0,0,0,0,0,0,
鳳山,2023/05/09 00:00:00,RH,76,76,77,77,77,76,76,76,75,74,72,73,73,76,74,70,71,73,80,83,83,83,73,72,
鳳山,2023/05/09 00:00:00,SO2,2,2.3,2.5,2.4,2.7,2.9,3,2.5,2.9,3.2,3.2,2.6,2.4,2,2.1,2,2.3,3.7,2.8,2.1,1.8,1.5,2,2.2,
鳳山,2023/05/09 00:00:00,THC,2.38,2.35,2.42,2.39,2.43,2.42,2.46,2.5,2.57,2.62,2.58,2.45,2.3,2.22,2.31,2.25,2.24,2.27,2.28,2.15,2.14,2.11,2.24,2.27,
鳳山,2023/05/09 00:00:00,WD_HR,289,281,288,277,290,283,304,293,57,90,271,270,270,257,232,271,144,109,49,130,150,155,64,80,
鳳山,2023/05/09 00:00:00,WIND_DIREC,288,291,283,270,288,294,295,78,47,98,258,276,269,266,215,220,166,135,110,150,136,134,79,96,
鳳山,2023/05/09 00:00:00,WIND_SPEED,1,0.8,1,0.9,1.2,0.4,0.9,0.5,0.3,0.8,0.8,1.1,1,1,0.5,1,0.7,1.2,0.6,1.1,0.5,0.4,0.5,0.8,
鳳山,2023/05/09 00:00:00,WS_HR,0.8,0.8,0.9,0.6,0.8,0.8,0.2,0.2,0.1,0.2,0.4,0.6,0.5,0.4,0.4,0.3,0.3,0.6,0.1,0.1,0.1,0.2,0.1,0.2,
鳳山,2023/05/10 00:00:00,AMB_TEMP,24.1,24.2,24.3,24.1,24.2,24.2,24.1,25.2,27.1,28,28.3,28.7,29.3,28.9,#,28.1,28.1,27.3,26.9,26.3,26.2,26,26.2,25.8,
鳳山,2023/05/10 00:00:00,CH4,2.13,2.16,2.21,2.19,2.16,2.18,2.24,2.21,2.12,2.05,2.04,2.02,2.01,2.01,#,#,2.06,2.07,2.06,2.06,2.08,2.09,2.08,2.08,
鳳山,2023/05/10 00:00:00,CO,0.3,0.32,0.33,0.3,0.29,0.35,0.41,0.51,0.7,0.58,0.55,0.44,0.38,0.34,0.39,#,0.58,0.7,0.63,0.52,0.47,0.45,0.39,0.33,
鳳山,2023/05/10 00:00:00,NMHC,0.11,0.11,0.12,0.11,0.09,0.12,0.17,0.17,0.19,0.17,0.14,0.09,0.06,0.05,#,#,0.11,0.14,0.12,0.08,0.08,0.1,0.06,0.03,
鳳山,2023/05/10 00:00:00,NO,0.9,0.7,0.6,0.5,0.8,1,1.2,3,4.2,3.5,2.9,2.5,2.4,1.9,1.8,#,2.1,2.2,1.6,0.9,0.8,0.6,0.6,0.6,
鳳山,2023/05/10 00:00:00,NO2,10.6,11.1,13.6,13.7,11.6,13.2,15.8,17.1,20.3,17.8,13.3,10.4,9.8,7.9,8.4,#,13,15.6,13.5,12.1,13.3,14.4,13.5,8.7,
鳳山,2023/05/10 00:00:00,NOx,11.6,11.8,14.2,14.3,12.4,14.3,17,20.1,24.5,21.4,16.3,12.9,12.2,9.9,10.3,#,15.2,17.9,15.1,13.1,14.2,15,14.2,9.4,
鳳山,2023/05/10 00:00:00,O3,42.2,36.8,31.4,29.4,33.6,27.9,23.7,31.3,39.3,45.6,54.8,55.1,55.1,#,#,55.9,61,56.5,56.8,56.6,54.4,49,53.5,55.3,
鳳山,2023/05/10 00:00:00,PM10,57,53,56,57,51,47,58,63,58,53,50,41,38,39,#,#,47,41,38,42,39,47,39,32,
鳳山,2023/05/10 00:00:00,PM2.5,23,25,24,23,22,21,27,26,24,19,21,16,15,15,15,#,25,20,23,22,22,26,21,19,
鳳山,2023/05/10 00:00:00,RAINFALL,0,0,0,0,0,0,0,0,0,0,0,0,0,0,#,0,0,0,0,0,0,0,0,0,
鳳山,2023/05/10 00:00:00,RH,71,71,70,72,71,72,73,70,64,62,62,60,57,58,#,60,60,60,61,63,64,66,66,67,
鳳山,2023/05/10 00:00:00,SO2,2.1,1.7,1.8,2.1,1.9,2,2.2,2.3,2.8,3.7,2.4,1.8,1.6,1.5,1.2,#,1.4,1.4,1.4,1.4,1.4,1.9,1.7,1.3,
鳳山,2023/05/10 00:00:00,THC,2.25,2.28,2.34,2.31,2.26,2.31,2.42,2.38,2.32,2.23,2.19,2.12,2.08,2.07,#,#,2.18,2.22,2.19,2.15,2.17,2.2,2.14,2.12,
鳳山,2023/05/10 00:00:00,WD_HR,92,57,307,45,351,65,72,74,277,268,268,253,245,265,255,252,272,257,293,22,119,109,288,354,
鳳山,2023/05/10 00:00:00,WIND_DIREC,95,310,350,52,40,91,82,91,244,281,259,272,199,239,263,260,283,233,287,87,179,114,297,38,
鳳山,2023/05/10 00:00:00,WIND_SPEED,0.4,0.3,0.3,0.3,0.3,0.4,0.3,0.6,0.9,1.4,1.6,1.4,1.4,1.3,1.7,1.5,1.2,1,0.6,0.4,0.6,0.8,0.5,0.3,
鳳山,2023/05/10 00:00:00,WS_HR,0.4,0.2,0.6,0.2,0.1,0.1,0.3,0.2,0.4,0.8,0.9,0.3,0.4,0.6,0.9,0.8,1.1,0.8,0.6,0.1,0.2,0.4,0.4,0.1,
鳳山,2023/05/11 00:00:00,AMB_TEMP,25.5,25.3,25.1,24.5,24.4,24.3,24.9,26.4,27.8,28.6,29.7,30.6,30.5,30.1,29.7,29.4,29.3,28.1,27.3,26.7,25.5,25.6,25.5,25.5,
鳳山,2023/05/11 00:00:00,CH4,2.14,2.19,2.37,2.41,2.3,2.29,2.37,2.17,2.11,2.06,2.04,2.03,2.03,2.02,2.03,2.03,2.07,2.09,2.07,2.1,2.16,2.13,2.09,2.08,
鳳山,2023/05/11 00:00:00,CO,0.34,0.35,0.35,0.33,0.31,0.36,0.48,0.5,0.51,0.5,0.47,0.44,0.38,0.38,0.44,0.42,0.62,0.77,0.57,0.44,0.41,0.38,0.35,0.3,
鳳山,2023/05/11 00:00:00,NMHC,0.09,0.12,0.17,0.16,0.1,0.11,0.15,0.11,0.1,0.14,0.12,0.1,0.06,0.06,0.15,0.07,0.14,0.18,0.1,0.09,0.11,0.07,0.07,0.11,
鳳山,2023/05/11 00:00:00,NO,0.7,0.5,0.4,0.4,0.4,0.5,1.5,1.9,2.1,2.3,2.5,3.1,2.1,2.9,3.7,2.1,2,1.9,1.1,0.6,0.6,0.8,0.5,0.4,
鳳山,2023/05/11 00:00:00,NO2,10.5,10.1,10.6,10.3,8.6,10.6,14.1,12.4,12.1,16.8,12.5,13.5,9.7,12.2,16.6,11.1,13.5,17.9,13.3,11.5,10.6,10.6,8.7,7.5,
鳳山,2023/05/11 00:00:00,NOx,11.2,10.7,11.1,10.7,9.1,11.2,15.7,14.3,14.3,19.2,15.1,16.6,11.8,15.1,20.4,13.3,15.6,19.9,14.4,12.2,11.2,11.4,9.2,7.9,
鳳山,2023/05/11 00:00:00,O3,47.4,46.9,37.5,33.8,31.1,20.7,18.2,40.1,50.2,52,57.8,50,51.8,42.7,41.7,54.2,56.6,54.1,62.5,50.8,39.9,43,43.1,44.3,
鳳山,2023/05/11 00:00:00,PM10,37,42,42,47,45,47,48,42,38,41,37,35,35,23,38,37,46,46,42,42,41,38,36,33,
鳳山,2023/05/11 00:00:00,PM2.5,22,23,26,29,26,23,30,24,19,16,18,15,10,10,16,21,25,25,23,23,28,28,23,20,
鳳山,2023/05/11 00:00:00,RAINFALL,0,0,0,0,0,0,0,0,0,0,0,0,0,0,0,0,0,0,0,0,0,0,0,0,
鳳山,2023/05/11 00:00:00,RH,70,72,75,80,82,83,82,72,61,56,52,49,49,51,54,56,57,61,66,71,83,82,83,83,
鳳山,2023/05/11 00:00:00,SO2,1.6,1.2,1.2,1.1,1.1,1,1,1.3,1.2,1.5,1.4,1.6,1.4,1.5,1.6,1.5,1.3,1.3,1.5,1.8,3.8,3.1,1.5,1.2,
鳳山,2023/05/11 00:00:00,THC,2.24,2.31,2.55,2.58,2.41,2.41,2.53,2.29,2.21,2.21,2.17,2.14,2.1,2.09,2.19,2.11,2.22,2.28,2.18,2.2,2.28,2.21,2.17,2.2,
鳳山,2023/05/11 00:00:00,WD_HR,63,87,81,90,86,78,84,74,256,268,262,265,260,268,283,264,278,292,299,96,109,112,110,96,
鳳山,2023/05/11 00:00:00,WIND_DIREC,37,81,94,87,77,80,77,153,290,266,283,264,240,250,294,276,292,298,96,111,139,115,89,82,
鳳山,2023/05/11 00:00:00,WIND_SPEED,0.3,0.3,0.4,0.6,0.4,0.3,0.5,0.5,1.1,1,1.1,1.5,1.2,1.5,1.4,1.6,1.5,1.2,0.5,0.6,0.5,0.6,0.7,0.4,
鳳山,2023/05/11 00:00:00,WS_HR,0.2,0.4,0.3,0.3,0.5,0.3,0.4,0.3,0.2,0.4,0.7,0.7,0.8,1.1,1.1,1.2,1.1,1,0.3,0.2,0.5,0.3,0.5,0.5,
鳳山,2023/05/12 00:00:00,AMB_TEMP,25.7,25.9,25.1,24.6,24.6,24.6,24.9,25.7,26.2,26.9,28.2,29.3,30.1,29.9,29.6,29.8,29.3,28.5,27.6,27.3,27.1,26.5,26.3,25.4,
鳳山,2023/05/12 00:00:00,CH4,2.1,2.08,2.4,2.36,2.31,2.39,2.3,2.19,2.16,2.1,2.04,2.04,2.05,2.06,2.06,2.04,2.05,2.05,2.04,2.04,2.05,2.09,2.11,2.17,
鳳山,2023/05/12 00:00:00,CO,0.3,0.25,0.29,0.29,0.27,0.3,0.36,0.53,0.57,0.54,0.58,0.48,0.49,0.43,0.46,0.59,0.78,0.85,0.78,0.63,0.52,0.42,0.35,0.31,
鳳山,2023/05/12 00:00:00,NMHC,0.08,0.02,0.08,0.06,0.06,0.08,0.09,0.14,0.16,0.15,0.12,0.11,0.11,0.08,0.08,0.14,0.2,0.19,0.17,0.12,0.1,0.09,0.06,0.04,
鳳山,2023/05/12 00:00:00,NO,0.4,0.4,0.4,0.4,0.4,0.3,0.6,1.3,2.1,2.3,2.7,2.3,2.2,2.3,2.3,3.4,3.7,3,2.3,2.4,1.9,1,0.7,0.5,
鳳山,2023/05/12 00:00:00,NO2,8.4,8.6,9.2,9.1,8,9.4,10.8,15.2,18.4,18.7,15.6,12.5,12.6,12.4,9.3,11.9,18.3,19.9,15.7,14.4,13,10.5,9.3,8.7,
鳳山,2023/05/12 00:00:00,NOx,8.8,9,9.7,9.5,8.4,9.8,11.4,16.6,20.5,21.1,18.3,14.8,14.8,14.8,11.6,15.3,22.1,23,18,16.9,14.9,11.5,10.1,9.2,
鳳山,2023/05/12 00:00:00,O3,43,38.1,22.9,24.2,26.6,21.9,24.1,25.3,22.5,29.5,40.4,50,55,50.9,51.3,41.5,41.1,41.3,41.7,38,34.9,32.9,34.6,32,
鳳山,2023/05/12 00:00:00,PM10,31,30,34,38,29,31,34,35,37,38,38,38,42,42,39,37,37,48,38,37,44,37,37,37,
鳳山,2023/05/12 00:00:00,PM2.5,19,21,18,22,23,26,25,22,22,19,19,14,22,18,18,18,16,26,19,21,15,23,21,21,
鳳山,2023/05/12 00:00:00,RAINFALL,0,0,0,0,0,0,0,0,0,0,0,0,0,0,0,0,0,0,0,0,0,0,0,0,
鳳山,2023/05/12 00:00:00,RH,82,79,83,87,86,87,85,83,81,75,64,56,54,55,58,56,59,63,69,69,69,79,76,84,
鳳山,2023/05/12 00:00:00,SO2,1.6,1.2,1.1,1.1,1.1,0.8,0.8,1.1,1.2,1.4,1.3,1.3,1.3,1.4,1.2,1.2,1.1,1.1,1,1.2,1.9,1.3,1.2,0.9,
鳳山,2023/05/12 00:00:00,THC,2.19,2.11,2.49,2.43,2.37,2.48,2.4,2.34,2.33,2.26,2.17,2.16,2.17,2.15,2.15,2.19,2.26,2.25,2.22,2.17,2.16,2.19,2.18,2.22,
鳳山,2023/05/12 00:00:00,WD_HR,59,3,81,95,95,82,83,81,88,121,281,301,259,264,274,281,277,275,285,287,279,84,101,88,
鳳山,2023/05/12 00:00:00,WIND_DIREC,65,85,66,111,106,76,57,88,94,297,252,299,268,264,304,291,272,279,279,277,273,57,93,66,
鳳山,2023/05/12 00:00:00,WIND_SPEED,0.3,0.5,0.4,0.5,0.3,0.3,0.3,0.3,0.5,0.5,0.6,1.1,1.6,1.5,1.4,1.5,0.9,1,1.2,1,0.9,0.4,0.8,0.3,
鳳山,2023/05/12 00:00:00,WS_HR,0.3,0.1,0.4,0.3,0.3,0.3,0.3,0.3,0.5,0.2,0.4,0.4,0.8,1,1.1,1,0.9,0.8,1,0.9,0.6,0.3,0.4,0.3,
鳳山,2023/05/13 00:00:00,AMB_TEMP,25.6,25.7,25.4,25.1,25.4,25,24.8,25.3,26.9,28.9,30.5,30.8,30.7,30.5,30.2,29.9,29,28.3,27.9,27.4,26.7,26.2,25.5,25.5,
鳳山,2023/05/13 00:00:00,CH4,2.16,2.13,2.22,2.25,2.24,2.23,2.21,2.22,2.19,2.11,2.04,2.05,2.08,2.08,2.08,2.06,2.06,2.07,2.1,2.11,2.13,2.15,2.15,2.2,
鳳山,2023/05/13 00:00:00,CO,0.34,0.3,0.31,0.32,0.34,0.35,0.36,0.46,0.56,0.56,0.51,0.51,0.53,0.49,0.49,0.5,0.54,0.66,0.69,0.64,0.58,0.5,0.47,0.45,
鳳山,2023/05/13 00:00:00,NMHC,0.05,0.03,0.07,0.18,0.2,0.56,0.52,0.21,0.17,0.14,0.11,0.11,0.11,0.08,0.08,0.1,0.1,0.13,0.15,0.16,0.16,0.14,0.1,0.09,
鳳山,2023/05/13 00:00:00,NO,0.5,0.4,0.2,0.3,0.5,0.4,0.6,1.7,2.9,3.4,2.7,2.1,1.6,1.5,2.1,1.7,1.4,2,1.9,1.7,1.6,1.5,1.2,0.9,
鳳山,2023/05/13 00:00:00,NO2,8.4,7.2,7.4,8.8,10.1,10.2,9.8,12.4,17.3,14.9,9.8,11.8,12.9,11.7,12,11,11.4,16.2,19,16.7,16.9,15.3,12.3,15.1,
鳳山,2023/05/13 00:00:00,NOx,8.9,7.6,7.6,9.2,10.6,10.7,10.4,14.1,20.3,18.4,12.5,13.9,14.5,13.3,14.1,12.7,12.9,18.2,21,18.4,18.5,16.8,13.5,16.1,
鳳山,2023/05/13 00:00:00,O3,32.1,34.5,26.5,18.9,20.4,14.9,19.8,26.2,33.3,41.8,45.4,56.2,64.8,59.9,60.5,56.5,53.2,44,38.2,36.9,31.7,28.2,30.4,24.8,
鳳山,2023/05/13 00:00:00,PM10,38,39,40,39,38,41,40,49,43,41,36,35,42,39,45,42,42,41,41,43,48,44,42,37,
鳳山,2023/05/13 00:00:00,PM2.5,22,26,24,25,24,24,27,34,29,20,12,16,24,25,27,26,25,21,23,30,23,19,21,23,
鳳山,2023/05/13 00:00:00,RAINFALL,0,0,0,0,0,0,0,0,0,0,0,0,0,0,0,0,0,0,0,0,0,0,0,0,
鳳山,2023/05/13 00:00:00,RH,83,82,84,86,83,83,82,82,71,57,48,47,49,53,57,59,61,64,65,71,76,80,84,85,
鳳山,2023/05/13 00:00:00,SO2,0.9,1.4,1.3,1.2,1.5,1.3,1.4,2.2,2.9,2.2,1.9,2.5,3.1,2.4,2.9,2.8,2.1,2.7,2.8,2.2,2.2,2.5,2,1.9,
鳳山,2023/05/13 00:00:00,THC,2.22,2.17,2.3,2.44,2.45,2.8,2.74,2.44,2.37,2.26,2.16,2.17,2.2,2.17,2.17,2.17,2.17,2.21,2.26,2.28,2.3,2.3,2.26,2.3,
鳳山,2023/05/13 00:00:00,WD_HR,348,13,79,50,345,70,97,327,296,283,282,286,284,284,286,292,289,284,289,279,276,285,275,293,
鳳山,2023/05/13 00:00:00,WIND_DIREC,341,34,48,9,66,54,120,291,313,287,292,260,288,285,285,295,282,275,289,265,270,270,268,295,
鳳山,2023/05/13 00:00:00,WIND_SPEED,0.3,0.3,0.3,0.3,0.3,0.3,0.7,0.8,0.5,1.3,1.5,1.2,1.3,1.5,1.3,1.3,0.9,1.2,0.7,0.7,0.9,0.8,0.6,0.6,
鳳山,2023/05/13 00:00:00,WS_HR,0.1,0.2,0.3,0.2,0.1,0.2,0.2,0,0.2,0.5,0.8,0.9,0.9,1,1.1,1.1,1,1.1,0.6,0.8,0.6,0.5,0.4,0.4,
鳳山,2023/05/14 00:00:00,AMB_TEMP,25.3,25.2,25.1,25.2,25.2,25,25.2,25.7,26,26.4,26.9,27,27.8,28.7,28.6,28.2,28.1,27.8,26.6,25.8,25.5,25.2,24.9,24.5,
鳳山,2023/05/14 00:00:00,CH4,2.21,2.22,2.2,2.21,2.22,2.32,2.53,2.48,2.43,2.32,2.29,2.26,2.22,2.23,2.22,2.15,2.17,2.19,2.25,2.22,2.19,2.19,2.21,2.25,
鳳山,2023/05/14 00:00:00,CO,0.41,0.47,0.38,0.34,0.33,0.35,0.41,0.5,0.51,0.62,0.72,0.67,0.61,0.64,0.68,0.58,0.78,0.83,0.67,0.58,0.65,0.61,0.43,0.41,
鳳山,2023/05/14 00:00:00,NMHC,0.08,0.08,0.12,0.07,0.08,0.09,0.1,0.14,0.15,0.18,0.2,0.18,0.17,0.15,0.14,0.11,0.15,0.19,0.19,0.15,0.2,0.18,0.11,0.08,
鳳山,2023/05/14 00:00:00,NO,0.6,0.7,0.7,0.7,0.7,0.9,1.3,2.3,2.1,1.9,2.1,2.2,1.1,1.4,1.6,1.4,1.2,1.8,1,0.8,0.8,0.8,0.7,0.6,
鳳山,2023/05/14 00:00:00,NO2,12.8,10.6,10.7,7.3,7.2,8.1,10.7,12.1,12.8,14.6,15.8,14.4,12.1,14,16.3,12.7,16.3,20.5,17.5,14.2,13.7,13.4,10.2,8.2,
鳳山,2023/05/14 00:00:00,NOx,13.4,11.3,11.4,8,8,9.1,12.1,14.5,14.9,16.5,17.9,16.6,13.3,15.5,18,14.2,17.5,22.3,18.6,15.1,14.5,14.2,11,8.9,
鳳山,2023/05/14 00:00:00,O3,26.6,26.3,25,26.6,21.5,13.9,11.3,14.9,16.6,26.6,35.7,42.5,63.1,72.2,61,63,59.9,54.2,49.9,50.3,52.5,45.5,36.8,43,
鳳山,2023/05/14 00:00:00,PM10,42,50,45,44,38,42,42,48,52,61,58,63,52,54,46,33,36,44,51,47,52,50,37,36,
鳳山,2023/05/14 00:00:00,PM2.5,21,29,24,29,28,24,30,29,37,46,45,47,38,42,26,21,18,24,37,41,46,38,27,35,
鳳山,2023/05/14 00:00:00,RAINFALL,0,0,0,0,0,0,0,0,0,0,0,0,0,0,0,0,0,0,0,0,0,0,0,0,
鳳山,2023/05/14 00:00:00,RH,86,86,86,85,86,87,87,85,85,82,77,75,69,63,60,62,63,67,76,83,83,87,88,88,
鳳山,2023/05/14 00:00:00,SO2,1.5,1.6,2.1,1.6,1.6,1.2,1.5,1.7,2,2.2,2.2,2.3,2.2,2.3,2.3,2,2.1,2.7,9.1,8,2,1.6,2.4,10.3,
鳳山,2023/05/14 00:00:00,THC,2.3,2.31,2.32,2.29,2.31,2.42,2.64,2.62,2.59,2.51,2.5,2.45,2.4,2.38,2.37,2.27,2.33,2.39,2.45,2.38,2.4,2.38,2.32,2.34,
鳳山,2023/05/14 00:00:00,WD_HR,284,283,78,69,50,90,49,32,96,88,108,205,93,139,284,290,286,291,88,106,100,99,90,105,
鳳山,2023/05/14 00:00:00,WIND_DIREC,295,290,352,52,87,13,79,49,109,112,106,157,4,277,272,272,281,89,89,91,90,82,119,98,
鳳山,2023/05/14 00:00:00,WIND_SPEED,0.4,0.4,0.3,0.3,0.3,0.3,0.3,0.3,0.6,0.6,0.8,0.8,0.7,0.9,0.8,0.7,0.9,0.6,0.7,0.7,0.9,0.9,0.5,1.3,
鳳山,2023/05/14 00:00:00,WS_HR,0.4,0.6,0.1,0.2,0.1,0.3,0.2,0.1,0.3,0.3,0.3,0,0.4,0.1,0.7,0.5,0.5,0.4,0.7,0.5,0.6,0.5,0.7,0.6,
鳳山,2023/05/15 00:00:00,AMB_TEMP,24.3,24.5,24.6,24.5,24.4,24.3,24.4,24,24.3,25.5,26.8,27.2,27.6,27.2,27.2,27.1,26.3,26.4,26.3,26.4,26.2,26.1,25.2,24.6,
鳳山,2023/05/15 00:00:00,CH4,2.23,2.25,2.17,2.23,2.23,2.26,2.43,2.39,2.1,2.04,2.05,2.07,2.05,2.05,#,#,2.04,2.06,2.07,2.11,2.08,2.07,2.05,2.11,
鳳山,2023/05/15 00:00:00,CO,0.37,0.36,0.34,0.34,0.34,0.34,0.47,0.58,0.39,0.43,0.55,0.77,0.63,0.61,0.55,0.68,0.79,0.95,0.88,1.05,0.83,0.67,0.43,0.37,
鳳山,2023/05/15 00:00:00,NMHC,0.05,0.04,0.04,0.06,0.05,0.05,0.1,0.1,0.06,0.08,0.18,0.29,0.2,0.19,#,#,0.21,0.24,0.22,0.28,0.19,0.16,0.09,0.11,
鳳山,2023/05/15 00:00:00,NO,0.6,0.6,0.4,0.3,0.3,0.5,0.7,2.5,1.3,1.8,2.2,2.7,2.7,1.7,2.3,2,3.6,1.9,1.4,1.7,1.3,1.5,0.8,0.4,
鳳山,2023/05/15 00:00:00,NO2,6.4,5.5,5.1,5.1,5.6,6.7,9.9,12.6,8.8,10.6,17,30.7,24.5,22.3,22.6,27.1,31.9,26.9,29.5,32.3,22.9,19.3,10.7,10.1,
鳳山,2023/05/15 00:00:00,NOx,7.1,6.1,5.5,5.4,6,7.3,10.7,15.1,10.1,12.4,19.3,33.5,27.3,24.1,24.9,29.2,35.5,28.8,30.9,34,24.2,20.8,11.5,10.6,
鳳山,2023/05/15 00:00:00,O3,49.4,45.5,42.8,37.4,36.1,32.9,25.3,23.9,40.4,42.3,51.3,56.8,59.1,55.2,52,41.8,31.5,47.6,45.3,34.9,42.6,43.3,48.8,44.4,
鳳山,2023/05/15 00:00:00,PM10,30,35,30,30,28,16,34,30,14,13,18,32,21,25,#,30,22,31,38,33,23,20,12,22,
鳳山,2023/05/15 00:00:00,PM2.5,28,26,16,28,18,13,22,21,12,12,8,14,13,#,#,#,2,18,14,19,18,8,10,16,
鳳山,2023/05/15 00:00:00,RAINFALL,0,0,0,0,0.5,0,0,0,0,0,0,0,0,0,0,0,0,0,0,0,0,0,0.5,0,
鳳山,2023/05/15 00:00:00,RH,87,87,88,87,87,87,88,89,86,80,73,73,73,77,78,80,84,83,83,82,82,83,88,91,
鳳山,2023/05/15 00:00:00,SO2,2.1,1.4,1.3,1.8,2.7,7.1,3.2,2.3,1.6,2.9,3.4,4.8,4.5,4.4,3.4,2.7,2.2,2.1,2.5,2.2,1.8,2,1.7,1.4,
鳳山,2023/05/15 00:00:00,THC,2.29,2.3,2.22,2.3,2.29,2.32,2.54,2.5,2.16,2.13,2.24,2.37,2.26,2.25,#,#,2.26,2.31,2.3,2.4,2.28,2.24,2.15,2.23,
鳳山,2023/05/15 00:00:00,WD_HR,104,110,64,77,35,98,108,132,98,103,145,254,281,243,260,275,270,301,294,280,284,282,277,110,
鳳山,2023/05/15 00:00:00,WIND_DIREC,112,103,337,96,11,89,89,101,127,165,127,203,270,233,236,267,294,278,35,290,334,281,62,127,
鳳山,2023/05/15 00:00:00,WIND_SPEED,0.7,0.9,0.3,0.6,0.3,0.6,0.9,1.3,0.8,0.4,0.8,0.7,0.9,0.8,0.6,0.8,0.3,0.5,0.3,0.5,0.3,0.8,0.3,0.4,
鳳山,2023/05/15 00:00:00,WS_HR,0.5,0.4,0.2,0.2,0.1,0.4,0.5,0.5,0.6,0.3,0.4,0.3,0.3,0.3,0.2,0.5,0.4,0.2,0.1,0.4,0.2,0.4,0.2,0.1,
鳳山,2023/05/16 00:00:00,AMB_TEMP,24.5,24.5,24.5,24.3,24.4,24.7,24.7,25.3,26.5,27.6,29.4,30.6,30.5,30.1,30.7,29.4,28.8,28.6,28.4,27.8,27.4,27.2,27.1,26.6,
鳳山,2023/05/16 00:00:00,CH4,2.12,2.15,2.18,2.18,2.22,2.26,2.22,2.19,2.22,2.13,2.06,2.05,2.07,2.15,2.12,2.11,2.08,2.11,2.1,2.14,2.17,2.17,2.18,2.22,
鳳山,2023/05/16 00:00:00,CO,0.35,0.35,0.35,0.34,0.37,0.39,0.43,0.82,0.8,0.67,0.36,0.42,0.47,0.73,0.63,0.68,0.77,0.89,0.98,0.61,0.5,0.41,0.43,0.43,
鳳山,2023/05/16 00:00:00,NMHC,0.11,0.1,0.06,0.05,0.07,0.11,0.11,0.2,0.31,0.16,0.08,0.1,0.11,0.22,0.16,0.18,0.18,0.21,0.25,0.17,0.15,0.1,0.11,0.16,
鳳山,2023/05/16 00:00:00,NO,0.4,0.6,0.6,0.6,0.7,0.7,1.1,5.5,10.3,3.7,1.9,1.8,1.3,1.8,1.7,1.7,2.7,2.2,2.4,1.7,1.1,0.7,0.6,0.7,
鳳山,2023/05/16 00:00:00,NO2,8.3,6.7,5.6,4.8,5.7,7,9.1,15.9,26.7,15.2,5.5,7.5,10.1,19.3,13.2,16.3,19.6,20.2,21.6,17.1,11.9,9.4,9.3,11.3,
鳳山,2023/05/16 00:00:00,NOx,8.8,7.3,6.2,5.5,6.5,7.7,10.3,21.5,37,18.9,7.4,9.3,11.5,21.2,14.9,18,22.4,22.5,24,18.9,13,10.1,9.9,12.1,
鳳山,2023/05/16 00:00:00,O3,43,42.4,40.9,39.2,33.6,28.5,21.8,18.7,20.3,40.7,50.4,51.3,63,64.6,70.3,65.7,48.6,48.6,44.7,44,45.9,56.7,53.9,44.9,
鳳山,2023/05/16 00:00:00,PM10,23,22,28,30,25,27,36,34,45,46,24,19,23,38,37,44,42,35,35,42,49,49,42,48,
鳳山,2023/05/16 00:00:00,PM2.5,19,21,23,25,29,24,23,20,21,25,14,8,7,26,18,22,23,25,15,30,36,29,38,37,
鳳山,2023/05/16 00:00:00,RAINFALL,0.5,0,0,0,0,0,0,0,0,0,0,0,0,0,0,0,0,0,0,0,0,0,0,0,
鳳山,2023/05/16 00:00:00,RH,92,92,92,92,92,91,91,88,83,74,67,61,59,65,64,70,72,72,72,79,83,79,74,76,
鳳山,2023/05/16 00:00:00,SO2,1.5,0.5,0.4,0.5,0.6,0.6,0.8,0.7,1.7,1.5,1.1,0.9,0.9,1,1,0.9,1,1.1,0.8,1,1.3,0.9,1.5,1.5,
鳳山,2023/05/16 00:00:00,THC,2.24,2.26,2.25,2.24,2.3,2.38,2.34,2.4,2.54,2.29,2.15,2.16,2.19,2.38,2.29,2.29,2.27,2.32,2.36,2.32,2.33,2.28,2.3,2.38,
鳳山,2023/05/16 00:00:00,WD_HR,54,327,33,60,332,48,94,259,300,210,111,200,296,294,298,289,291,292,279,59,81,86,351,60,
鳳山,2023/05/16 00:00:00,WIND_DIREC,355,300,1,107,291,94,104,282,294,132,120,91,249,292,282,281,294,291,286,64,20,85,284,56,
鳳山,2023/05/16 00:00:00,WIND_SPEED,0.3,0.3,0.3,0.4,0.3,0.3,0.9,0.7,0.9,1.1,1,0.6,0.6,0.9,1.1,0.9,1.1,0.9,0.5,0.3,0.3,0.3,0.3,0.3,
鳳山,2023/05/16 00:00:00,WS_HR,0.2,0.1,0.1,0.1,0.2,0.2,0.4,0,0.3,0,0.4,0.1,0.2,0.8,0.9,0.8,0.7,0.7,0.6,0.1,0.2,0.2,0.1,0.2,
鳳山,2023/05/17 00:00:00,AMB_TEMP,26.2,25.9,25.6,25.5,25.4,25.3,26.2,27.9,30.1,32.3,32.5,32.9,33.7,34.1,33.6,32.7,31.8,30.5,29.6,29.2,29,28.8,28.6,28.5,
鳳山,2023/05/17 00:00:00,CH4,2.24,2.26,2.29,2.23,2.2,2.26,2.23,2.17,2.18,2.18,2.15,2.11,2.03,1.97,1.98,1.97,1.97,1.98,1.98,1.98,1.99,1.98,1.99,2.02,
鳳山,2023/05/17 00:00:00,CO,0.4,0.37,0.37,0.34,0.34,0.35,0.43,0.55,0.57,0.73,0.69,0.58,0.4,0.29,0.34,0.34,0.4,0.47,0.49,0.41,0.39,0.35,0.3,0.3,
鳳山,2023/05/17 00:00:00,NMHC,0.14,0.19,0.15,0.09,0.1,0.09,0.09,0.11,0.1,0.26,0.23,0.16,0.1,0.05,0.08,0.06,0.07,0.09,0.08,0.08,0.08,0.08,0.07,0.1,
鳳山,2023/05/17 00:00:00,NO,0.8,0.9,0.7,0.5,0.6,0.6,1.3,2.3,2.1,2.7,2.9,2.2,2.2,4,3.6,3,3.3,3.3,2.3,2,1.3,1.2,0.7,0.9,
鳳山,2023/05/17 00:00:00,NO2,9.7,11.6,9.6,7.3,5.7,7.2,9.7,10.7,10.6,25.8,24.6,17.5,13.9,13,10.9,9.3,10.9,11.1,11.4,9.9,10.5,9.1,8.4,9.8,
鳳山,2023/05/17 00:00:00,NOx,10.5,12.5,10.3,7.9,6.3,7.8,11.1,13,12.7,28.6,27.5,19.8,16.2,17,14.6,12.3,14.2,14.4,13.7,12,11.9,10.3,9.2,10.8,
鳳山,2023/05/17 00:00:00,O3,42.4,35.4,33.7,37.9,34.3,21,23,35.9,50.8,64.8,77.6,70.6,57.2,32.7,34.6,34.6,30.4,29,28.6,29.4,28.2,29.8,27.6,25.6,
鳳山,2023/05/17 00:00:00,PM10,56,48,46,49,51,47,51,42,36,52,40,37,19,2,8,13,9,16,14,8,6,7,8,6,
鳳山,2023/05/17 00:00:00,PM2.5,36,36,35,35,30,29,31,29,20,29,23,19,12,7,0,1,6,5,4,4,5,3,2,2,
鳳山,2023/05/17 00:00:00,RAINFALL,0,0,0,0,0,0,0,0,0,0,0,0,0,0,0,0,0,0,0,0,0,0,0,0,
鳳山,2023/05/17 00:00:00,RH,77,76,76,79,87,90,88,80,66,56,56,57,54,53,56,59,63,70,77,81,83,84,83,84,
鳳山,2023/05/17 00:00:00,SO2,1.3,2.5,2.2,1.9,1.5,1.3,1.6,1.7,1.9,4.4,5.3,3.8,2.6,3.2,1.8,1.8,1.5,1.4,1.4,1.4,1.3,1.2,1.3,1.4,
鳳山,2023/05/17 00:00:00,THC,2.39,2.46,2.45,2.33,2.31,2.36,2.33,2.28,2.29,2.45,2.38,2.28,2.14,2.02,2.07,2.04,2.05,2.07,2.07,2.07,2.08,2.07,2.07,2.13,
鳳山,2023/05/17 00:00:00,WD_HR,309,320,64,49,90,92,91,111,92,262,255,271,278,252,260,282,280,294,275,287,273,295,43,44,
鳳山,2023/05/17 00:00:00,WIND_DIREC,293,40,74,52,89,87,87,78,63,244,264,272,240,284,258,269,286,298,236,295,257,26,250,78,
鳳山,2023/05/17 00:00:00,WIND_SPEED,0.5,0.3,0.3,0.3,0.4,0.5,0.8,0.4,0.5,1.3,1.4,1.5,1.3,1.3,1.2,1.7,1.2,1.1,0.7,0.7,0.6,0.3,0.4,0.4,
鳳山,2023/05/17 00:00:00,WS_HR,0.2,0.1,0.2,0.2,0.3,0.5,0.5,0.5,0.2,0.4,0.9,0.8,0.7,0.3,0.8,1,0.8,0.5,0.4,0.4,0.4,0.2,0.1,0.1,
鳳山,2023/05/18 00:00:00,AMB_TEMP,28.3,28.2,27.4,27.2,27.3,27.5,28.2,30.2,31.4,31.7,32.1,32,32.4,31.4,31.2,31.2,31,30.7,30.2,30.1,29.9,29.9,29.8,29.5,
鳳山,2023/05/18 00:00:00,CH4,2.2,2.2,2.54,2.43,2.13,2.09,2.11,2.07,1.99,1.96,1.94,1.95,1.94,1.93,1.94,1.92,1.92,1.93,1.93,1.95,1.95,1.96,1.95,1.99,
鳳山,2023/05/18 00:00:00,CO,0.29,0.26,0.25,0.23,0.2,0.24,0.35,0.74,0.53,0.41,0.39,0.5,0.36,0.28,0.33,0.35,0.49,0.62,0.57,0.58,0.49,0.45,0.33,0.28,
鳳山,2023/05/18 00:00:00,NMHC,0.11,0.12,0.09,0.07,0.04,0.06,0.09,0.22,0.14,0.1,0.12,0.14,0.08,0.05,0.08,0.07,0.12,0.16,0.15,0.15,0.12,0.1,0.06,0.07,
鳳山,2023/05/18 00:00:00,NO,0.8,0.5,0.6,0.6,0.5,0.4,1,6.7,3.4,4,4.6,4.2,3.4,2.6,3.2,3.8,4.5,5.1,4.4,3.9,3.9,3.8,1.4,0.8,
鳳山,2023/05/18 00:00:00,NO2,11.5,11.3,12.5,11.7,7.9,7.2,9.2,15.7,9.1,10.7,9,8.5,6.1,6.3,7.5,7.6,10.1,12.6,13.6,11.2,14,12.2,7,6.1,
鳳山,2023/05/18 00:00:00,NOx,12.3,11.8,13.2,12.3,8.4,7.6,10.3,22.4,12.5,14.7,13.6,12.7,9.6,8.9,10.8,11.4,14.7,17.7,18,15.1,17.9,16.1,8.4,7,
鳳山,2023/05/18 00:00:00,O3,18.7,19,9.3,10.4,14.8,15.5,14.9,15.3,25.5,22.7,22.4,22.7,23.3,23.3,18.8,19.3,15.3,12,10.4,13.4,12,14.3,21.3,18.4,
鳳山,2023/05/18 00:00:00,PM10,18,16,19,20,11,11,15,19,18,20,19,16,16,18,16,18,23,21,15,27,22,27,26,23,
鳳山,2023/05/18 00:00:00,PM2.5,4,5,11,10,5,3,2,6,9,9,7,7,6,6,6,7,5,11,10,9,11,11,19,9,
鳳山,2023/05/18 00:00:00,RAINFALL,0,0,0,0,0,0,0,0,0,0,0,0,0,0,0,0,0,0,0,0,0,0,0,0,
鳳山,2023/05/18 00:00:00,RH,85,86,88,88,86,83,81,72,69,69,69,71,70,74,76,76,77,79,82,83,84,83,83,84,
鳳山,2023/05/18 00:00:00,SO2,1.9,1.5,1.3,1.1,1.1,1.1,0.9,1.2,1.2,1.2,1.3,1.2,1.3,1.2,1.3,0.9,1.2,1,1.2,1,0.9,1.1,0.8,0.7,
鳳山,2023/05/18 00:00:00,THC,2.31,2.33,2.64,2.51,2.18,2.16,2.21,2.3,2.14,2.06,2.07,2.09,2.03,1.99,2.03,2,2.05,2.1,2.09,2.11,2.08,2.07,2.02,2.07,
鳳山,2023/05/18 00:00:00,WD_HR,71,83,86,99,97,84,60,299,269,278,277,265,271,266,270,269,271,298,292,287,277,291,315,337,
鳳山,2023/05/18 00:00:00,WIND_DIREC,31,119,55,98,91,35,78,251,245,275,277,255,275,285,266,294,261,301,281,289,284,298,326,293,
鳳山,2023/05/18 00:00:00,WIND_SPEED,0.3,0.7,0.3,0.5,0.5,0.3,0.3,0.6,1.1,1,1.6,1.5,1.4,1.1,1.9,1.7,1.3,0.8,0.9,0.6,0.5,0.5,0.4,0.6,
鳳山,2023/05/18 00:00:00,WS_HR,0.3,0.3,0.4,0.5,0.5,0.3,0.2,0.3,0.7,0.6,1.1,1.1,1.1,0.9,1,1.3,1,1,0.7,0.6,0.5,0.4,0.4,0.2,
鳳山,2023/05/19 00:00:00,AMB_TEMP,29.4,28.4,27.5,27.4,27.2,27.2,27.6,28.4,30,31.3,31.8,31.9,32.8,33.2,32.9,32.5,32.2,31.3,28,27.4,27.7,27.9,28,27.8,
鳳山,2023/05/19 00:00:00,CH4,1.98,2.04,2.49,2.45,2.21,2.31,2.25,2.17,2.1,1.97,1.93,1.93,2.04,1.95,1.95,1.95,1.95,1.96,1.98,2.01,2.03,2.07,2.04,2.09,
鳳山,2023/05/19 00:00:00,CO,0.23,0.18,0.21,0.23,0.19,0.22,0.32,0.59,0.8,0.46,0.45,0.43,0.42,0.34,0.39,0.56,0.72,0.78,0.47,0.37,0.38,0.4,0.29,0.27,
鳳山,2023/05/19 00:00:00,NMHC,0.03,0.04,0.08,0.09,0.04,0.05,0.06,0.14,0.22,0.17,0.17,0.12,0.09,0.05,0.08,0.15,0.2,0.2,0.1,0.1,0.1,0.11,0.06,0.04,
鳳山,2023/05/19 00:00:00,NO,0.6,0.6,0.5,0.6,0.7,1.5,3.9,7.2,10.9,4.6,3.3,4.4,4,3,2.8,5.3,6.7,5.9,2.1,0.8,0.7,0.7,0.7,0.6,
鳳山,2023/05/19 00:00:00,NO2,5.5,5.1,5.7,8,8.3,8.9,9.9,11.7,17.1,11.2,7.3,8.7,6.3,5.8,7.2,10,11.8,11.6,8.9,9.4,9,10.4,7.6,7.5,
鳳山,2023/05/19 00:00:00,NOx,6.1,5.8,6.3,8.7,9,10.5,13.9,19,28.1,15.9,10.7,13.1,10.4,8.9,10.1,15.4,18.5,17.5,11,10.2,9.7,11.2,8.3,8.2,
鳳山,2023/05/19 00:00:00,O3,24.3,23.2,12,7.1,5,3.3,3.8,5.1,11.5,23.6,26.3,24,24.8,26.8,25.6,21.8,19.8,17.3,25.9,25.5,23.6,21.9,24.8,22.1,
鳳山,2023/05/19 00:00:00,PM10,27,26,21,21,23,32,36,42,41,36,39,37,30,28,30,32,35,33,31,29,25,21,13,21,
鳳山,2023/05/19 00:00:00,PM2.5,10,20,10,15,8,9,17,18,25,24,21,19,16,16,17,15,17,19,16,16,10,11,8,9,
鳳山,2023/05/19 00:00:00,RAINFALL,0,3,0,0,0,0,0,0,0,0,0,0,0,0,0,0,0,0,1.5,0,0,0,0,0,
鳳山,2023/05/19 00:00:00,RH,84,89,92,92,89,88,85,85,81,76,75,74,69,66,65,67,68,73,85,86,84,82,79,80,
鳳山,2023/05/19 00:00:00,SO2,0.8,1.1,1,0.9,1.2,1.2,1.7,1.7,1.8,1.5,1.2,1.2,1,1,1.1,1,1,1.2,1.3,1.2,1.1,1.1,1.1,1.3,
鳳山,2023/05/19 00:00:00,THC,2.02,2.09,2.58,2.55,2.26,2.37,2.32,2.32,2.33,2.14,2.11,2.06,2.14,2.01,2.04,2.11,2.16,2.17,2.09,2.11,2.14,2.19,2.11,2.14,
鳳山,2023/05/19 00:00:00,WD_HR,298,303,85,68,87,84,83,88,305,257,271,269,272,271,273,281,276,279,311,103,93,80,88,79,
鳳山,2023/05/19 00:00:00,WIND_DIREC,294,76,60,68,50,85,80,74,246,283,256,286,270,268,266,284,263,281,91,107,60,83,86,104,
鳳山,2023/05/19 00:00:00,WIND_SPEED,0.3,0.3,0.3,0.3,0.3,0.4,0.5,0.5,0.8,1.4,1.8,1.6,1.8,1.6,1.5,1.3,1.5,1,0.3,0.4,0.3,0.3,0.4,0.3,
鳳山,2023/05/19 00:00:00,WS_HR,0.3,0.3,0.3,0.2,0.4,0.3,0.4,0.3,0.2,0.4,0.8,1.1,1.2,1,1.2,1.1,1.2,0.7,0,0.4,0.3,0.3,0.4,0.3,
鳳山,2023/05/20 00:00:00,AMB_TEMP,27.6,27.4,27.1,27,26.6,26.5,27.3,28.7,30.4,31.5,31.8,32.3,33,33.2,32.4,32,31.3,30.6,29.9,29.8,29.3,28.9,28.5,28.3,
鳳山,2023/05/20 00:00:00,CH4,2.17,2.21,2.54,2.6,2.51,2.42,2.28,2.15,2.11,2.03,1.99,1.98,1.96,1.97,1.96,1.97,1.98,1.98,1.98,1.98,1.99,2.03,2.17,2.31,
鳳山,2023/05/20 00:00:00,CO,0.28,0.27,0.29,0.29,0.27,0.29,0.33,0.42,0.51,0.5,0.45,0.4,0.34,0.31,0.3,0.36,0.49,0.55,0.51,0.48,0.35,0.3,0.33,0.31,
鳳山,2023/05/20 00:00:00,NMHC,0.05,0.07,0.11,0.12,0.09,0.08,0.08,0.09,0.11,0.16,0.12,0.07,0.07,0.08,0.08,0.09,0.13,0.13,0.12,0.11,0.06,0.03,0.07,0.07,
鳳山,2023/05/20 00:00:00,NO,0.3,1.1,0.8,0.8,1.1,1.4,3.4,3.3,3.3,3.9,3.7,3.3,3.3,3.4,2.8,2.5,3.6,4.2,2.9,2.1,1.9,1.2,1,0.9,
鳳山,2023/05/20 00:00:00,NO2,8.4,8.1,9.3,10.3,10.1,10.2,10.5,8.9,10.5,13.9,10.5,6.7,6.8,6.9,6,6.4,9.6,10.7,11,11.3,9,6.2,7.6,8,
鳳山,2023/05/20 00:00:00,NOx,8.8,9.3,10.1,11.2,11.3,11.6,13.9,12.3,13.8,17.9,14.2,10,10.2,10.4,8.8,8.9,13.2,14.9,13.9,13.4,10.9,7.5,8.6,9,
鳳山,2023/05/20 00:00:00,O3,18,15.4,10.6,7.9,7.7,5.9,7.7,17.6,30.7,28.6,31.4,34.4,31.1,29.1,30.2,28.8,24.8,21.7,21.5,18.5,19.8,21.7,19.3,18.1,
鳳山,2023/05/20 00:00:00,PM10,25,23,24,28,32,36,32,34,38,38,38,33,27,30,30,32,30,32,30,29,30,31,22,24,
鳳山,2023/05/20 00:00:00,PM2.5,13,10,9,12,15,16,12,19,21,16,19,19,18,17,13,16,17,17,20,17,14,12,19,12,
鳳山,2023/05/20 00:00:00,RAINFALL,0,0,0,0,0,0,0,0,0,0,0,0,0,0,0,0,0,0,0,0,0,0,0,0,
鳳山,2023/05/20 00:00:00,RH,81,83,84,85,87,87,85,81,74,71,71,68,65,64,67,69,72,75,80,81,84,85,84,85,
鳳山,2023/05/20 00:00:00,SO2,1.2,1.4,1.4,1.5,1.3,1.4,1.3,1.9,2.4,2.3,1.7,1.9,1.5,1.3,1.3,1.2,1.4,1.5,1.3,1.3,1.3,1.3,1.4,1.7,
鳳山,2023/05/20 00:00:00,THC,2.23,2.29,2.66,2.73,2.6,2.51,2.37,2.25,2.23,2.2,2.12,2.06,2.04,2.06,2.05,2.07,2.12,2.12,2.11,2.1,2.06,2.07,2.25,2.39,
鳳山,2023/05/20 00:00:00,WD_HR,76,89,71,68,91,86,99,88,126,265,262,250,267,261,270,248,270,270,262,253,120,114,102,89,
鳳山,2023/05/20 00:00:00,WIND_DIREC,88,57,65,79,100,63,113,96,273,264,274,215,260,272,277,256,281,270,189,203,114,124,95,106,
鳳山,2023/05/20 00:00:00,WIND_SPEED,0.4,0.3,0.3,0.3,0.5,0.3,0.8,0.7,1,1.2,1.5,1,1.4,1.8,1.3,1.1,0.8,1,0.7,0.3,0.8,0.7,0.6,0.7,
鳳山,2023/05/20 00:00:00,WS_HR,0.3,0.3,0.3,0.3,0.4,0.3,0.4,0.4,0.1,0.5,0.8,0.6,0.8,0.9,0.9,0.6,0.8,0.8,0.4,0.1,0.6,0.6,0.6,0.4,
鳳山,2023/05/21 00:00:00,AMB_TEMP,28.2,27.5,27,26.8,26.6,26.6,27.4,29.1,30.4,31.9,33.2,33.6,33.7,33.5,33.3,33.3,32.9,32,31,30.5,30.3,30.1,29.8,29.4,
鳳山,2023/05/21 00:00:00,CH4,2.27,2.46,2.2,2.11,2.11,2.13,2.06,2.02,1.99,1.98,1.95,1.99,1.99,1.97,1.95,1.93,1.92,1.92,1.93,1.92,1.92,1.93,1.94,1.92,
鳳山,2023/05/21 00:00:00,CO,0.28,0.27,0.22,0.2,0.19,0.22,0.26,0.32,0.35,0.41,0.33,0.44,0.36,0.31,0.3,0.32,0.33,0.42,0.46,0.45,0.38,0.41,0.32,0.18,
鳳山,2023/05/21 00:00:00,NMHC,0.08,0.08,0.03,0.03,0.03,0.04,0.05,0.05,0.06,0.1,0.06,0.08,0.05,0.04,0.04,0.05,0.06,0.08,0.09,0.09,0.07,0.14,0.15,0.09,
鳳山,2023/05/21 00:00:00,NO,0.7,0.8,0.6,0.4,0.5,0.6,1.6,2.7,1.9,2.6,1.9,2.4,2.9,2.8,3.3,3.2,3.6,4,3.3,3.7,2.6,2.9,3.3,1.4,
鳳山,2023/05/21 00:00:00,NO2,7.7,12.1,9.6,6.8,5.9,6.3,6.7,6.7,6.8,10.8,6.9,9.1,6.8,6.9,6.6,5.5,5.3,6.4,8.1,9.7,8.9,11.9,14.1,10,
鳳山,2023/05/21 00:00:00,NOx,8.5,13,10.3,7.3,6.5,6.9,8.3,9.4,8.7,13.4,8.8,11.6,9.7,9.7,10,8.8,8.9,10.5,11.5,13.4,11.5,14.9,17.4,11.4,
鳳山,2023/05/21 00:00:00,O3,16.6,7,8.1,9.9,9.1,9,9.5,15.5,26.8,29.5,34.9,37.3,30.4,26.8,23.2,19.3,16.4,14.1,12.3,8.6,8.7,7.1,4.5,9.1,
鳳山,2023/05/21 00:00:00,PM10,28,29,26,25,26,28,27,30,33,27,26,29,20,28,17,8,11,12,11,12,10,13,14,13,
鳳山,2023/05/21 00:00:00,PM2.5,13,20,13,8,8,10,13,16,20,14,14,15,12,10,7,6,5,7,8,6,4,7,8,4,
鳳山,2023/05/21 00:00:00,RAINFALL,0,0,0,0,0,0,0,0,0,0,0,0,0,0,0,0,0,0,0,0,0,0,0,0,
鳳山,2023/05/21 00:00:00,RH,86,85,86,85,84,84,80,72,69,64,57,57,56,60,58,56,57,60,66,69,70,71,74,81,
鳳山,2023/05/21 00:00:00,SO2,2.1,1.1,1,1,0.8,0.7,0.8,2.1,2,2,1.4,1.3,1.1,1.3,1,1,0.9,0.9,1.1,1,1,1.1,1.4,1.4,
鳳山,2023/05/21 00:00:00,THC,2.36,2.55,2.24,2.15,2.14,2.17,2.12,2.07,2.06,2.09,2.02,2.08,2.04,2.02,2,1.99,1.99,2.01,2.02,2.02,2,2.08,2.1,2.02,
鳳山,2023/05/21 00:00:00,WD_HR,92,96,94,93,95,89,101,97,101,275,268,252,230,264,264,264,276,275,265,270,278,272,266,272,
鳳山,2023/05/21 00:00:00,WIND_DIREC,77,95,97,92,93,93,100,130,95,211,280,267,244,252,274,258,254,292,289,179,274,311,259,254,
鳳山,2023/05/21 00:00:00,WIND_SPEED,0.4,0.4,0.6,0.7,0.4,0.5,0.5,0.8,0.8,0.8,1.4,1.4,1.5,1.2,1.8,1.3,1.5,1.2,0.8,0.4,0.4,0.5,0.6,0.8,
鳳山,2023/05/21 00:00:00,WS_HR,0.5,0.5,0.5,0.5,0.4,0.4,0.5,0.4,0.4,0.3,0.7,0.8,0.7,0.9,1,1,1,0.9,0.8,0.3,0.3,0.4,0.5,0.5,
鳳山,2023/05/22 00:00:00,AMB_TEMP,29.2,28.7,28,27.6,27.5,27.6,28.6,30,31.6,33.2,33.6,33.8,34.5,34.5,33.9,32.9,32.9,32.2,31.3,31,30.9,30.7,30.8,30.3,
鳳山,2023/05/22 00:00:00,CH4,1.92,1.99,2.51,2.53,2.14,2.04,2.05,2.08,1.96,1.92,1.92,1.92,1.91,1.9,#,1.91,1.91,1.91,1.93,1.94,1.95,1.93,1.95,1.93,
鳳山,2023/05/22 00:00:00,CO,0.16,0.18,0.25,0.25,0.22,0.26,0.27,0.43,0.54,0.47,0.54,0.53,0.35,0.3,#,#,0.56,0.64,0.64,0.64,0.52,0.4,0.35,0.18,
鳳山,2023/05/22 00:00:00,NMHC,0.05,0.05,0.11,0.11,0.07,0.06,0.07,0.13,0.14,0.13,0.15,0.14,0.09,0.06,#,0.12,0.15,0.18,0.2,0.17,0.15,0.11,0.09,0.03,
鳳山,2023/05/22 00:00:00,NO,0.8,1.2,3.2,3.1,1.7,1.3,2.7,5.5,5.4,5.2,6.5,5.4,4.2,3.7,#,5.7,7.1,8.1,6,5.6,3.8,3.5,2.8,1.7,
鳳山,2023/05/22 00:00:00,NO2,7.6,8.4,13.4,12.8,10.2,8.3,7.9,11.3,9.8,7.9,8.4,7.5,6.1,5.3,#,7.2,8.6,9.3,9.5,10.6,9.5,8.5,8.7,5,
鳳山,2023/05/22 00:00:00,NOx,8.4,9.6,16.6,15.9,11.9,9.6,10.7,16.9,15.2,13.1,14.9,12.9,10.3,9.1,#,12.9,15.8,17.4,15.5,16.2,13.4,12,11.5,6.7,
鳳山,2023/05/22 00:00:00,O3,11.3,8,0.6,0.4,2.7,5.6,7.4,13.1,14.6,17.3,15.4,17.2,18,#,13.4,11.8,11.6,10.8,9.5,7.9,8.6,9.8,11.6,15.2,
鳳山,2023/05/22 00:00:00,PM10,7,8,24,21,21,23,27,17,12,13,9,11,10,9,#,14,16,16,13,11,17,13,17,8,
鳳山,2023/05/22 00:00:00,PM2.5,2,6,8,7,8,9,7,8,5,3,2,3,4,#,#,10,6,6,3,2,6,4,2,3,
鳳山,2023/05/22 00:00:00,RAINFALL,0,0,0,0,0,0,0,0,0,0,0,0,0,#,0,0,0,0,0,0,0,0,0,0,
鳳山,2023/05/22 00:00:00,RH,85,86,86,86,85,84,79,74,66,57,55,56,54,55,56,61,61,66,69,70,71,70,69,71,
鳳山,2023/05/22 00:00:00,SO2,1.1,0.6,0.4,0.7,0.5,0.5,0.5,1,0.8,0.6,0.4,0.5,0.4,0.3,#,0,0.2,0.2,0.3,0.2,0.2,0.2,0.1,0.2,
鳳山,2023/05/22 00:00:00,THC,1.98,2.05,2.63,2.65,2.22,2.11,2.13,2.22,2.11,2.06,2.08,2.07,2.01,1.97,#,2.03,2.07,2.1,2.13,2.12,2.11,2.04,2.05,1.97,
鳳山,2023/05/22 00:00:00,WD_HR,293,92,88,83,97,99,95,83,296,284,275,292,289,287,284,274,274,280,280,290,295,295,283,293,
鳳山,2023/05/22 00:00:00,WIND_DIREC,164,103,72,90,100,128,117,328,302,275,280,277,289,276,270,273,282,275,284,298,297,11,272,294,
鳳山,2023/05/22 00:00:00,WIND_SPEED,0.3,0.6,0.5,0.3,0.5,0.5,0.6,0.8,0.8,1.3,1.1,1.2,1.6,1.5,1.7,1.5,1.3,1.3,0.9,0.7,0.5,0.4,0.9,0.6,
鳳山,2023/05/22 00:00:00,WS_HR,0.3,0.1,0.7,0.3,0.6,0.4,0.4,0.3,0.4,0.7,0.8,1,1.2,1.4,1.2,1.1,1,1,0.8,0.6,0.5,0.3,0.5,0.5,
鳳山,2023/05/23 00:00:00,AMB_TEMP,30.1,29.9,28.4,26.9,26.1,26.4,26.5,26.3,27.4,28.9,29.6,28.9,29.2,30.3,30.4,29.8,29.4,28.9,28.5,28.3,28.2,27.7,27.7,27.5,
鳳山,2023/05/23 00:00:00,CH4,1.94,1.9,1.95,1.97,1.96,1.98,2.03,2.19,2.04,2.01,1.96,1.97,1.95,1.96,1.95,1.95,1.97,1.99,2.03,2.03,2.03,2.07,2.09,2.09,
鳳山,2023/05/23 00:00:00,CO,0.16,0.12,0.12,0.14,0.13,0.16,0.26,0.41,0.5,0.55,0.43,0.72,0.36,0.34,0.29,0.38,0.58,0.72,0.82,0.71,0.49,0.43,0.48,0.4,
鳳山,2023/05/23 00:00:00,NMHC,0.01,0,0,0.02,0.01,0.04,0.08,0.11,0.12,0.15,0.12,0.25,0.11,0.12,0.1,0.12,0.16,0.19,0.22,0.18,0.13,0.16,0.19,0.15,
鳳山,2023/05/23 00:00:00,NO,1.3,0.5,0.7,0.4,0.5,0.4,0.7,2.1,3.1,4.3,3.1,5.4,3.1,2.7,3.3,3,4.9,3.8,3.3,2,0.9,0.7,0.5,0.3,
鳳山,2023/05/23 00:00:00,NO2,4.6,2.4,2.4,3,3.6,3.9,6.3,9.6,10,13.2,11.1,23,10.4,11.2,11.7,12.6,21.5,18.2,19.3,17.7,12.8,10.8,10.3,10,
鳳山,2023/05/23 00:00:00,NOx,6,2.9,3.2,3.5,4.1,4.3,7.1,11.7,13.1,17.5,14.3,28.5,13.5,13.9,15,15.6,26.4,22,22.6,19.8,13.7,11.6,10.8,10.3,
鳳山,2023/05/23 00:00:00,O3,16,18,17.8,20.7,19.5,18.7,13.4,12.8,16.8,18.6,25.8,21.5,32.9,36.5,31.1,27.6,20.2,23,30.3,39.7,42.5,38.4,38.9,35.3,
鳳山,2023/05/23 00:00:00,PM10,11,12,10,11,8,9,6,9,9,16,11,19,14,17,11,14,21,17,38,56,55,61,63,63,
鳳山,2023/05/23 00:00:00,PM2.5,2,2,2,5,6,4,4,3,4,5,5,9,7,5,2,6,9,6,13,26,25,28,29,32,
鳳山,2023/05/23 00:00:00,RAINFALL,0,0,0,2.5,26,0,2,0,0,0,0,0,0,0,0,0,0,0,0,0,0,0,0,0,
鳳山,2023/05/23 00:00:00,RH,74,76,85,89,94,92,93,93,88,84,80,84,81,73,71,73,74,77,81,79,79,82,82,83,
鳳山,2023/05/23 00:00:00,SO2,0,0.5,0.3,0.4,0.4,0.5,0.6,0.6,0.7,0.7,1,2.3,1.7,1.6,2.1,1.8,1.2,0.9,0.6,0.6,0.7,1,1.5,1.3,
鳳山,2023/05/23 00:00:00,THC,1.96,1.9,1.96,1.99,1.98,2.03,2.12,2.3,2.17,2.17,2.08,2.22,2.07,2.09,2.05,2.08,2.14,2.19,2.26,2.22,2.16,2.24,2.29,2.25,
鳳山,2023/05/23 00:00:00,WD_HR,299,335,290,135,293,94,99,99,129,298,135,272,110,223,154,278,267,278,291,285,341,79,90,59,
鳳山,2023/05/23 00:00:00,WIND_DIREC,288,42,57,140,290,84,92,78,114,100,217,176,129,299,229,268,276,283,283,283,86,71,61,335,
鳳山,2023/05/23 00:00:00,WIND_SPEED,0.4,0.3,0.3,0.8,0.9,0.5,0.8,0.4,0.4,0.8,0.9,0.5,1.6,1.4,1.1,0.9,1.1,0.8,0.8,0.8,0.4,0.3,0.3,0.3,
鳳山,2023/05/23 00:00:00,WS_HR,0.4,0.2,0.2,0.1,0.4,0.4,0.4,0.4,0.1,0.2,0.4,0.1,0.5,0.4,0.3,0.4,0.6,0.7,0.8,0.5,0.1,0.2,0.3,0.1,
鳳山,2023/05/24 00:00:00,AMB_TEMP,27.4,27.5,27.2,26.7,26.5,26.7,27,27.8,28.8,30.2,31.1,31.3,31.5,31.5,30.6,29.9,29.2,28.8,28.8,28.7,28.5,28.4,28.2,28,
鳳山,2023/05/24 00:00:00,CH4,2.12,2.17,2.23,2.21,2.24,2.27,2.27,2.22,2.12,2.09,2.05,2.04,2.01,2.05,2.05,2.03,2.03,2.03,2.04,2.05,2.06,2.08,2.11,2.15,
鳳山,2023/05/24 00:00:00,CO,0.47,0.37,0.34,0.31,0.34,0.37,0.43,0.62,0.61,0.45,0.53,0.52,0.39,0.4,0.47,0.49,0.7,0.74,0.72,0.62,0.44,0.48,0.44,0.43,
鳳山,2023/05/24 00:00:00,NMHC,0.18,0.18,0.15,0.15,0.16,0.17,0.18,0.27,0.21,0.11,0.14,0.17,0.07,0.07,0.08,0.08,0.15,0.18,0.17,0.17,0.15,0.19,0.18,0.17,
鳳山,2023/05/24 00:00:00,NO,0.2,0.1,0.2,0.4,0.3,0.4,0.6,2.3,3.9,2.5,1.5,1.9,1.7,1.4,1.5,1.3,1.3,2.2,1.3,2.6,0.5,0.7,0.4,0.4,
鳳山,2023/05/24 00:00:00,NO2,9.7,10.7,9.8,8.5,9.3,11.2,13.1,20.7,21,14.6,13.4,13.6,9.6,8.7,9.4,9.3,14.7,16.2,17.4,18.8,15.3,15.1,14.4,14.1,
鳳山,2023/05/24 00:00:00,NOx,9.9,10.9,10.1,9,9.6,11.6,13.8,23,25,17.2,14.9,15.6,11.4,10.1,10.9,10.7,16.1,18.4,18.8,21.4,15.9,15.8,14.8,14.5,
鳳山,2023/05/24 00:00:00,O3,34,31.2,25.1,27.2,25.2,22.9,21.9,24.6,34,47.9,57.8,53.7,53.6,61.3,57.7,55.2,48.5,46,42.8,37.5,37.4,33.6,30.8,29.6,
鳳山,2023/05/24 00:00:00,PM10,64,60,64,62,65,80,84,84,74,68,46,45,40,58,61,54,58,56,51,49,52,53,54,58,
鳳山,2023/05/24 00:00:00,PM2.5,30,26,23,30,39,35,39,36,32,29,20,19,13,26,25,23,22,20,17,21,19,25,25,21,
鳳山,2023/05/24 00:00:00,RAINFALL,0,0,0,0,0,0,0,0,0,0,0,0,0,0,0,0,0,0,0,0,0,0,0,0,
鳳山,2023/05/24 00:00:00,RH,84,83,85,86,86,85,84,81,73,67,64,64,65,65,68,70,72,73,74,74,76,76,78,80,
鳳山,2023/05/24 00:00:00,SO2,1.4,1.5,1.4,1.4,1.8,1.8,2,2.7,3.1,2.2,1.6,1.9,1.6,1.6,1.5,1.2,1.3,1.2,1.1,1.4,2.3,1.8,2.3,1.9,
鳳山,2023/05/24 00:00:00,THC,2.31,2.36,2.39,2.37,2.41,2.44,2.46,2.5,2.34,2.21,2.2,2.21,2.09,2.12,2.14,2.12,2.19,2.22,2.22,2.23,2.21,2.28,2.3,2.33,
鳳山,2023/05/24 00:00:00,WD_HR,308,13,84,74,85,51,82,351,285,103,262,247,236,276,282,274,286,265,301,350,81,28,57,40,
鳳山,2023/05/24 00:00:00,WIND_DIREC,325,83,92,349,74,81,73,272,292,142,238,234,217,278,278,293,309,313,37,50,100,63,347,90,
鳳山,2023/05/24 00:00:00,WIND_SPEED,0.4,0.3,0.3,0.3,0.3,0.3,0.3,0.4,0.7,0.8,1.2,1.5,1.6,1.8,1.4,1.3,0.7,0.5,0.3,0.3,0.5,0.3,0.3,0.3,
鳳山,2023/05/24 00:00:00,WS_HR,0.1,0.1,0.3,0.2,0.2,0.1,0.3,0.1,0.5,0.5,0.3,0.6,0.7,1,1,1,0.9,0.5,0.3,0.1,0.2,0.1,0.2,0.1,
鳳山,2023/05/25 00:00:00,AMB_TEMP,27.6,27.2,27.2,27.5,27.5,26.9,27.3,28.4,30.6,31.5,32.2,33.4,34.4,34.5,33.8,33,32.5,31.3,30.2,29,28.5,28.6,28.1,28.1,
鳳山,2023/05/25 00:00:00,CH4,2.17,2.15,2.15,2.16,2.22,2.38,2.33,2.3,2.14,2.08,2.06,2.13,2.09,2.06,2.03,2,1.99,1.99,2.05,2.1,2.17,2.26,2.33,2.49,
鳳山,2023/05/25 00:00:00,CO,0.35,0.27,0.27,0.28,0.3,0.33,0.45,0.63,0.66,0.75,0.46,0.66,0.58,0.49,0.49,0.48,0.65,0.75,0.67,0.4,0.41,0.42,0.39,0.4,
鳳山,2023/05/25 00:00:00,NMHC,0.14,0.08,0.1,0.1,0.16,0.19,0.27,0.22,0.21,0.4,0.19,0.2,0.14,0.12,0.12,0.11,0.16,0.19,0.18,0.12,0.13,0.14,0.11,0.15,
鳳山,2023/05/25 00:00:00,NO,0.1,0.5,0.5,0.5,0.6,0.8,1.4,3.5,4.5,3,2.1,2.2,1.5,1.6,2.3,2,3.8,4.7,3.2,0.9,0.6,0.6,0.6,0.8,
鳳山,2023/05/25 00:00:00,NO2,12.3,7,6.4,6.2,7.8,9.9,9.3,14.6,19.3,12.5,11.8,17.6,15,11.8,11.2,10.3,14,14.6,15.2,11.6,12.1,14.1,12.2,13.3,
鳳山,2023/05/25 00:00:00,NOx,12.5,7.5,7,6.8,8.4,10.7,10.8,18.1,23.9,15.6,13.9,19.9,16.5,13.5,13.6,12.3,17.8,19.3,18.4,12.5,12.7,14.7,12.9,14.2,
鳳山,2023/05/25 00:00:00,O3,25.2,32.2,36.8,37.8,31.8,20.9,24.5,26.3,34.1,43.7,53,79.3,82.1,71.7,56.4,47.5,33.5,28.6,29.6,41.7,35.2,29.1,24.3,17.4,
鳳山,2023/05/25 00:00:00,PM10,49,47,55,58,61,57,59,61,53,x,37,58,50,45,35,30,23,27,24,16,25,32,35,36,
鳳山,2023/05/25 00:00:00,PM2.5,21,21,25,20,21,24,28,30,27,x,18,29,24,22,17,14,14,12,11,10,13,15,13,16,
鳳山,2023/05/25 00:00:00,RAINFALL,0,0,0,0,0,0,0,0,0,0,0,0,0,0,0,0,0,0,0,0,0,0,0,0,
鳳山,2023/05/25 00:00:00,RH,82,83,83,82,83,85,85,81,70,64,60,57,54,54,56,57,58,64,67,71,75,77,82,83,
鳳山,2023/05/25 00:00:00,SO2,1.5,1.7,1.9,2.1,2.1,1.8,1.8,2.5,3.3,3,2.1,2.6,2.6,2.7,2.4,1.5,1.3,1.4,1.6,1.7,2.9,4.5,2,3,
鳳山,2023/05/25 00:00:00,THC,2.32,2.24,2.26,2.27,2.39,2.58,2.61,2.53,2.36,2.49,2.26,2.34,2.24,2.19,2.16,2.12,2.16,2.19,2.24,2.22,2.31,2.41,2.45,2.65,
鳳山,2023/05/25 00:00:00,WD_HR,84,94,65,19,348,92,64,284,271,308,359,286,283,291,284,290,284,281,308,105,82,96,102,83,
鳳山,2023/05/25 00:00:00,WIND_DIREC,86,58,62,290,72,61,105,281,68,108,281,325,279,296,288,263,283,298,94,95,92,99,73,84,
鳳山,2023/05/25 00:00:00,WIND_SPEED,0.4,0.4,0.3,0.4,0.3,0.3,0.3,1.1,0.6,0.8,1.1,1.2,1.5,1.7,1.3,1.5,1.7,1.2,0.8,0.7,0.7,0.6,0.3,0.3,
鳳山,2023/05/25 00:00:00,WS_HR,0.3,0.4,0.2,0.1,0.1,0.3,0.1,0.4,0.3,0.1,0.1,0.8,1,1.2,1.1,1.2,1.2,0.9,0.2,0.6,0.5,0.6,0.4,0.3,
鳳山,2023/05/26 00:00:00,AMB_TEMP,27.6,27.3,26.9,27,26.9,26.9,27.5,28.7,30.7,31.5,30.9,31.8,31.3,32.9,32.8,32.6,31.9,30.8,30.2,30.1,29.9,28.7,27.1,27,
鳳山,2023/05/26 00:00:00,CH4,2.48,2.42,2.16,2.21,2.21,2.25,2.27,2.26,2.17,2.08,2.03,2.02,2.05,2.01,1.99,2,2,2.01,2.01,2.01,2.01,2.02,2.09,2.06,
鳳山,2023/05/26 00:00:00,CO,0.33,0.28,0.25,0.23,0.23,0.26,0.33,0.42,0.71,0.71,0.66,0.6,0.6,0.45,0.45,0.55,0.71,0.89,0.84,0.76,0.53,0.41,0.33,0.29,
鳳山,2023/05/26 00:00:00,NMHC,0.13,0.08,0.05,0.05,0.04,0.07,0.07,0.11,0.15,0.18,0.22,0.17,0.14,0.1,0.11,0.15,0.17,0.22,0.2,0.19,0.15,0.09,0.09,0.07,
鳳山,2023/05/26 00:00:00,NO,0.8,0.9,0.6,0.8,0.7,0.9,2,2.7,4,4.3,3.1,3.5,3.1,2.4,3.2,4,3.4,3.8,3.5,3.8,2.1,1.9,0.8,0.8,
鳳山,2023/05/26 00:00:00,NO2,12,9.6,7.2,7,7.2,7.9,9,9.1,14.4,19.5,14.8,12.9,13.3,9.3,10.1,14.3,12.7,17.3,15.8,16.7,13.9,11.1,9.1,8.4,
鳳山,2023/05/26 00:00:00,NOx,12.9,10.5,7.9,7.9,7.9,8.9,11.1,11.8,18.4,23.9,17.9,16.4,16.4,11.8,13.3,18.3,16.2,21.1,19.3,20.5,16,13.1,10,9.3,
鳳山,2023/05/26 00:00:00,O3,18,18.1,21,18.2,16.7,14.6,14,21.2,27.9,32.8,36.2,40.3,48.5,47.7,44,38.1,36.2,30.4,31.3,25.4,25.8,25.3,23.4,21.9,
鳳山,2023/05/26 00:00:00,PM10,31,30,25,25,28,29,35,35,42,42,35,26,38,27,28,32,31,29,29,24,21,21,14,17,
鳳山,2023/05/26 00:00:00,PM2.5,18,10,16,9,13,14,13,12,19,15,20,8,15,16,13,9,11,16,13,11,15,15,13,11,
鳳山,2023/05/26 00:00:00,RAINFALL,0,0,0,0,0,0,0,0,0,0,0,0,0,0,0,0,0,0,0,0,0,0.5,0.5,0,
鳳山,2023/05/26 00:00:00,RH,84,84,85,84,85,85,82,77,69,65,68,61,70,61,59,59,60,66,70,69,68,78,91,89,
鳳山,2023/05/26 00:00:00,SO2,1.9,1.4,1.5,1.4,1.4,1.2,1.4,1.4,2.8,3.7,1.9,1.6,1.6,1.6,1.7,1.5,1.5,1.4,1.2,1.2,1.4,1.6,1.7,1.5,
鳳山,2023/05/26 00:00:00,THC,2.61,2.51,2.22,2.27,2.26,2.33,2.35,2.38,2.33,2.27,2.26,2.2,2.2,2.12,2.11,2.16,2.18,2.24,2.22,2.21,2.17,2.12,2.19,2.13,
鳳山,2023/05/26 00:00:00,WD_HR,85,96,106,81,86,93,103,82,305,266,270,269,285,275,284,289,278,282,280,269,290,137,96,108,
鳳山,2023/05/26 00:00:00,WIND_DIREC,83,99,98,80,84,71,130,128,344,263,250,256,277,288,267,291,282,284,265,284,277,128,94,108,
鳳山,2023/05/26 00:00:00,WIND_SPEED,0.4,0.9,0.6,0.5,0.4,0.4,0.8,0.4,0.7,1.2,1.1,0.9,1.5,1.6,0.7,0.9,1.1,0.8,0.8,0.5,0.7,0.7,0.4,0.8,
鳳山,2023/05/26 00:00:00,WS_HR,0.4,0.6,0.6,0.3,0.5,0.4,0.5,0.4,0.2,0.7,0.8,0.8,1.2,1.3,0.9,0.8,0.7,0.6,0.7,0.5,0.4,0,0.5,0.3,
鳳山,2023/05/27 00:00:00,AMB_TEMP,26.5,26.5,26.8,26.6,26.3,26.2,26,26.6,28.2,28.9,27.8,28.1,28.3,29.1,29.6,30.4,30.1,29.4,28.7,28.4,28.2,28.1,27.9,27.5,
鳳山,2023/05/27 00:00:00,CH4,2.05,#,2.08,2.05,2.18,2.17,2.16,2.14,2.09,2.09,2.04,2.03,2.03,2,1.99,1.98,1.98,1.98,2,2.01,2.02,2.02,2.02,2.09,
鳳山,2023/05/27 00:00:00,CO,#,#,0.25,0.25,0.29,0.27,0.3,0.4,0.47,0.68,0.57,0.57,0.53,0.38,0.38,0.4,0.49,0.55,0.59,0.59,0.55,0.49,0.43,0.41,
鳳山,2023/05/27 00:00:00,NMHC,0.05,#,0.07,0.07,0.06,0.04,0.04,0.06,0.1,0.23,0.22,0.2,0.15,0.07,0.07,0.07,0.11,0.1,0.11,0.11,0.1,0.08,0.07,0.1,
鳳山,2023/05/27 00:00:00,NO,#,#,0.7,0.5,0.5,0.6,1,2.2,3.4,8,6.5,5.2,3.5,2.9,1.9,2.5,2.4,2.7,2,2.3,2.1,1.7,1.5,0.6,
鳳山,2023/05/27 00:00:00,NO2,#,#,10.7,9.7,7,5.2,6.2,7.2,10.3,22.6,21.9,18.7,17.3,11.2,8.3,7.6,8.9,10.6,10.9,13.6,13,10.6,10.5,10.6,
鳳山,2023/05/27 00:00:00,NOx,#,#,11.4,10.3,7.6,5.8,7.2,9.4,13.7,30.7,28.4,24,20.8,14.1,10.3,10.1,11.4,13.3,12.9,16,15.2,12.3,12,11.3,
鳳山,2023/05/27 00:00:00,O3,23,20,16.1,17,17.7,20.7,17.1,15.9,17.6,11.5,14.3,19.7,24.5,33.8,34.8,33.7,33.3,35,36.8,32.2,26.8,24.2,23.5,20.4,
鳳山,2023/05/27 00:00:00,PM10,15,17,16,16,20,15,19,19,29,29,23,21,30,23,24,25,33,35,36,34,37,39,34,35,
鳳山,2023/05/27 00:00:00,PM2.5,9,9,11,11,15,11,12,19,9,15,11,10,14,11,8,12,11,17,16,18,17,20,13,21,
鳳山,2023/05/27 00:00:00,RAINFALL,0,0,0,0.5,0,0,1,0,0,0,0,0,0,0,0,0,0,0,0,0,0,0,0,0,
鳳山,2023/05/27 00:00:00,RH,92,91,90,91,92,91,92,90,85,83,87,86,86,81,75,71,73,74,78,82,84,85,86,87,
鳳山,2023/05/27 00:00:00,SO2,#,#,1.5,1.5,1.4,1.4,1.1,1.3,1.4,1.9,1.9,1.8,1.8,1.6,1.3,1,1.1,1.3,1.4,1.4,1.3,1.1,1.1,1.3,
鳳山,2023/05/27 00:00:00,THC,2.11,#,2.15,2.13,2.25,2.21,2.21,2.21,2.2,2.33,2.26,2.23,2.19,2.08,2.07,2.06,2.1,2.09,2.12,2.13,2.13,2.11,2.1,2.2,
鳳山,2023/05/27 00:00:00,WD_HR,91,105,103,87,104,97,105,135,151,264,248,261,260,271,294,292,286,286,285,290,274,265,303,102,
鳳山,2023/05/27 00:00:00,WIND_DIREC,55,136,133,86,103,107,59,193,287,271,276,267,299,263,305,282,278,295,270,304,255,278,289,97,
鳳山,2023/05/27 00:00:00,WIND_SPEED,0.3,0.4,0.5,0.4,0.8,0.8,0.4,0.5,0.8,1,0.9,0.9,1.3,1.6,1.6,1.6,1.3,1,0.7,0.6,0.3,0.3,0.3,0.3,
鳳山,2023/05/27 00:00:00,WS_HR,0.4,0.2,0.3,0.3,0.5,0.4,0.3,0.3,0.1,0.7,0.4,0.7,0.7,1,1.1,1.3,1.1,1.1,1,0.7,0.3,0.3,0.2,0.2,
鳳山,2023/05/28 00:00:00,AMB_TEMP,26.9,26.9,26.6,26.2,26.1,26,26.4,27.6,29.3,29.8,31.4,32.6,33,32.9,32.3,32.1,31.8,30.4,29.7,29.3,29.3,29.4,29.3,28.9,
鳳山,2023/05/28 00:00:00,CH4,2.34,2.36,2.59,2.54,2.32,2.32,2.18,2.12,2.06,2.04,2.03,2.09,2.06,2.05,2.03,2.03,2.03,2.02,2.03,2.03,2.05,2.07,2.11,2.12,
鳳山,2023/05/28 00:00:00,CO,0.42,0.36,0.28,0.23,0.24,0.26,0.27,0.3,0.41,0.38,0.34,0.52,0.43,0.39,0.37,0.39,0.46,0.51,0.64,0.6,0.67,0.53,0.55,0.41,
鳳山,2023/05/28 00:00:00,NMHC,0.15,0.14,0.08,0.05,0.04,0.05,0.04,0.04,0.07,0.07,0.04,0.13,0.13,0.05,0.05,0.05,0.08,0.08,0.13,0.13,0.17,0.12,0.13,0.09,
鳳山,2023/05/28 00:00:00,NO,0.4,0.9,0.7,0.8,1,0.9,1.1,1.8,2.3,1.4,1.2,1.4,1.9,1.9,2,1.8,2.3,2.2,2,2.4,2.3,1.8,1.2,1.2,
鳳山,2023/05/28 00:00:00,NO2,13,11.5,11.1,7.5,6.3,7.4,7.3,6.1,7.4,8.6,6.7,9.8,8.7,7,7.5,7.5,10.6,9.8,14.6,15,17.5,17.9,17.8,13.1,
鳳山,2023/05/28 00:00:00,NOx,13.4,12.4,11.9,8.3,7.3,8.3,8.5,7.9,9.8,10.1,7.9,11.3,10.6,8.9,9.5,9.4,12.9,12.1,16.6,17.4,19.8,19.7,19.1,14.3,
鳳山,2023/05/28 00:00:00,O3,16.1,15.6,12.4,14.1,16.6,14.3,15.9,19.8,36.3,54.2,66.7,66.5,61.1,56.5,57.4,59,49.8,47.8,39,35.1,31.1,32.5,33.4,41.3,
鳳山,2023/05/28 00:00:00,PM10,47,49,39,36,37,32,32,37,38,39,38,43,44,40,42,44,44,43,43,42,40,40,36,46,
鳳山,2023/05/28 00:00:00,PM2.5,28,22,20,17,15,14,11,17,17,19,18,27,26,22,23,21,21,21,21,16,16,15,18,20,
鳳山,2023/05/28 00:00:00,RAINFALL,0,0,0,0,0,0,0,0,0,0,0,0,0,0,0,0,0,0,0,0,0,0,0,0,
鳳山,2023/05/28 00:00:00,RH,89,89,88,87,87,85,77,75,73,70,62,60,60,59,60,61,62,66,67,67,66,66,69,74,
鳳山,2023/05/28 00:00:00,SO2,1.6,5.4,6.9,5.1,0.9,0.6,0.7,0.6,1.1,1,0.8,0.8,0.8,0.7,1,1.1,1.2,0.8,0.6,0.6,0.5,0.5,0.9,0.7,
鳳山,2023/05/28 00:00:00,THC,2.5,2.51,2.68,2.6,2.37,2.38,2.23,2.17,2.14,2.12,2.08,2.23,2.2,2.11,2.09,2.09,2.12,2.11,2.17,2.17,2.23,2.2,2.25,2.22,
鳳山,2023/05/28 00:00:00,WD_HR,102,104,85,89,90,96,94,95,283,33,149,281,291,285,289,286,285,291,287,270,285,285,289,289,
鳳山,2023/05/28 00:00:00,WIND_DIREC,123,121,94,63,86,95,83,89,309,3,111,279,297,279,293,283,285,299,280,287,293,253,287,299,
鳳山,2023/05/28 00:00:00,WIND_SPEED,0.5,0.5,0.4,0.4,0.5,0.6,0.4,0.7,0.9,0.5,1,1.5,1.4,1.6,1.5,1.2,1.4,1.4,1,0.6,0.5,0.4,0.7,0.4,
鳳山,2023/05/28 00:00:00,WS_HR,0.4,0.4,0.5,0.6,0.4,0.6,0.4,0.4,0.3,0.1,0.3,0.8,1.2,1.3,1.2,1.1,0.9,1.2,0.7,0.5,0.4,0.3,0.3,0.5,
鳳山,2023/05/29 00:00:00,AMB_TEMP,28,27.5,27.4,27.3,27.2,27.5,28.1,29.6,30.3,31.4,32.4,33,33.1,33.4,32.8,32.2,32.5,31.9,30.7,29.9,29.9,29.6,29.6,29.6,
鳳山,2023/05/29 00:00:00,CH4,2.18,2.11,2.12,2.13,2.15,2.19,2.28,2.18,2.08,2.08,2.05,2,1.98,1.99,1.98,1.95,1.97,1.98,1.98,1.96,1.99,1.98,2.01,2.03,
鳳山,2023/05/29 00:00:00,CO,0.33,0.23,0.21,0.22,0.24,0.34,0.42,0.53,0.53,0.5,0.52,0.47,0.39,0.38,0.42,0.34,0.47,0.58,0.59,0.47,0.48,0.31,0.36,0.28,
鳳山,2023/05/29 00:00:00,NMHC,0.05,0.02,0.03,0.03,0.04,0.1,0.15,0.16,0.12,0.11,0.13,0.12,0.09,0.08,0.1,0.08,0.13,0.17,0.17,0.11,0.13,0.07,0.12,0.13,
鳳山,2023/05/29 00:00:00,NO,0.8,0.9,0.6,0.5,0.5,0.7,1.2,2.4,2.1,1.5,2.9,4.1,3.7,3.4,#,#,5.1,4.3,4.5,2.7,2.1,0.7,0.4,0.4,
鳳山,2023/05/29 00:00:00,NO2,8.5,5.4,4.9,5,4.7,7.6,11.8,13.5,12.3,12.2,15.9,17.3,13.9,14.5,#,#,18.4,22.5,27.1,27.3,22.2,12.3,10.3,10.4,
鳳山,2023/05/29 00:00:00,NOx,9.3,6.3,5.5,5.6,5.3,8.3,13.1,16,14.5,13.7,18.8,21.5,17.6,18,#,#,23.5,26.8,31.6,30,24.3,13,10.8,10.9,
鳳山,2023/05/29 00:00:00,O3,39.4,32.5,27.2,27.7,31.3,26,23.9,32.3,50.5,57.4,51.6,44.8,46.3,48,35.8,33.7,26.5,23.3,18.4,15.6,19,28.1,26.5,26,
鳳山,2023/05/29 00:00:00,PM10,37,34,33,35,36,46,40,47,44,50,43,36,35,39,#,#,25,28,26,25,29,24,24,23,
鳳山,2023/05/29 00:00:00,PM2.5,26,15,15,14,20,20,22,21,22,26,24,21,17,21,18,#,20,11,16,12,11,12,10,10,
鳳山,2023/05/29 00:00:00,RAINFALL,0,0,0,0,0,0,0,0,0,0,0,0,0,0,0,0,0,0,0,0,0,0,0,0,
鳳山,2023/05/29 00:00:00,RH,79,85,86,87,87,86,84,77,67,64,63,61,59,56,58,57,52,55,60,65,64,67,69,66,
鳳山,2023/05/29 00:00:00,SO2,1,1.9,1.7,1.8,1.9,2,2.5,2.7,2.4,2.4,2.7,2.8,2.6,2.5,2.4,1.9,1.9,1.9,2.3,2.4,2.2,1.5,1.4,1.8,
鳳山,2023/05/29 00:00:00,THC,2.24,2.14,2.16,2.17,2.2,2.3,2.44,2.35,2.21,2.2,2.19,2.13,2.08,2.08,2.09,2.04,2.11,2.15,2.16,2.08,2.12,2.06,2.14,2.17,
鳳山,2023/05/29 00:00:00,WD_HR,122,291,303,36,47,3,62,82,61,101,253,270,264,280,273,223,258,254,247,254,285,85,21,63,
鳳山,2023/05/29 00:00:00,WIND_DIREC,293,292,173,79,30,72,84,260,92,262,251,237,284,286,297,276,238,265,248,267,332,90,295,63,
鳳山,2023/05/29 00:00:00,WIND_SPEED,0.6,0.6,0.3,0.3,0.3,0.3,0.4,1.1,0.8,1.1,1,1.1,1.7,1.7,1.4,1.1,0.9,0.8,0.6,0.5,0.4,0.3,0.4,0.3,
鳳山,2023/05/29 00:00:00,WS_HR,0,0.4,0.1,0.1,0.2,0.1,0.2,0.1,0,0.2,0.4,0.7,0.9,1.2,1,0.4,0.7,0.5,0.4,0.4,0.3,0.4,0.1,0.2,
鳳山,2023/05/30 00:00:00,AMB_TEMP,29.6,29.5,28.8,28.9,28.8,28.4,28.8,29.3,30.4,31.8,32.8,33.5,33.6,33.4,33.2,32.7,31.6,30.9,30.7,29.7,29.5,29.8,29.9,29.4,
鳳山,2023/05/30 00:00:00,CH4,2.05,2.09,2.26,2.38,2.35,2.5,2.47,2.61,2.38,2.14,2.11,2.1,2.05,2.01,2.03,2.03,2.03,2.04,2.07,2.1,2.09,2.12,2.17,2.32,
鳳山,2023/05/30 00:00:00,CO,0.29,0.26,0.25,0.26,0.29,0.3,0.4,0.55,0.71,0.71,0.87,0.7,0.55,0.42,0.55,0.76,0.8,0.83,0.67,0.54,0.45,0.46,0.43,0.34,
鳳山,2023/05/30 00:00:00,NMHC,0.13,0.17,0.07,0.1,0.13,0.14,0.13,0.19,0.29,0.31,0.33,0.22,0.15,0.09,0.14,0.23,0.23,0.22,0.24,0.31,0.25,0.29,0.22,0.12,
鳳山,2023/05/30 00:00:00,NO,0.5,0.8,0.8,0.9,0.7,1.1,1.5,3.3,6,5.4,4.1,2.9,1.7,1.4,1.6,2.3,3.2,2.1,1.2,0.9,0.8,0.8,0.9,0.8,
鳳山,2023/05/30 00:00:00,NO2,11.5,10.9,9.4,9.5,10.8,12.3,12.4,15.6,24.4,25.7,30.2,24.4,16.6,13.8,14.6,17.7,21.3,21.4,20,25.6,19.5,19.5,17,11.8,
鳳山,2023/05/30 00:00:00,NOx,12.1,11.8,10.3,10.4,11.6,13.5,13.9,18.9,30.5,31.2,34.3,27.3,18.3,15.2,16.2,20,24.5,23.6,21.2,26.6,20.4,20.3,17.9,12.6,
鳳山,2023/05/30 00:00:00,O3,23.9,23.9,21.2,19.3,15.8,14.9,17.5,18.5,22.6,43.9,51.9,78.1,80.8,79.4,68,55.2,45,49.8,43,23.6,24.3,25,27.9,32.7,
鳳山,2023/05/30 00:00:00,PM10,25,27,36,29,32,40,37,41,51,53,63,64,65,48,50,59,60,44,43,49,38,34,33,52,
鳳山,2023/05/30 00:00:00,PM2.5,12,16,14,17,15,16,16,20,22,31,30,39,35,30,25,26,24,29,26,32,20,24,24,24,
鳳山,2023/05/30 00:00:00,RAINFALL,0,0,0,0,0,0,0,0,0,0,0,0,0,0,0,0,0,0,0,0,0,0,0,0,
鳳山,2023/05/30 00:00:00,RH,64,67,74,75,75,80,79,78,74,66,62,60,61,58,58,63,66,65,66,75,73,72,72,76,
鳳山,2023/05/30 00:00:00,SO2,2.4,1.5,1.2,1.1,1.1,1.5,1.1,1.5,2.2,4.5,5.9,4.7,2.9,2.6,2.2,1.8,1.6,1.5,1.6,2.7,2.9,3.2,3.1,2,
鳳山,2023/05/30 00:00:00,THC,2.19,2.27,2.33,2.49,2.49,2.65,2.61,2.81,2.68,2.46,2.45,2.33,2.21,2.11,2.18,2.27,2.26,2.27,2.32,2.42,2.35,2.42,2.39,2.45,
鳳山,2023/05/30 00:00:00,WD_HR,58,89,79,82,82,78,61,80,319,154,287,105,270,274,261,276,280,290,84,95,89,84,82,91,
鳳山,2023/05/30 00:00:00,WIND_DIREC,61,93,56,98,84,27,70,66,296,234,294,132,168,275,278,283,258,43,92,72,92,92,75,90,
鳳山,2023/05/30 00:00:00,WIND_SPEED,0.3,0.4,0.3,0.4,0.7,0.3,0.5,0.6,1.1,0.7,1,1.2,1,1.1,1.1,1,0.9,0.3,0.5,0.3,0.5,0.5,0.4,0.8,
鳳山,2023/05/30 00:00:00,WS_HR,0.1,0.3,0.3,0.3,0.5,0.3,0.2,0.6,0.1,0.2,0.5,0.2,0.6,0.4,0.8,0.7,0.7,0.4,0.3,0.3,0.4,0.4,0.4,0.5,
鳳山,2023/05/31 00:00:00,AMB_TEMP,28.8,28.5,28.3,28.1,28.1,28.2,28.9,30.2,31.7,32.8,32.8,33.9,33.5,33.6,32.7,27.1,27.8,28.5,28.8,28.4,28.5,28.5,28.5,28.2,
鳳山,2023/05/31 00:00:00,CH4,2.28,2.17,2.33,2.28,2.48,2.51,2.3,2.2,2.16,2.11,2.09,2.09,2.09,2.02,1.99,2,2.04,2.03,2.04,2.08,2.08,2.19,2.16,2.18,
鳳山,2023/05/31 00:00:00,CO,0.29,0.24,0.23,0.2,0.23,0.31,0.43,0.62,0.62,0.55,0.76,0.68,0.71,0.49,0.49,0.48,0.9,0.97,0.98,0.59,0.46,0.51,0.45,0.41,
鳳山,2023/05/31 00:00:00,NMHC,0.07,0.04,0.09,0.04,0.06,0.12,0.14,0.23,0.18,0.16,0.32,0.23,0.24,0.16,0.15,0.12,0.29,0.28,0.33,0.27,0.19,0.23,0.16,0.16,
鳳山,2023/05/31 00:00:00,NO,0.8,1.3,1.1,1.1,1.1,1.1,1.7,3.5,3.3,2.8,2.5,2.1,1.7,2.3,2.9,4.1,6.8,5.7,3.7,1.4,1.5,1.3,1.4,1.3,
鳳山,2023/05/31 00:00:00,NO2,9.2,7.1,6.4,5.6,6,9.6,10.4,16.3,15.8,16.2,21,17.1,20.5,14.2,13.2,14.3,24.9,26.3,26.8,25.7,14.5,16.6,14.3,12.3,
鳳山,2023/05/31 00:00:00,NOx,10.1,8.5,7.6,6.8,7.1,10.8,12.2,19.9,19.2,19,23.5,19.2,22.3,16.5,16.1,18.5,31.7,32.1,30.5,27.2,16,18,15.8,13.6,
鳳山,2023/05/31 00:00:00,O3,35,35.1,31.1,29.8,27.5,22.4,26.5,33.7,50.8,57.4,74.5,103.9,88.8,61.8,41.9,23.7,17.8,15.7,12.3,13.3,19.9,16.4,18.6,16.6,
鳳山,2023/05/31 00:00:00,PM10,52,59,44,34,30,38,42,51,48,47,62,63,61,47,47,19,17,32,42,45,43,37,35,44,
鳳山,2023/05/31 00:00:00,PM2.5,21,22,19,18,21,22,20,24,22,33,28,37,35,20,22,10,13,21,22,22,16,24,23,22,
鳳山,2023/05/31 00:00:00,RAINFALL,0,0,0,0,0,0,0,0,0,0,0,0,0,0,2.5,7.5,0,0,0,0,0,0,0,0,
鳳山,2023/05/31 00:00:00,RH,85,86,86,81,80,81,78,73,61,56,60,56,57,54,60,90,90,89,88,89,88,88,87,89,
鳳山,2023/05/31 00:00:00,SO2,1.7,2,2.4,2.2,1.6,1.6,1.6,2.9,4.9,7.1,5.4,5.4,5.9,4.9,2.6,1.3,1.2,1.4,2.2,1.8,1.5,1.4,1.4,1.3,
鳳山,2023/05/31 00:00:00,THC,2.36,2.22,2.43,2.33,2.55,2.64,2.45,2.43,2.35,2.28,2.42,2.33,2.34,2.19,2.15,2.13,2.34,2.32,2.38,2.36,2.28,2.43,2.33,2.35,
鳳山,2023/05/31 00:00:00,WD_HR,118,93,94,82,55,84,50,315,121,127,246,267,249,287,280,285,264,279,93,89,70,87,20,56,
鳳山,2023/05/31 00:00:00,WIND_DIREC,76,96,88,107,84,85,0,336,126,145,278,244,137,263,281,273,270,249,88,100,64,82,44,87,
鳳山,2023/05/31 00:00:00,WIND_SPEED,0.4,0.6,0.4,0.3,0.3,0.3,0.4,0.6,1.3,1.5,1.2,1.3,1.1,1.1,1.8,0.7,0.6,0.4,0.5,0.4,0.3,0.3,0.3,0.4,
鳳山,2023/05/31 00:00:00,WS_HR,0.4,0.4,0.3,0.3,0.2,0.3,0.2,0.4,0.4,0.6,0.5,0.5,0.3,0.2,0.9,1.1,0.6,0.1,0.1,0.3,0.2,0.3,0.1,0.2,
鳳山,2023/06/01 00:00:00,AMB_TEMP,28,27.8,27.5,27.4,27,26.8,27.4,28.8,29.3,29.4,29.8,31.7,33.2,33.8,34.1,33.7,31.7,30.2,29.8,29.5,29.3,29.4,29,28.5,
鳳山,2023/06/01 00:00:00,CH4,2.2,2.12,2.08,2.09,2.05,2.02,1.97,1.95,1.93,1.92,1.93,1.92,1.92,1.92,1.92,1.93,1.92,1.92,1.93,1.93,1.93,1.93,1.93,1.97,
鳳山,2023/06/01 00:00:00,CO,0.43,0.27,0.22,0.21,0.19,0.21,0.3,0.48,0.41,0.37,0.43,0.4,0.31,0.28,0.28,0.4,0.51,0.62,0.62,0.5,0.46,0.4,0.32,0.24,
鳳山,2023/06/01 00:00:00,NMHC,0.22,0.16,0.12,0.12,0.09,0.07,0.08,0.12,0.11,0.11,0.15,0.11,0.08,0.06,0.08,0.13,0.14,0.16,0.15,0.12,0.11,0.12,0.07,0.08,
鳳山,2023/06/01 00:00:00,NO,1.4,0.7,0.7,0.9,0.7,1.9,3.4,7.8,6.6,6,5.6,4.2,2.6,2.7,2.6,5.6,8.1,4.1,3.2,3.2,2.5,2.6,1.6,0.8,
鳳山,2023/06/01 00:00:00,NO2,14,12,10,11.9,11.4,10.3,9,10.3,9.8,9.3,11.1,8.2,7.4,7.1,7.4,14,13.7,12.8,13.9,13.5,13.3,11.6,10.2,10.8,
鳳山,2023/06/01 00:00:00,NOx,15.5,12.8,10.8,12.8,12.1,12.3,12.4,18.1,16.5,15.4,16.8,12.4,10.1,9.8,10.1,19.6,21.8,16.9,17.1,16.7,15.8,14.2,11.9,11.6,
鳳山,2023/06/01 00:00:00,O3,11.2,7.2,4.5,2.1,4.8,6.8,8.7,11.3,13.7,15.2,16.7,26.7,36.7,37.5,36.7,32.5,26.5,28.5,23.7,20.6,18.4,16.9,14.7,13.1,
鳳山,2023/06/01 00:00:00,PM10,42,24,24,20,17,20,30,38,50,42,41,46,43,32,38,42,47,40,27,22,20,19,18,24,
鳳山,2023/06/01 00:00:00,PM2.5,22,14,11,12,9,8,14,15,12,17,19,13,17,13,11,8,12,13,14,10,9,6,9,8,
鳳山,2023/06/01 00:00:00,RAINFALL,0,0,0,0,0,0,0,0,0,0,0,0,0,0,0,0,0,0,0,0,0,0,0,0,
鳳山,2023/06/01 00:00:00,RH,89,88,89,88,87,87,86,81,77,76,74,65,57,53,53,56,70,78,79,78,80,78,82,85,
鳳山,2023/06/01 00:00:00,SO2,1.5,1.4,1.3,1.7,2.3,2,1.8,2,1.8,1.5,1.5,1.4,1.4,1.2,1.2,1.3,1.3,1.2,1.5,1.5,1.4,1.4,1.3,1.8,
鳳山,2023/06/01 00:00:00,THC,2.43,2.29,2.21,2.22,2.14,2.1,2.06,2.08,2.05,2.04,2.09,2.04,2.01,1.99,2.01,2.07,2.07,2.09,2.09,2.06,2.05,2.05,2.01,2.06,
鳳山,2023/06/01 00:00:00,WD_HR,293,272,282,279,279,281,280,281,277,275,274,267,271,275,273,281,281,281,289,283,281,281,283,337,
鳳山,2023/06/01 00:00:00,WIND_DIREC,290,190,279,281,273,278,275,269,286,279,275,264,271,279,272,283,286,288,281,285,279,266,282,94,
鳳山,2023/06/01 00:00:00,WIND_SPEED,0.5,0.6,1.1,0.7,1.8,1.9,2.2,1.8,2.8,1.9,2,2.4,2.5,2.6,2.2,2.2,1.9,2,2,1.7,1.3,0.5,1.3,0.6,
鳳山,2023/06/01 00:00:00,WS_HR,0.1,0.3,0.5,0.7,1.1,1.5,1.7,1.8,1.7,1.5,1.1,1.1,1.2,1.9,1.4,1.3,1.7,1.8,1.6,1.6,1.2,1.2,0.7,0.1,
鳳山,2023/06/02 00:00:00,AMB_TEMP,28,27.7,27.6,27.5,27.4,27.7,28.6,30.2,31.5,33,34.3,34.1,34.6,34.2,34.1,33.9,33.2,32.2,31,30.6,30.5,30.3,30.1,29.9,
鳳山,2023/06/02 00:00:00,CH4,2,2,2.01,2.01,2.04,2,1.98,1.94,1.95,1.97,1.99,1.99,1.99,1.98,1.98,1.98,2,2,2,2.01,2.02,2.02,2.02,2.03,
鳳山,2023/06/02 00:00:00,CO,0.26,0.17,0.15,0.15,0.18,0.25,0.35,0.36,0.44,0.53,0.58,0.53,0.44,0.36,0.35,0.48,0.57,0.66,0.59,0.55,0.5,0.44,0.33,0.28,
鳳山,2023/06/02 00:00:00,NMHC,0.1,0.07,0.03,0.03,0.05,0.09,0.11,0.09,0.11,0.16,0.17,0.16,0.13,0.07,0.08,0.12,0.15,0.16,0.16,0.16,0.12,0.11,0.06,0.03,
鳳山,2023/06/02 00:00:00,NO,0.5,1.1,0.8,0.9,0.9,1.1,2.1,2.7,3,3.1,3,2.7,2.5,2.3,2.5,3,4,3.5,2.7,1.7,1.8,1.4,1.2,1,
鳳山,2023/06/02 00:00:00,NO2,13.3,9.4,8.2,7.4,7,7.1,8.8,8.1,10.4,11.7,10.5,10,8.4,8.2,7.1,10.4,13.8,14.3,14.2,12,12.5,9.4,9.9,7.7,
鳳山,2023/06/02 00:00:00,NOx,13.8,10.5,9.1,8.4,8,8.3,10.9,10.8,13.5,14.8,13.5,12.8,11,10.6,9.7,13.4,17.8,17.8,16.9,13.7,14.3,10.9,11.2,8.7,
鳳山,2023/06/02 00:00:00,O3,11.1,12.7,14.2,15.1,14.5,14.4,19.1,26.9,32.6,43,46.6,45.8,47.6,46.2,45.2,41.1,35.8,32.7,32.1,36.3,38.1,42.1,42,42.2,
鳳山,2023/06/02 00:00:00,PM10,23,25,21,22,21,20,21,27,25,28,23,29,22,21,15,27,22,27,19,24,25,22,24,14,
鳳山,2023/06/02 00:00:00,PM2.5,11,10,9,9,14,15,14,15,13,14,17,22,16,11,12,13,12,18,14,17,12,15,10,12,
鳳山,2023/06/02 00:00:00,RAINFALL,0,0,0,0,0,0,0,0,0,0,0,0,0,0,0,0,0,0,0,0,0,0,0,0,
鳳山,2023/06/02 00:00:00,RH,86,87,87,88,88,86,82,74,66,60,55,58,57,59,59,60,64,71,81,83,83,85,85,86,
鳳山,2023/06/02 00:00:00,SO2,1.7,2,1.8,1.7,1.9,2,2.7,2.8,2.2,2.5,1.9,1.7,1.6,1.7,1.7,1.5,1.6,1.6,1.7,1.6,1.5,1.3,1.6,1.4,
鳳山,2023/06/02 00:00:00,THC,2.11,2.08,2.05,2.05,2.1,2.1,2.1,2.04,2.07,2.14,2.17,2.16,2.13,2.06,2.07,2.11,2.16,2.17,2.17,2.18,2.15,2.14,2.09,2.07,
鳳山,2023/06/02 00:00:00,WD_HR,102,309,73,82,88,233,52,108,297,284,281,270,262,257,287,260,267,282,271,269,280,267,280,269,
鳳山,2023/06/02 00:00:00,WIND_DIREC,118,262,142,82,56,219,90,98,356,293,289,257,256,278,259,244,295,237,278,284,291,276,286,270,
鳳山,2023/06/02 00:00:00,WIND_SPEED,0.4,0.3,0.3,0.4,0.3,0.3,0.6,0.7,0.7,1.4,0.9,1.2,1.8,1.6,1.6,1.5,1.4,0.8,0.7,0.5,1,0.8,0.7,1,
鳳山,2023/06/02 00:00:00,WS_HR,0.1,0,0.1,0.2,0.1,0,0.2,0.3,0.4,0.6,0.7,1.1,1.1,1.3,1.2,1.1,1,0.7,0.6,0.4,0.6,0.5,0.4,0.4,
鳳山,2023/06/03 00:00:00,AMB_TEMP,29.7,29,28.5,28.5,28.4,28.1,28.4,30.2,31.4,32.6,33.4,33.9,34.3,33.9,32.3,29.9,29.2,28.5,27.9,27.5,27.6,28.1,28.1,27.8,
鳳山,2023/06/03 00:00:00,CH4,2.01,2.01,2.02,2.03,2.04,2.12,2.19,2.06,1.94,1.94,1.95,1.94,1.93,1.94,1.96,2.05,2.12,2.05,2.03,2.02,1.99,2,2.03,2.05,
鳳山,2023/06/03 00:00:00,CO,0.23,0.21,0.3,0.31,0.19,0.24,0.31,0.45,0.35,0.37,0.4,0.4,0.34,0.28,0.33,0.32,0.33,0.36,0.35,0.28,0.28,0.34,0.33,0.25,
鳳山,2023/06/03 00:00:00,NMHC,0.01,0,0.05,0.07,0.05,0.07,0.08,0.12,0.09,0.1,0.1,0.1,0.07,0.06,0.1,0.1,0.09,0.09,0.09,0.06,0.05,0.07,0.09,0.05,
鳳山,2023/06/03 00:00:00,NO,0.8,1.4,1.2,1.4,1.3,1.2,1.7,3.8,3.2,4.6,4.3,4.6,3.3,3,2.7,1.8,1.5,1.3,1.6,1.6,1.4,1.6,1.2,1.4,
鳳山,2023/06/03 00:00:00,NO2,7.7,7.1,6.5,7.5,4.8,5.7,7.3,11.5,9,10.7,10.4,8.9,7.1,6.6,8.4,10.7,9,8.9,8.9,7.1,5.8,7.7,7.8,6.7,
鳳山,2023/06/03 00:00:00,NOx,8.5,8.5,7.8,9,6.2,7,9,15.4,12.2,15.4,14.7,13.6,10.4,9.6,11.1,12.6,10.5,10.3,10.5,8.8,7.3,9.3,9,8.2,
鳳山,2023/06/03 00:00:00,O3,42.5,38.1,32.6,26.6,23.3,22.6,22.5,23.4,29.2,27.4,30.8,33.6,33.3,33.4,31.3,30.8,33.9,29.2,27,27.2,29.4,26.2,23.4,25.2,
鳳山,2023/06/03 00:00:00,PM10,21,21,20,23,16,13,17,21,17,18,19,17,19,18,19,22,13,20,14,21,12,15,16,16,
鳳山,2023/06/03 00:00:00,PM2.5,11,13,15,14,10,9,11,10,9,10,7,8,10,9,10,16,14,15,11,11,10,11,13,15,
鳳山,2023/06/03 00:00:00,RAINFALL,0,0,1,0,0,0,0,0,0,0,0,0,0,0,0,0,0,1,0,0,0,0,0,0,
鳳山,2023/06/03 00:00:00,RH,86,89,91,91,90,90,90,83,72,65,59,59,58,56,64,84,86,89,91,91,89,87,87,86,
鳳山,2023/06/03 00:00:00,SO2,1.2,0.7,0.9,1,1.1,0.9,1,1.2,1.6,1.7,1.3,1.5,1.6,1.4,1.5,1.5,1.4,1.3,1,1,0.9,0.9,1.3,1.2,
鳳山,2023/06/03 00:00:00,THC,2.03,2.02,2.08,2.11,2.1,2.2,2.28,2.19,2.04,2.05,2.06,2.04,2.01,2.01,2.07,2.16,2.22,2.15,2.13,2.09,2.05,2.08,2.13,2.11,
鳳山,2023/06/03 00:00:00,WD_HR,275,107,101,103,84,98,85,323,217,285,266,268,269,253,276,98,95,92,107,104,95,66,78,95,
鳳山,2023/06/03 00:00:00,WIND_DIREC,300,168,37,125,68,101,70,320,275,297,296,263,274,274,48,98,110,116,96,94,139,90,97,73,
鳳山,2023/06/03 00:00:00,WIND_SPEED,0.6,0.6,0.3,0.5,0.3,0.6,0.3,0.5,0.9,1.2,1.3,1.3,1.4,1,0.7,1.2,0.8,0.7,0.3,0.5,0.3,0.4,0.7,0.3,
鳳山,2023/06/03 00:00:00,WS_HR,0.4,0.3,0.2,0.3,0.3,0.5,0.3,0.2,0.2,0.6,0.7,1,1.1,0.7,0.6,0.9,0.8,0.6,0.6,0.6,0.3,0.2,0.4,0.6,
鳳山,2023/06/04 00:00:00,AMB_TEMP,27.6,27.7,27.5,27.2,27.2,27,27.7,29.5,30.9,32.4,33.7,32.4,30.7,30.4,32.3,31.7,31.3,30.6,30.3,30.2,29.7,28.6,26.7,26.8,
鳳山,2023/06/04 00:00:00,CH4,2.08,2.07,2.1,2.06,2.07,2.06,2.09,2,1.97,1.96,2,2.06,2.01,1.98,1.99,1.98,1.99,1.98,1.99,2.01,2.01,2,2.05,2.02,
鳳山,2023/06/04 00:00:00,CO,0.26,0.23,0.2,0.19,0.18,0.22,0.28,0.33,0.3,0.35,0.34,0.49,0.39,0.38,0.37,0.4,0.5,0.48,0.57,0.38,0.34,0.35,0.32,0.3,
鳳山,2023/06/04 00:00:00,NMHC,0.06,0.06,0.01,0.02,0.01,0.03,0.03,0.04,0.03,0.06,0.08,0.13,0.07,0.07,0.06,0.05,0.08,0.07,0.1,0.06,0.06,0.06,0.05,0.06,
鳳山,2023/06/04 00:00:00,NO,1.3,0.6,0.8,0.9,0.8,0.9,1.4,1.8,2.3,2,1.9,2,1.8,2.4,2.3,2.3,1.9,2,2.1,1.2,1.1,2,1.3,1.3,
鳳山,2023/06/04 00:00:00,NO2,6.7,5.3,4.5,3.9,3.7,4.1,5.2,4.7,5.4,5.8,7.6,11.6,9.2,7.4,6.5,6.7,8.3,8.8,11,9.3,8.5,11.1,7.5,7.7,
鳳山,2023/06/04 00:00:00,NOx,8.1,6,5.3,4.8,4.6,5.1,6.7,6.5,7.8,7.9,9.5,13.7,11,9.8,8.9,9.1,10.3,10.8,13.2,10.5,9.7,13.2,8.9,9.1,
鳳山,2023/06/04 00:00:00,O3,22.1,22.4,22.6,21.6,20.2,15.7,15.8,24.6,30,39,47.1,46.8,41.5,30.8,35.3,36.5,37.7,36.9,29.4,28.1,23.1,15.8,23.5,25.1,
鳳山,2023/06/04 00:00:00,PM10,14,17,10,20,21,22,27,15,23,19,27,26,22,15,32,29,25,31,31,28,24,21,10,10,
鳳山,2023/06/04 00:00:00,PM2.5,7,12,10,8,6,5,9,10,11,13,14,14,13,13,15,16,15,17,17,9,15,16,14,11,
鳳山,2023/06/04 00:00:00,RAINFALL,0,0,0,0,0,0,0,0,0,0,0,0,3,0,0,0,0,0,0,0,0,11.5,18.5,0,
鳳山,2023/06/04 00:00:00,RH,86,86,86,86,85,85,84,76,74,66,60,66,79,85,72,73,74,75,75,75,82,89,96,94,
鳳山,2023/06/04 00:00:00,SO2,1.1,0,0.2,0.2,0.1,0.1,0.2,0.3,0.7,0.6,0.8,0.9,0.4,0.3,0.2,0.4,0.5,0.4,0.4,0.7,0.9,0.5,0.2,0.1,
鳳山,2023/06/04 00:00:00,THC,2.15,2.14,2.12,2.09,2.09,2.1,2.13,2.05,2.01,2.03,2.09,2.19,2.09,2.06,2.06,2.04,2.08,2.06,2.09,2.08,2.08,2.07,2.11,2.09,
鳳山,2023/06/04 00:00:00,WD_HR,98,93,99,98,94,94,98,85,290,283,288,249,275,290,285,283,287,288,273,83,88,214,283,259,
鳳山,2023/06/04 00:00:00,WIND_DIREC,100,92,103,83,97,87,107,299,89,84,222,263,19,284,274,313,289,284,264,62,82,260,259,276,
鳳山,2023/06/04 00:00:00,WIND_SPEED,0.5,0.5,0.9,0.5,0.6,0.5,0.8,0.8,0.9,1,1,0.7,0.3,1.3,1.2,0.7,0.9,1.2,0.4,0.3,0.5,0.8,0.5,0.3,
鳳山,2023/06/04 00:00:00,WS_HR,0.5,0.4,0.7,0.6,0.4,0.5,0.5,0.2,0.2,0.6,0.3,0.5,0.2,1,0.9,0.8,0.6,0.6,0.3,0.3,0.4,0.1,0.7,0.4,
鳳山,2023/06/05 00:00:00,AMB_TEMP,26.9,27.4,27.5,26.6,26.9,27,27.6,28.7,29.7,31.4,33,34,33.9,34.2,34,33.2,32.5,31.6,30.7,29.7,29,28.9,28.4,28.3,
鳳山,2023/06/05 00:00:00,CH4,2.04,2.08,2.22,2.07,2.22,2.37,2.43,2.2,2.12,1.98,1.97,#,1.95,1.95,1.95,1.93,1.92,1.95,1.93,2,2.1,2.08,2.04,2.06,
鳳山,2023/06/05 00:00:00,CO,0.26,0.31,0.28,0.22,0.26,0.32,0.35,0.48,0.37,0.4,0.54,#,0.38,0.35,0.35,0.32,0.45,0.75,0.53,0.35,0.37,0.34,0.27,0.25,
鳳山,2023/06/05 00:00:00,NMHC,0.05,0.08,0.1,0.07,0.09,0.15,0.15,0.16,0.11,0.09,0.18,#,0.09,0.08,0.09,0.07,0.12,0.19,0.11,0.09,0.12,0.11,0.11,0.09,
鳳山,2023/06/05 00:00:00,NO,1,0.5,0.6,0.6,0.7,0.9,2.2,4.4,3.6,2.7,3.6,#,#,2.5,3,4.9,6.3,6.8,3.7,1.2,0.3,0.4,0.4,0.2,
鳳山,2023/06/05 00:00:00,NO2,6.3,7.6,7.9,6.4,6.2,8,9.5,10.4,9.5,8.4,14.3,#,#,8.6,9.7,11.3,9.8,12.4,11.3,9.3,10.4,9.9,7.9,6.6,
鳳山,2023/06/05 00:00:00,NOx,7.4,8.1,8.5,7.1,6.9,9,11.8,14.8,13.1,11.1,18,#,#,11.1,12.7,16.2,16.2,19.2,15,10.5,10.8,10.3,8.3,6.9,
鳳山,2023/06/05 00:00:00,O3,23.7,19.5,16.2,18.1,17.1,11.6,11.7,13,23,32,#,27.7,27.3,34.7,26.8,18.3,11.7,8.2,9.8,19.5,26.9,24.5,27.1,24.4,
鳳山,2023/06/05 00:00:00,PM10,11,11,16,16,18,25,26,25,30,22,25,#,20,21,23,27,A,30,24,21,11,13,14,13,
鳳山,2023/06/05 00:00:00,PM2.5,9,11,9,11,13,17,20,17,14,14,#,#,12,11,17,12,14,13,14,10,11,11,8,7,
鳳山,2023/06/05 00:00:00,RAINFALL,0,0,0.5,5.5,0,0,0,0,0,0,#,0,0,0,0,0,0,0,0,0,0,0,0,0,
鳳山,2023/06/05 00:00:00,RH,94,93,92,94,94,94,93,88,82,69,63,58,58,58,58,60,64,68,72,80,84,83,83,83,
鳳山,2023/06/05 00:00:00,SO2,0,0.8,0.7,0.9,0.9,3.1,2.3,2.2,2,2.9,2.8,#,1.1,1.1,0.8,1.3,2,3.3,2.3,0.8,0.6,0.5,0.6,0.8,
鳳山,2023/06/05 00:00:00,THC,2.1,2.17,2.33,2.15,2.32,2.53,2.59,2.37,2.24,2.08,2.16,#,2.05,2.04,2.05,2.01,2.05,2.15,2.05,2.1,2.22,2.2,2.16,2.16,
鳳山,2023/06/05 00:00:00,WD_HR,312,22,90,105,58,63,90,120,97,117,232,264,276,280,278,271,282,311,113,99,91,87,95,93,
鳳山,2023/06/05 00:00:00,WIND_DIREC,29,23,102,96,98,84,107,182,98,109,265,282,278,258,259,278,296,316,127,82,85,93,99,97,
鳳山,2023/06/05 00:00:00,WIND_SPEED,0.3,0.3,0.5,0.3,0.3,0.3,0.6,0.7,0.9,0.6,0.9,1.4,1.5,1.2,1.7,1.4,1.1,1,1,0.5,0.5,0.7,0.9,0.8,
鳳山,2023/06/05 00:00:00,WS_HR,0.1,0.3,0.2,0.3,0.1,0.2,0.3,0.3,0.7,0.1,0.3,1,0.9,1.1,1,0.5,0.4,0.3,0.1,0.5,0.5,0.4,0.7,0.6,
鳳山,2023/06/06 00:00:00,AMB_TEMP,27.6,27.3,27.7,27.8,27.7,27.3,27.3,29.1,31,32.2,32.4,33.3,33.9,34.2,33.5,32.9,32.4,31.4,30.9,30.3,29.7,29.4,29.2,29.1,
鳳山,2023/06/06 00:00:00,CH4,2.15,2.21,2.13,2.15,2.35,2.36,2.68,2.45,2.01,1.92,1.92,1.93,1.93,1.93,1.92,1.91,1.91,1.91,1.91,1.91,1.91,1.93,1.93,1.94,
鳳山,2023/06/06 00:00:00,CO,0.22,0.2,0.23,0.25,0.26,0.29,0.34,0.43,0.33,0.29,0.26,0.5,0.49,0.47,0.4,0.31,0.33,0.38,0.56,0.51,0.25,0.22,0.16,0.13,
鳳山,2023/06/06 00:00:00,NMHC,0.05,0.04,0.04,0.05,0.22,0.15,0.1,0.13,0.08,0.07,0.07,0.15,0.14,0.11,0.09,0.09,0.09,0.08,0.15,0.12,0.06,0.03,0.01,0,
鳳山,2023/06/06 00:00:00,NO,0.3,0.4,0.5,0.9,0.9,1.1,3.9,5,3.7,2.9,2.5,5.5,6.8,6.3,7,7.3,7.7,6.8,9.2,5.2,2.1,1.2,1,0.8,
鳳山,2023/06/06 00:00:00,NO2,6.2,5.6,5.7,8.2,9.1,10.9,9.8,10.2,6.4,5.3,5.6,9.6,9.7,8.9,9.1,7.9,7.7,8.5,13.4,12.6,4.7,5,5.2,4.2,
鳳山,2023/06/06 00:00:00,NOx,6.5,6,6.3,9.1,10,12,13.7,15.3,10.1,8.2,8.2,15.1,16.6,15.3,16.1,15.3,15.5,15.4,22.7,17.8,6.8,6.3,6.3,5,
鳳山,2023/06/06 00:00:00,O3,21.1,19.1,19.5,16.4,14.2,8.5,6.9,14.9,18.5,20.7,23.8,18.4,14.6,14.6,13.4,9.6,8.9,7.9,3.3,2.8,10.4,10.4,9.2,10.1,
鳳山,2023/06/06 00:00:00,PM10,17,16,17,18,20,25,28,25,21,14,17,17,19,19,18,17,11,13,12,18,14,14,17,11,
鳳山,2023/06/06 00:00:00,PM2.5,9,9,8,7,11,12,11,13,12,7,8,13,8,5,5,5,5,7,9,6,6,8,7,2,
鳳山,2023/06/06 00:00:00,RAINFALL,0,0,0,0,0,0,0,0,0,0,0,0,0,0,0,0,0,0,0,0,0,0,0,0,
鳳山,2023/06/06 00:00:00,RH,86,87,86,85,85,86,87,81,67,62,62,60,58,55,56,59,62,68,72,78,83,85,86,87,
鳳山,2023/06/06 00:00:00,SO2,0.9,0.9,0.8,0.8,0.8,1,1.1,1.9,2.1,1,0.9,2.3,3.6,4,4,2,1,1,2,2.4,1.1,0.9,0.9,0.7,
鳳山,2023/06/06 00:00:00,THC,2.21,2.26,2.18,2.21,2.58,2.52,2.79,2.58,2.1,2,2,2.09,2.08,2.05,2.02,2.01,2.01,1.99,2.07,2.04,1.98,1.96,1.95,1.95,
鳳山,2023/06/06 00:00:00,WD_HR,106,89,76,78,79,93,94,109,134,142,151,253,279,280,285,286,278,210,287,317,105,116,108,111,
鳳山,2023/06/06 00:00:00,WIND_DIREC,109,41,103,90,109,99,108,101,152,114,102,278,283,241,277,286,310,144,43,112,81,114,113,110,
鳳山,2023/06/06 00:00:00,WIND_SPEED,0.9,0.3,0.5,0.6,0.4,0.9,1,0.9,1.2,1.4,1.3,1.4,1.5,1.6,1.2,0.9,1.2,1.4,0.7,0.9,0.6,0.9,0.7,0.7,
鳳山,2023/06/06 00:00:00,WS_HR,0.6,0.4,0.1,0.3,0.3,0.5,0.7,0.4,0.7,0.5,0.6,0.4,0.7,0.4,0.1,0.4,0.4,0.2,0.4,0.1,0.6,0.7,0.6,0.6,
鳳山,2023/06/07 00:00:00,AMB_TEMP,29,28.6,28.4,28.3,27.9,27.8,28.6,30.3,31,32.6,33.3,33.4,33.2,33.5,33.3,32.6,32.2,31.8,31.1,30.5,30.1,29.9,29.5,29.3,
鳳山,2023/06/07 00:00:00,CH4,2,2.07,2.01,2.15,2.39,2.33,2.24,2.01,1.94,1.93,1.92,1.9,1.9,1.9,1.9,1.89,1.9,1.92,1.92,1.91,1.9,1.93,1.92,1.94,
鳳山,2023/06/07 00:00:00,CO,0.13,0.13,0.1,0.13,0.16,0.23,0.25,0.42,0.61,0.5,0.35,0.27,0.26,0.2,0.21,0.21,0.29,0.53,0.49,0.41,0.31,0.25,0.16,0.13,
鳳山,2023/06/07 00:00:00,NMHC,0.02,0.04,0,0.04,0.04,0.07,0.09,0.11,0.16,0.11,0.08,0.05,0.04,0.02,0.03,0.03,0.06,0.15,0.12,0.06,0.04,0.06,0.03,0.03,
鳳山,2023/06/07 00:00:00,NO,0.8,0.7,0.6,0.5,1,1.8,4.1,6.2,10.4,10.7,8,6.3,6.5,4.1,4.4,5.6,7.7,7.4,5.9,3.8,2.9,2.5,1.1,0.9,
鳳山,2023/06/07 00:00:00,NO2,3.8,5.7,3.4,4.6,6.4,7.1,7.1,8.7,11.7,11.9,10.9,8.6,7.5,5.1,6.3,6,8.9,11,11.1,13.2,12.6,11,5.9,4.9,
鳳山,2023/06/07 00:00:00,NOx,4.7,6.4,4.1,5.2,7.4,8.9,11.2,15,22.1,22.6,18.9,14.9,14,9.3,10.7,11.7,16.6,18.4,17.1,17,15.5,13.6,7.1,5.9,
鳳山,2023/06/07 00:00:00,O3,10.3,7.6,9.6,6,2.7,4,5.8,8,7.1,10.1,13.7,15.8,14.6,15.8,14.9,11.7,8.1,6.1,5,5.6,5,5.5,9.5,10.4,
鳳山,2023/06/07 00:00:00,PM10,21,21,14,17,17,13,15,19,21,19,21,14,25,13,20,18,17,16,13,12,15,12,12,10,
鳳山,2023/06/07 00:00:00,PM2.5,6,7,4,5,5,4,3,5,7,9,6,4,6,6,6,5,3,1,4,6,6,6,5,6,
鳳山,2023/06/07 00:00:00,RAINFALL,0,0,0,0,0,0,0,0,0,0,0,0,0,0,0,0,0,0,0,0,0,0,0,0,
鳳山,2023/06/07 00:00:00,RH,86,87,87,86,86,86,84,79,74,65,63,65,66,62,62,64,62,64,67,73,79,78,79,81,
鳳山,2023/06/07 00:00:00,SO2,0.8,1.5,1,1.5,3.8,5.6,5.8,3,3.2,5.3,2.7,1.4,1.2,1,1,1.1,1.5,2.1,1.9,1.5,1.4,1.2,0.9,0.8,
鳳山,2023/06/07 00:00:00,THC,2.03,2.12,2.01,2.2,2.44,2.41,2.34,2.13,2.11,2.05,2.01,1.96,1.95,1.93,1.94,1.93,1.96,2.08,2.05,1.98,1.95,1.99,1.96,1.98,
鳳山,2023/06/07 00:00:00,WD_HR,92,107,110,93,91,89,95,41,277,222,270,258,266,274,271,273,202,306,303,311,34,88,103,86,
鳳山,2023/06/07 00:00:00,WIND_DIREC,74,95,103,89,101,126,106,289,67,247,280,275,278,285,239,328,213,294,44,281,170,89,186,99,
鳳山,2023/06/07 00:00:00,WIND_SPEED,0.8,1,0.9,0.8,0.5,0.4,0.8,0.9,0.8,1.1,1.2,1.6,1.6,1.4,1.2,1.3,1.2,1.1,0.5,0.8,0.8,1.1,0.5,0.6,
鳳山,2023/06/07 00:00:00,WS_HR,0.6,0.6,0.7,0.5,0.5,0.3,0.4,0.2,0.4,0.2,0.5,0.3,0.7,0.7,0.4,0.3,0.2,0.3,0.3,0.3,0.1,0.2,0.6,0.6,
鳳山,2023/06/08 00:00:00,AMB_TEMP,29.1,29,28.7,28.4,28,27.9,28.6,30.4,31.7,32.2,33,33.2,33.6,32.8,32.3,31.5,31.4,31,30.4,30,29.9,30,29.8,29.5,
鳳山,2023/06/08 00:00:00,CH4,1.95,2.01,2.14,2.28,2.51,2.59,2.29,2.07,2.04,1.94,1.94,1.93,1.91,1.9,1.91,1.91,1.91,1.92,1.92,1.91,1.92,1.92,1.92,1.95,
鳳山,2023/06/08 00:00:00,CO,0.11,0.13,0.14,0.18,0.16,0.2,0.29,0.56,0.34,0.34,0.54,0.39,0.22,0.18,0.21,0.24,0.35,0.45,0.37,0.33,0.28,0.29,0.21,0.14,
鳳山,2023/06/08 00:00:00,NMHC,0,0.02,0.04,0.05,0.04,0.06,0.11,0.15,0.14,0.11,0.26,0.15,0.06,0.02,0.03,0.06,0.08,0.11,0.07,0.07,0.05,0.04,0.02,0.02,
鳳山,2023/06/08 00:00:00,NO,0.8,0.5,0.5,0.6,0.7,2.1,5.1,7.8,5.6,3.6,6.2,6.4,4.3,4.4,4,5.8,7.9,7.2,4.3,2.8,2.1,2,1.3,0.5,
鳳山,2023/06/08 00:00:00,NO2,4.5,4.5,4.7,6.8,7.4,8,7.5,10.4,10.5,8.4,12.1,8.9,5.7,6.7,7.5,10.3,11.7,13.4,15.1,14.9,13.8,12.5,11.9,7.1,
鳳山,2023/06/08 00:00:00,NOx,5.3,5.1,5.2,7.5,8.1,10.2,12.7,18.3,16.1,12,18.4,15.4,10.1,11.2,11.6,16.1,19.7,20.7,19.5,17.7,15.9,14.5,13.3,7.6,
鳳山,2023/06/08 00:00:00,O3,10,9,8,4.5,3.8,3.4,5,8,19.4,20.2,15.7,17,16.8,17.3,16.6,11.8,10,9.2,7.2,7.8,9.6,9.5,10.4,15.3,
鳳山,2023/06/08 00:00:00,PM10,10,10,17,15,19,20,23,21,18,14,18,16,11,12,18,13,20,11,12,15,15,10,7,10,
鳳山,2023/06/08 00:00:00,PM2.5,5,8,6,4,7,7,8,7,8,6,8,7,3,1,7,6,2,8,7,8,9,6,3,4,
鳳山,2023/06/08 00:00:00,RAINFALL,0,0,0,0,0,0,0,0,0,0,0,0,0,0,0,0,0,0,0,0,0,0,0,0,
鳳山,2023/06/08 00:00:00,RH,82,82,84,87,88,88,85,74,66,62,61,60,59,63,67,70,69,71,74,80,81,81,81,83,
鳳山,2023/06/08 00:00:00,SO2,0.9,1.6,1.7,1.6,1.2,1.4,1.7,3.8,3.7,3.4,4.5,4.1,2.1,2.1,1.6,2.4,2.1,2,2,1.8,1.7,1.9,1.7,1.5,
鳳山,2023/06/08 00:00:00,THC,1.96,2.04,2.19,2.34,2.56,2.66,2.41,2.22,2.19,2.06,2.21,2.08,1.98,1.93,1.95,1.98,2,2.04,2,1.99,1.97,1.97,1.95,1.98,
鳳山,2023/06/08 00:00:00,WD_HR,109,109,100,87,99,76,51,9,136,147,271,230,272,193,240,134,183,290,48,55,295,253,135,114,
鳳山,2023/06/08 00:00:00,WIND_DIREC,115,87,93,100,88,88,33,134,159,192,282,270,276,225,186,93,247,158,278,331,297,232,82,113,
鳳山,2023/06/08 00:00:00,WIND_SPEED,0.7,0.5,0.5,0.7,0.5,0.4,0.4,1.1,1.2,1,1.1,1.4,1.4,1.5,1.4,1.2,0.9,0.7,0.6,0.6,0.5,0.6,0.6,0.8,
鳳山,2023/06/08 00:00:00,WS_HR,0.4,0.3,0.3,0.4,0.5,0.3,0.3,0.1,0.6,0.3,0.4,0.3,0.5,0.2,0.2,0.3,0.3,0.3,0.1,0.1,0.1,0.1,0.1,0.6,
鳳山,2023/06/09 00:00:00,AMB_TEMP,29.2,29.1,27.3,26.8,27.1,27.4,28.2,29.4,30.5,31,32.3,33.1,33.4,33.7,32.9,33.3,33.2,32.5,31.6,30.4,30.3,30.3,29.2,29,
鳳山,2023/06/09 00:00:00,CH4,1.97,1.99,1.93,1.96,2.04,2.13,2.08,2,1.97,1.93,1.91,1.91,1.91,1.9,1.9,1.91,1.91,1.92,1.94,2.06,2.02,1.95,2.03,2.06,
鳳山,2023/06/09 00:00:00,CO,0.14,0.13,0.11,0.18,0.18,0.21,0.24,0.42,0.47,0.4,0.38,0.45,0.38,0.25,0.31,0.36,0.51,0.63,0.7,0.48,0.33,0.48,0.25,0.23,
鳳山,2023/06/09 00:00:00,NMHC,0,0.02,0,0.01,0.05,0.13,0.07,0.09,0.13,0.15,0.12,0.13,0.09,0.04,0.07,0.09,0.13,0.16,0.18,0.17,0.11,0.1,0.09,0.09,
鳳山,2023/06/09 00:00:00,NO,0.3,0.6,0.6,0.4,0.6,0.9,2.3,2.8,4.3,5.7,4.7,5.1,4.8,3.4,3.6,3.9,5.6,5.5,4.3,1.3,0.7,1.4,0.7,0.6,
鳳山,2023/06/09 00:00:00,NO2,4.3,4.5,3.9,3.8,5.5,9,8.7,7.3,10.8,14.3,9.9,9.6,8.4,5.6,6.4,7.4,9.7,9.9,11.9,15.5,12,9,8.2,7.4,
鳳山,2023/06/09 00:00:00,NOx,4.7,5.2,4.5,4.3,6.1,9.9,11,10.2,15.1,20.1,14.6,14.8,13.3,9,10.1,11.4,15.3,15.5,16.3,16.9,12.7,10.4,8.9,8.1,
鳳山,2023/06/09 00:00:00,O3,15.3,14.6,16.3,14.9,11.7,10.6,12,16.4,17.2,17.5,21.2,22,20,22.6,21.2,22.4,17.8,15,12.8,18.3,21.5,14.2,20.5,16.4,
鳳山,2023/06/09 00:00:00,PM10,8,15,8,4,12,12,18,9,16,16,18,11,13,19,15,15,12,14,15,16,16,20,19,11,
鳳山,2023/06/09 00:00:00,PM2.5,3,5,4,10,8,7,12,9,12,9,12,13,9,7,15,14,10,8,12,11,10,13,15,9,
鳳山,2023/06/09 00:00:00,RAINFALL,0,1,4,0,0,0,0,0,0,0,0,0,0,0,0,0,0,0,0,0,0,0,0,0,
鳳山,2023/06/09 00:00:00,RH,85,85,91,91,91,92,89,84,80,77,70,66,64,63,65,62,62,64,69,78,77,78,83,83,
鳳山,2023/06/09 00:00:00,SO2,1.6,9,2,0.8,0.9,2.6,2.9,1.9,1.5,1.4,1.3,1.1,0.9,0.7,0.7,0.8,0.9,0.9,0.8,0.8,1,0.7,0.6,0.7,
鳳山,2023/06/09 00:00:00,THC,1.98,2.02,1.93,1.98,2.09,2.26,2.16,2.1,2.11,2.09,2.04,2.05,2.01,1.95,1.98,2.01,2.05,2.09,2.13,2.24,2.13,2.06,2.13,2.16,
鳳山,2023/06/09 00:00:00,WD_HR,121,115,110,79,98,90,87,128,261,261,262,268,277,253,252,281,277,281,286,90,97,82,99,99,
鳳山,2023/06/09 00:00:00,WIND_DIREC,125,247,133,49,69,95,98,255,258,261,276,270,260,225,256,295,292,288,191,88,91,95,102,100,
鳳山,2023/06/09 00:00:00,WIND_SPEED,0.7,0.6,0.6,0.3,0.3,0.6,0.4,0.7,0.8,1.2,1.5,1.6,1.3,1.4,1.5,1.4,1.3,0.8,0.6,0.6,0.4,1.1,0.5,0.5,
鳳山,2023/06/09 00:00:00,WS_HR,0.6,0.2,0.3,0.2,0.3,0.3,0.3,0,0.2,0.7,0.8,1,0.9,1.1,1.1,1,1,0.7,0.4,0.5,0.4,0.3,0.7,0.5,
鳳山,2023/06/10 00:00:00,AMB_TEMP,28.6,28.3,28.3,28,27.7,27.6,27.8,28.7,29.9,30.8,31.9,33.1,33,33.1,33,32.4,32.5,31.6,31.2,30.9,30.3,29.3,29.3,29.3,
鳳山,2023/06/10 00:00:00,CH4,2.03,2.1,2.04,2.06,2.11,2.14,2.26,2.37,2.26,1.99,1.91,1.9,1.9,1.9,1.9,1.89,1.9,1.91,1.92,1.92,1.93,2.04,2.05,2.07,
鳳山,2023/06/10 00:00:00,CO,0.19,0.15,0.15,0.15,0.14,0.18,0.25,0.39,0.41,0.48,0.38,0.4,0.32,0.3,0.25,0.27,0.36,0.42,0.55,0.57,0.3,0.28,0.3,0.31,
鳳山,2023/06/10 00:00:00,NMHC,0.05,0.06,0.04,0.02,0.02,0.04,0.08,0.15,0.15,0.12,0.09,0.1,0.09,0.07,0.04,0.07,0.1,0.16,0.15,0.16,0.08,0.08,0.1,0.1,
鳳山,2023/06/10 00:00:00,NO,0.6,0.6,0.5,0.5,0.6,0.5,1.7,3.4,3.3,4.4,4.7,5.4,5.4,4,3.4,3,2.8,4,3.7,4.8,1.4,0.6,0.7,0.6,
鳳山,2023/06/10 00:00:00,NO2,6.6,5.7,5.3,7.6,5.7,5.8,7.5,10.1,11.9,13.5,10.8,10.7,8.8,6.6,6.5,6,7.2,11.3,12,11.5,7.7,9.5,9,8.2,
鳳山,2023/06/10 00:00:00,NOx,7.3,6.4,5.9,8.1,6.3,6.4,9.2,13.5,15.3,17.9,15.5,16.2,14.3,10.6,9.9,9,10.1,15.3,15.7,16.4,9.2,10.2,9.7,8.8,
鳳山,2023/06/10 00:00:00,O3,14.9,14.8,15.4,8.9,10.1,10.4,8.5,11.4,19,16.8,17.8,19.8,17.6,19.3,19.1,21.2,19.4,14.1,13.3,13,14.9,19.4,19.9,18.7,
鳳山,2023/06/10 00:00:00,PM10,14,17,14,14,19,18,25,30,34,23,12,12,13,8,8,14,9,11,12,10,14,18,21,17,
鳳山,2023/06/10 00:00:00,PM2.5,7,12,9,6,5,5,11,16,16,17,11,9,11,8,6,5,8,6,5,6,6,12,14,19,
鳳山,2023/06/10 00:00:00,RAINFALL,0,0,0,0,0,0,0,0,0,0,0,0,0,0,0,0,0,0,0,0,0,0,0,0,
鳳山,2023/06/10 00:00:00,RH,84,84,83,85,86,86,86,85,82,75,70,63,62,63,64,67,64,67,70,73,77,82,81,81,
鳳山,2023/06/10 00:00:00,SO2,0.8,1,0.9,1.2,1,0.9,3.1,3,4.3,4.1,2,1.7,1.4,1.2,1.1,1.2,1.1,1.2,1.3,1,0.8,1.1,1.2,1.2,
鳳山,2023/06/10 00:00:00,THC,2.08,2.17,2.09,2.09,2.14,2.19,2.35,2.53,2.42,2.12,2,2.01,2,1.98,1.95,1.97,2.01,2.08,2.08,2.09,2.02,2.13,2.16,2.18,
鳳山,2023/06/10 00:00:00,WD_HR,91,82,95,93,92,85,92,94,155,80,294,263,267,261,276,276,265,279,299,275,73,98,87,89,
鳳山,2023/06/10 00:00:00,WIND_DIREC,86,63,115,93,87,70,90,83,91,297,273,280,284,240,286,296,263,253,291,331,98,96,95,76,
鳳山,2023/06/10 00:00:00,WIND_SPEED,0.5,0.3,0.7,0.7,0.5,0.4,0.5,0.7,0.5,0.7,0.8,1.1,1.5,1.1,1.3,1.4,1.1,0.8,1.1,0.4,0.6,0.6,0.5,0.4,
鳳山,2023/06/10 00:00:00,WS_HR,0.6,0.5,0.4,0.5,0.6,0.3,0.5,0.5,0.3,0.1,0.4,0.4,0.8,0.8,0.8,1,0.8,0.6,0.8,0.5,0.2,0.6,0.4,0.3,
鳳山,2023/06/11 00:00:00,AMB_TEMP,29.3,28.6,28.7,28.5,28.1,28,28.7,29.1,29,26.7,27.5,28.2,30.1,31,31.3,31.2,31.3,31.4,30.8,30.4,30,29.8,29.7,29.4,
鳳山,2023/06/11 00:00:00,CH4,2.19,2.3,2.45,2.42,2.28,2.23,2.12,2.05,2.07,2.02,1.98,1.96,1.92,1.92,1.93,1.94,1.93,1.96,1.95,1.97,1.98,2,2,1.93,
鳳山,2023/06/11 00:00:00,CO,0.31,0.26,0.26,0.24,0.22,0.23,0.26,0.29,0.34,0.44,0.44,0.34,0.31,0.31,0.33,0.37,0.45,0.73,0.63,0.7,0.44,0.41,0.43,0.22,
鳳山,2023/06/11 00:00:00,NMHC,0.12,0.1,0.09,0.09,0.08,0.07,0.06,0.06,0.08,0.14,0.15,0.09,0.05,0.04,0.08,0.09,0.1,0.2,0.16,0.18,0.12,0.13,0.25,0.04,
鳳山,2023/06/11 00:00:00,NO,0.6,1.2,0.9,1,1,1.4,2,1.9,1.7,2.2,3.4,3,2,1.5,2.1,1.6,2.9,5.6,4,4.7,2.1,1.6,2.7,2,
鳳山,2023/06/11 00:00:00,NO2,8.6,10,9.3,8.5,8.2,7.7,6.9,6.8,7.7,8.9,10.5,7.2,5,5,8.6,9.4,11.2,14.7,11.3,14.5,12.2,14,17.9,7.7,
鳳山,2023/06/11 00:00:00,NOx,9.2,11.3,10.3,9.6,9.2,9.1,8.9,8.8,9.5,11.1,14,10.2,7,6.5,10.8,11,14.1,20.3,15.4,19.2,14.4,15.7,20.6,9.7,
鳳山,2023/06/11 00:00:00,O3,15.5,9.5,8.5,6.6,5.4,6.4,8.3,11.1,9.9,14.9,15.4,20.6,29.4,33.7,31.6,31.9,23.3,14.6,13.1,10.1,10.5,8.4,4.3,16.4,
鳳山,2023/06/11 00:00:00,PM10,22,24,26,21,22,27,23,20,24,7,4,4,4,7,13,11,14,9,9,9,9,10,12,16,
鳳山,2023/06/11 00:00:00,PM2.5,15,18,14,14,13,10,10,10,11,10,8,6,5,3,5,9,6,6,5,5,3,6,4,8,
鳳山,2023/06/11 00:00:00,RAINFALL,0,0,0,0,0,0,0,0,0.5,16,8.5,0,0,0,0,0,0,0,0,0,0,0,0,0,
鳳山,2023/06/11 00:00:00,RH,82,87,87,88,89,88,85,85,85,95,95,92,83,76,72,73,72,70,70,73,77,79,80,85,
鳳山,2023/06/11 00:00:00,SO2,1.1,0.7,1.2,1.1,0.9,0.9,0.9,0.7,0.7,0.7,0.4,0.4,0.5,0.6,0.8,0.9,0.5,0.6,0.6,0.4,0.5,0.9,0.7,0.6,
鳳山,2023/06/11 00:00:00,THC,2.32,2.41,2.55,2.52,2.37,2.31,2.19,2.12,2.16,2.17,2.14,2.06,1.98,1.97,2.01,2.04,2.04,2.17,2.12,2.15,2.11,2.14,2.26,1.98,
鳳山,2023/06/11 00:00:00,WD_HR,91,86,99,96,82,88,85,83,90,293,319,80,183,180,218,67,282,287,301,302,38,77,105,126,
鳳山,2023/06/11 00:00:00,WIND_DIREC,86,101,79,114,83,90,105,80,214,265,85,112,210,246,9,54,285,303,1,322,24,110,250,156,
鳳山,2023/06/11 00:00:00,WIND_SPEED,0.7,0.5,0.3,0.6,0.4,0.5,0.5,0.4,0.4,0.3,0.5,0.5,0.8,0.6,0.4,0.3,0.5,0.8,0.3,0.3,0.3,0.5,0.3,1.1,
鳳山,2023/06/11 00:00:00,WS_HR,0.7,0.4,0.4,0.5,0.4,0.4,0.4,0.4,0.4,0.2,0.1,0.3,0.3,0.1,0.1,0.2,0.2,0.5,0.3,0.2,0.3,0.3,0.2,0.4,
鳳山,2023/06/12 00:00:00,AMB_TEMP,29,29,28.8,28,26.2,25.8,25.9,26.1,26.2,25.8,25.7,25.8,26.1,26.9,27.8,28.7,28.9,27.4,26.6,26.8,26.9,26.5,26.3,26.4,
鳳山,2023/06/12 00:00:00,CH4,1.92,1.92,1.94,1.98,1.97,2.03,2.05,2.08,2,1.98,1.98,2.01,2.04,2.03,1.96,1.94,1.94,1.95,1.98,1.98,2.03,2.03,2.02,2.08,
鳳山,2023/06/12 00:00:00,CO,0.16,0.2,0.13,0.13,0.13,0.15,0.22,0.38,0.37,0.26,0.27,0.3,0.41,0.33,0.31,0.32,0.35,0.51,0.45,0.44,0.49,0.25,0.21,0.2,
鳳山,2023/06/12 00:00:00,NMHC,0.01,0.02,0,0,0,0,0.03,0.08,0.09,0.06,0.07,0.13,0.16,0.12,0.09,0.08,0.09,0.12,0.09,0.13,0.19,0.05,0.04,0.06,
鳳山,2023/06/12 00:00:00,NO,0.9,1.1,0.5,0.5,0.5,0.5,0.9,1,1.4,1.2,1.1,1.5,2.6,2,2,2.3,2.5,2.4,1.6,1.8,1.1,0.6,0.6,0.7,
鳳山,2023/06/12 00:00:00,NO2,3.6,3.8,3.3,3.7,1.8,2.1,4.6,8.1,10.4,8.1,8.6,11.1,13.6,12.7,11.1,8.5,8.3,12.1,15.8,22,18,6.5,5.5,4.9,
鳳山,2023/06/12 00:00:00,NOx,4.5,4.9,3.8,4.3,2.4,2.7,5.5,9.1,11.9,9.4,9.8,12.7,16.3,14.7,13.1,10.8,10.8,14.5,17.4,23.8,19.1,7.2,6.1,5.7,
鳳山,2023/06/12 00:00:00,O3,19.8,18.9,18.7,16.9,26.6,28.8,24.3,20.5,21.5,24.2,24.5,21.6,20.7,20.8,24.4,24.3,22.5,17.9,15.8,8.2,12.1,21.3,22.3,21.4,
鳳山,2023/06/12 00:00:00,PM10,9,9,6,15,1,0,0,2,2,4,1,5,10,6,7,12,8,7,4,2,12,10,6,3,
鳳山,2023/06/12 00:00:00,PM2.5,8,8,5,8,6,5,3,3,3,1,0,4,8,5,1,8,5,3,5,5,3,3,3,1,
鳳山,2023/06/12 00:00:00,RAINFALL,0,0,0,8.5,13.5,30,28,4,17.5,40.5,14,1,1,0,0,0,0,31.5,2.5,0,0,0.5,0.5,5,
鳳山,2023/06/12 00:00:00,RH,87,85,87,91,96,97,97,97,97,98,98,98,97,96,95,91,89,94,98,97,97,97,97,97,
鳳山,2023/06/12 00:00:00,SO2,0.4,1,0.9,1.2,1.1,0.9,0.9,1.1,1.2,0.9,0.9,1.2,1.6,1.5,1.3,1,0.9,0.8,0.9,0.9,1.2,0.9,1,1.1,
鳳山,2023/06/12 00:00:00,THC,1.94,1.95,1.95,1.97,1.95,2.02,2.09,2.17,2.1,2.04,2.06,2.15,2.2,2.16,2.06,2.03,2.04,2.08,2.08,2.12,2.23,2.09,2.07,2.15,
鳳山,2023/06/12 00:00:00,WD_HR,134,110,111,122,95,80,77,90,76,98,92,99,88,84,97,118,108,299,62,68,79,82,96,64,
鳳山,2023/06/12 00:00:00,WIND_DIREC,100,94,112,164,86,53,80,100,99,86,85,85,105,77,93,118,115,323,82,55,73,86,94,317,
鳳山,2023/06/12 00:00:00,WIND_SPEED,1,0.7,0.7,1.1,1.2,0.3,0.5,0.9,0.5,0.7,0.9,1,0.4,0.4,1,1.1,1,0.5,0.5,0.3,1,0.6,1,0.5,
鳳山,2023/06/12 00:00:00,WS_HR,0.3,0.4,0.4,0.2,0.7,0.4,0.2,0.5,0.4,0.6,0.8,0.6,0.4,0.3,0.6,0.8,0.6,0.3,0.2,0.3,0.5,0.5,0.5,0.3,
鳳山,2023/06/13 00:00:00,AMB_TEMP,26.2,26.1,26.1,26,25.9,25.9,25.9,26.2,26.9,28.6,29.2,29,29.1,28.1,28.5,28.8,28,28.4,28.3,28.1,27.8,27.2,27.3,27.3,
鳳山,2023/06/13 00:00:00,CH4,2.05,2.03,2.03,2.09,2.12,2.03,2.08,2.15,2.15,2.04,1.98,1.95,1.96,1.96,1.97,1.98,1.96,1.96,1.98,2.01,2.04,2.03,2.02,2.07,
鳳山,2023/06/13 00:00:00,CO,0.17,0.15,0.15,0.15,0.18,0.18,0.23,0.46,0.52,0.41,0.4,0.41,0.33,0.31,0.36,0.42,0.42,0.44,0.41,0.46,0.55,0.67,0.28,0.24,
鳳山,2023/06/13 00:00:00,NMHC,0.01,0.01,0.01,0.02,0.01,0.03,0.03,0.1,0.14,0.18,0.16,0.13,0.07,0.06,0.1,0.13,0.13,0.08,0.08,0.16,0.19,0.12,0.06,0.06,
鳳山,2023/06/13 00:00:00,NO,0.7,0.8,0.5,0.6,0.6,0.6,0.7,1.3,3.3,5.2,3.3,3.9,2.5,1.7,1.7,2.6,1.9,1.7,0.8,1.9,0.9,1,0.6,0.6,
鳳山,2023/06/13 00:00:00,NO2,4.1,2.9,3.6,3.6,2.6,4.2,4.9,7.4,12.5,13.7,12.1,10.4,7.3,7.7,10.9,10.7,12.3,11.7,11.1,14.8,16,16.4,7.1,6,
鳳山,2023/06/13 00:00:00,NOx,4.8,3.8,4.1,4.3,3.2,4.8,5.7,8.7,15.8,19,15.5,14.3,9.8,9.4,12.6,13.4,14.3,13.5,11.9,16.7,17,17.4,7.8,6.7,
鳳山,2023/06/13 00:00:00,O3,23.5,24.1,24.5,23.4,23.1,25.8,22.4,17.8,16.6,20.7,24.5,26.1,32.1,32.2,30.2,28.5,26.6,27.6,27,21.6,19.5,20,26.3,25.2,
鳳山,2023/06/13 00:00:00,PM10,1,2,1,0,0,0,1,4,4,17,18,11,11,8,9,12,10,9,12,12,15,10,8,6,
鳳山,2023/06/13 00:00:00,PM2.5,0,6,5,2,2,2,2,5,8,9,9,5,1,3,4,2,3,3,2,6,4,6,5,2,
鳳山,2023/06/13 00:00:00,RAINFALL,16,7.5,0.5,2,0,0.5,0,0,0,0,0,0,0,1,0,0,0.5,0,0,0,6,3,0.5,0,
鳳山,2023/06/13 00:00:00,RH,98,98,98,98,98,97,98,98,96,91,88,87,88,92,89,88,91,91,92,93,94,97,97,97,
鳳山,2023/06/13 00:00:00,SO2,0.9,0.7,1.1,1.3,0.5,1.5,1.4,1.1,1.2,1.6,1.5,0.8,0.6,0.6,1.2,2,1.6,0.8,0.5,0.4,0.6,1,0.5,0.6,
鳳山,2023/06/13 00:00:00,THC,2.07,2.05,2.05,2.12,2.13,2.07,2.12,2.26,2.3,2.23,2.15,2.09,2.04,2.03,2.08,2.12,2.1,2.04,2.07,2.18,2.24,2.15,2.08,2.14,
鳳山,2023/06/13 00:00:00,WD_HR,101,79,82,80,92,81,87,96,100,108,110,130,117,113,149,140,133,40,100,85,112,83,95,75,
鳳山,2023/06/13 00:00:00,WIND_DIREC,23,74,60,69,92,71,105,107,90,131,113,174,104,87,193,108,90,87,83,61,165,37,132,73,
鳳山,2023/06/13 00:00:00,WIND_SPEED,0.3,0.5,0.6,0.4,0.9,0.3,0.4,0.6,0.8,0.7,1.3,1.5,1.4,1.1,1.4,1.2,0.9,0.7,0.6,0.4,0.8,0.4,0.5,0.4,
鳳山,2023/06/13 00:00:00,WS_HR,0.2,0.4,0.4,0.3,0.5,0.3,0.3,0.4,0.5,0.5,0.5,0.6,0.8,0.6,0,0.4,0.3,0.1,0.6,0.4,0.3,0.3,0.2,0.3,
鳳山,2023/06/14 00:00:00,AMB_TEMP,27.3,27,26.8,26.7,26.5,26.6,26.9,27.7,28.6,29.9,30.9,32.2,32.7,33.1,31.8,31.4,31.6,30.5,30.1,29.5,29.3,29.2,29.1,28.6,
鳳山,2023/06/14 00:00:00,CH4,2.15,2.16,2.23,2.25,2.19,2.23,2.11,2.05,2,2.02,2.01,1.98,1.96,1.95,1.95,1.96,1.98,1.97,1.98,1.99,1.99,1.97,2,2.05,
鳳山,2023/06/14 00:00:00,CO,0.21,0.19,0.19,0.19,0.23,0.28,0.33,0.49,0.49,0.6,0.7,0.61,0.5,0.37,0.36,0.4,0.62,0.48,0.51,0.59,0.54,0.38,0.3,0.21,
鳳山,2023/06/14 00:00:00,NMHC,0.05,0.03,0.04,0.04,0.06,0.09,0.08,0.11,0.12,0.15,0.19,0.17,0.12,0.07,0.07,0.09,0.15,0.1,0.1,0.13,0.13,0.05,0.08,0.04,
鳳山,2023/06/14 00:00:00,NO,0.6,0.9,0.9,1,1,1,1.5,2.4,2.7,3.4,3.3,4.1,3.2,2.8,2.6,2.6,3.3,2.4,1.2,2,1.7,1.6,1.2,0.9,
鳳山,2023/06/14 00:00:00,NO2,5.5,3.2,4.3,4.7,5.5,7.8,7.9,9.3,9.5,13.4,16.5,11.8,9.8,7.1,6.8,9,13.7,10.1,12.7,18.7,15.9,15.8,12.3,6.2,
鳳山,2023/06/14 00:00:00,NOx,6.1,4.1,5.3,5.8,6.5,8.9,9.4,11.7,12.3,16.9,19.9,15.9,13,9.9,9.4,11.7,17,12.6,14,20.7,17.6,17.4,13.5,7.1,
鳳山,2023/06/14 00:00:00,O3,23.2,23.9,19,16.7,15.3,15.6,15.6,17,24.4,28.3,32.2,36.4,40.1,38.2,38.7,41.6,39,40.3,37.6,31.7,31.6,31,36.7,40,
鳳山,2023/06/14 00:00:00,PM10,5,6,9,7,5,3,3,7,9,17,20,15,14,15,11,11,21,17,14,22,17,22,14,17,
鳳山,2023/06/14 00:00:00,PM2.5,1,3,4,2,1,0,0,0,4,5,8,7,7,11,10,8,13,7,7,10,10,8,10,8,
鳳山,2023/06/14 00:00:00,RAINFALL,0,0,0,0.5,5,0,0,0,0,0,0,0,0,0,0,0,0,0,0,0,0,0,0,0,
鳳山,2023/06/14 00:00:00,RH,97,97,97,97,98,98,97,94,90,86,82,73,71,68,72,68,59,65,68,72,74,75,74,81,
鳳山,2023/06/14 00:00:00,SO2,0.9,1.1,0.8,0.8,0.7,0.7,0.9,0.9,0.8,1.1,1.2,0.9,1,1.1,0.8,0.9,1.1,1.1,1,1.3,1.4,1.5,1.3,1.1,
鳳山,2023/06/14 00:00:00,THC,2.21,2.19,2.27,2.29,2.26,2.33,2.2,2.17,2.13,2.18,2.21,2.16,2.09,2.03,2.02,2.06,2.14,2.08,2.09,2.13,2.13,2.03,2.09,2.09,
鳳山,2023/06/14 00:00:00,WD_HR,76,86,70,81,307,58,75,86,95,34,294,286,293,278,270,266,289,316,299,271,280,295,86,104,
鳳山,2023/06/14 00:00:00,WIND_DIREC,73,95,333,50,39,73,97,87,111,9,303,313,295,281,282,274,302,46,269,356,284,345,96,69,
鳳山,2023/06/14 00:00:00,WIND_SPEED,0.3,0.4,0.3,0.3,0.3,0.3,0.3,0.4,0.4,0.4,1.5,1.2,1.4,1.9,1.5,1.2,0.5,0.3,0.7,0.3,0.6,0.3,0.5,0.6,
鳳山,2023/06/14 00:00:00,WS_HR,0.4,0.4,0.2,0.3,0.1,0.2,0.3,0.3,0.2,0.2,0.5,0.9,1.1,1.2,1.2,1,0.8,0.1,0.1,0.5,0.4,0.2,0.3,0.5,
鳳山,2023/06/15 00:00:00,AMB_TEMP,28.2,28.2,28,27.5,26.9,26,25.4,25.4,25.7,25.7,25.9,26.2,26.7,27.3,27.6,28.2,28.1,27.2,27.1,27.2,27.8,27.7,27.7,27.3,
鳳山,2023/06/15 00:00:00,CH4,2.09,2.11,2.27,2.38,2.23,2.18,2.08,2.11,2.12,2.1,2.07,2.15,2.2,2.28,2.09,1.97,1.96,1.96,1.97,1.99,1.98,1.97,1.95,1.96,
鳳山,2023/06/15 00:00:00,CO,0.19,0.18,0.18,0.21,0.31,0.23,0.26,0.4,0.54,0.49,0.43,0.46,0.44,0.4,0.28,0.3,0.34,0.44,0.38,0.38,0.38,0.29,0.23,0.21,
鳳山,2023/06/15 00:00:00,NMHC,0.01,0.03,0.04,0.06,0.08,0.08,0.02,0.07,0.15,0.17,0.34,0.45,0.44,0.28,0.07,0.08,0.12,0.12,0.15,0.17,0.13,0.11,0.07,0.01,
鳳山,2023/06/15 00:00:00,NO,0.8,0.7,0.5,0.4,0.6,0.6,0.6,0.7,1.6,2.2,2.6,4.6,5.8,4.6,2.8,2.1,1.9,2.2,0.8,0.9,0.8,0.9,0.8,0.6,
鳳山,2023/06/15 00:00:00,NO2,4.1,3.8,4.6,6,6,6.2,4.1,9.2,15.6,18.6,20.6,25.2,22.4,16.8,10.2,8.2,10.7,10.6,11.2,10,12.4,8.9,7.6,7,
鳳山,2023/06/15 00:00:00,NOx,4.9,4.5,5.1,6.5,6.7,6.9,4.7,9.9,17.3,20.8,23.3,29.9,28.2,21.5,13.1,10.4,12.7,12.9,12,11,13.2,9.9,8.4,7.7,
鳳山,2023/06/15 00:00:00,O3,36.1,34.3,30.7,20.9,27.1,28.3,40.2,28.4,17.2,13.3,14.6,10.9,14.9,18.3,24.5,26.7,19.8,20.7,20.4,21.9,21,23.6,22.5,23.6,
鳳山,2023/06/15 00:00:00,PM10,17,23,24,22,23,12,11,15,18,16,12,16,23,20,7,#,17,15,4,5,6,5,7,8,
鳳山,2023/06/15 00:00:00,PM2.5,11,13,13,13,11,10,9,14,14,15,10,11,20,13,11,#,6,6,4,0,0,3,5,4,
鳳山,2023/06/15 00:00:00,RAINFALL,0,0,0,0,9,2.5,1,0.5,1.5,5,3,2,0.5,0,0,0,1,0,0,0,0,0,0,3,
鳳山,2023/06/15 00:00:00,RH,85,84,84,88,90,96,96,95,94,96,97,97,97,96,93,90,90,94,93,92,89,90,91,93,
鳳山,2023/06/15 00:00:00,SO2,1.1,2.1,3.2,1.3,1.6,1.3,1,0.9,1.2,0.9,1.1,2.1,3.4,2.6,1.6,1.4,1.1,1,1.2,1.2,1,1.1,0.9,1,
鳳山,2023/06/15 00:00:00,THC,2.11,2.15,2.32,2.45,2.32,2.27,2.11,2.19,2.28,2.28,2.42,2.61,2.65,2.57,2.17,2.06,2.09,2.08,2.13,2.16,2.12,2.09,2.03,1.98,
鳳山,2023/06/15 00:00:00,WD_HR,111,81,93,79,93,86,94,109,95,81,87,82,93,97,98,107,110,111,98,108,123,108,106,80,
鳳山,2023/06/15 00:00:00,WIND_DIREC,122,85,86,114,68,96,97,110,75,25,86,82,71,93,73,127,100,111,104,109,108,119,111,92,
鳳山,2023/06/15 00:00:00,WIND_SPEED,0.6,0.7,0.4,0.3,0.4,0.9,0.4,0.5,0.3,0.3,0.5,0.4,0.5,0.9,0.7,0.7,0.7,0.9,1.3,0.7,0.7,1.1,1.3,0.6,
鳳山,2023/06/15 00:00:00,WS_HR,0.3,0.4,0.3,0.3,0.3,0.4,0.6,0.4,0.3,0.4,0.4,0.4,0.4,0.5,0.6,0.5,0.7,0.6,0.7,0.7,0.2,0.7,0.4,0.1,
鳳山,2023/06/16 00:00:00,AMB_TEMP,25.8,24.5,24.6,24.7,24.9,24.9,25.3,26.4,27,28.3,29.7,28,28.1,28.8,29.1,29.7,29.9,29.9,29.7,29.5,29.5,29.6,29.5,29.2,
鳳山,2023/06/16 00:00:00,CH4,1.97,1.94,2.02,2.07,2.15,2.28,2.2,2.08,1.96,2.02,2.11,1.96,1.92,1.91,1.91,1.91,1.91,1.91,1.92,1.93,1.92,1.93,1.92,1.92,
鳳山,2023/06/16 00:00:00,CO,0.59,0.11,0.12,0.14,0.16,0.19,0.39,0.72,0.44,0.5,0.5,0.77,0.33,0.24,0.23,0.27,0.28,0.42,0.47,0.43,0.35,0.33,0.24,0.2,
鳳山,2023/06/16 00:00:00,NMHC,0.07,0,0,0,0.02,0.04,0.09,0.22,0.12,0.23,0.2,0.17,0.11,0.05,0.05,0.04,0.08,0.1,0.13,0.11,0.09,0.08,0.03,0.05,
鳳山,2023/06/16 00:00:00,NO,0.6,0.6,0.5,0.5,0.6,0.6,1,7.9,3.6,4.6,5.4,9.1,3.5,2.2,2.4,2.8,1.7,2.3,2.3,2.7,2.1,2.3,1.4,1,
鳳山,2023/06/16 00:00:00,NO2,12.8,2.1,1.5,3,4.3,4.9,8.5,19.1,10.8,14.7,13.8,15.9,9,6.2,6.6,5.8,5.9,7.6,11.5,12,11.3,12,8.8,9.1,
鳳山,2023/06/16 00:00:00,NOx,13.5,2.7,2,3.6,5,5.6,9.6,27,14.5,19.3,19.2,25.1,12.5,8.4,9.1,8.7,7.6,9.9,13.8,14.8,13.5,14.3,10.3,10.2,
鳳山,2023/06/16 00:00:00,O3,20.6,31.7,31.4,25.7,22.6,19.6,17.4,12,15.6,15.3,18.7,11.7,18.1,19.2,19.7,19.8,18.5,15.3,11.2,8.3,7.3,6.3,10.3,7.3,
鳳山,2023/06/16 00:00:00,PM10,9,5,2,4,11,11,11,15,6,12,22,27,2,6,13,11,21,15,20,20,21,17,18,16,
鳳山,2023/06/16 00:00:00,PM2.5,3,0,0,2,3,2,3,4,6,12,11,14,7,9,9,10,6,9,9,6,3,6,8,8,
鳳山,2023/06/16 00:00:00,RAINFALL,2.5,3,0.5,0,0,0,0,0,0.5,0,0,1.5,0,0,0,0,0,0,0,0,0,0,0,0,
鳳山,2023/06/16 00:00:00,RH,95,96,95,95,95,96,95,93,93,91,87,93,93,90,89,86,85,86,87,88,88,87,87,88,
鳳山,2023/06/16 00:00:00,SO2,4.9,2.4,1.2,1,1,1,1.1,1.1,0.9,1,2.1,5.2,1.5,1.1,1.1,1.1,1,1.1,1.2,1.1,0.9,0.9,1.1,1.2,
鳳山,2023/06/16 00:00:00,THC,2.05,1.94,2.02,2.08,2.18,2.33,2.3,2.31,2.09,2.26,2.32,2.14,2.04,1.97,1.97,1.96,2,2.02,2.06,2.05,2.02,2.02,1.96,1.98,
鳳山,2023/06/16 00:00:00,WD_HR,126,105,86,104,97,87,70,83,111,92,125,175,118,121,126,117,114,114,92,110,111,103,112,98,
鳳山,2023/06/16 00:00:00,WIND_DIREC,105,91,94,84,116,92,93,91,89,98,120,154,147,159,116,106,130,118,104,79,67,166,77,107,
鳳山,2023/06/16 00:00:00,WIND_SPEED,1.4,0.9,0.7,0.4,0.4,0.5,0.4,0.6,0.5,0.7,1.1,1.1,1.1,0.8,1.5,1.2,1,1.1,0.7,0.6,0.6,1.1,0.6,0.5,
鳳山,2023/06/16 00:00:00,WS_HR,0.5,0.7,0.5,0.3,0.3,0.3,0.3,0.3,0.5,0.5,0.5,0.3,0.6,0.7,1,0.7,0.8,0.6,0.5,0.4,0.4,0.3,0.4,0.4,
鳳山,2023/06/17 00:00:00,AMB_TEMP,28.7,28.5,28.4,28.4,28.1,28,27.7,28.1,29.3,30.7,31.6,31.6,32.4,33,32.8,32.6,32.2,31.7,30.8,30.1,29.8,29.5,28.9,28.1,
鳳山,2023/06/17 00:00:00,CH4,1.97,2,1.95,1.93,2.11,2.23,2.59,2.62,2.33,2.05,1.91,1.91,1.94,1.89,1.89,1.9,1.92,1.93,2.01,2.14,2.09,2.14,2.11,2.2,
鳳山,2023/06/17 00:00:00,CO,0.2,0.16,0.13,0.12,0.22,0.24,0.43,0.69,0.69,0.38,0.38,0.36,0.66,0.21,0.24,0.32,0.51,0.57,0.46,0.52,0.45,0.52,0.38,0.37,
鳳山,2023/06/17 00:00:00,NMHC,0.1,0.07,0.06,0.07,0.04,0.12,0.16,0.2,0.19,0.15,0.13,0.1,0.15,0.02,0.03,0.05,0.09,0.18,0.14,0.2,0.16,0.28,0.15,0.15,
鳳山,2023/06/17 00:00:00,NO,0.8,0.6,0.6,0.7,0.8,1.6,5.2,10.6,12.2,5.6,3.7,4.2,6.4,7,5.5,5.4,6.2,4.4,2,2.9,2,3.1,2.4,1.9,
鳳山,2023/06/17 00:00:00,NO2,8.1,6.4,5.1,4.5,4.8,7.2,7.8,8.3,9.4,8.2,7.4,6.8,8.7,7.9,8.5,11,13.7,14.9,11.6,16.9,14,16.4,12.6,11.3,
鳳山,2023/06/17 00:00:00,NOx,8.9,7.1,5.7,5.3,5.6,8.8,13,18.9,21.7,13.8,11.1,11,15.1,14.9,14,16.4,20,19.3,13.6,19.8,16,19.5,15,13.2,
鳳山,2023/06/17 00:00:00,O3,7.4,6.9,7,6.6,5.7,5.4,1.7,1.6,3.8,12.4,14.3,13.4,12.8,13.1,15.4,13.6,12,11.4,9.9,4.3,6.9,2.4,2.9,3.4,
鳳山,2023/06/17 00:00:00,PM10,14,14,12,9,14,20,24,27,25,19,17,17,19,10,16,17,21,24,21,31,26,58,27,21,
鳳山,2023/06/17 00:00:00,PM2.5,6,7,5,5,7,7,8,11,9,11,7,5,6,5,7,7,12,13,10,15,11,55,16,11,
鳳山,2023/06/17 00:00:00,RAINFALL,0,0,0,0,0,0,0,0,0,0,0,0,0,0,0,0,0,0,0,0,0,0,0.5,0,
鳳山,2023/06/17 00:00:00,RH,89,90,90,90,90,91,91,89,86,85,80,78,74,70,72,71,72,75,78,80,86,86,88,93,
鳳山,2023/06/17 00:00:00,SO2,1.1,0.9,0.7,0.6,0.7,0.9,1.3,1.1,2.1,1.7,1,1,4.7,4.4,1.7,1.5,3,2.9,1.4,1.2,1,1.8,0.9,0.5,
鳳山,2023/06/17 00:00:00,THC,2.08,2.08,2.02,2.01,2.16,2.36,2.76,2.83,2.53,2.2,2.05,2.02,2.1,1.92,1.93,1.96,2.02,2.12,2.16,2.35,2.26,2.42,2.27,2.35,
鳳山,2023/06/17 00:00:00,WD_HR,86,97,85,102,81,73,79,91,106,118,136,124,113,187,262,197,95,114,96,89,86,87,83,90,
鳳山,2023/06/17 00:00:00,WIND_DIREC,61,103,93,88,65,83,70,100,157,102,137,158,283,297,213,83,28,97,176,80,80,96,87,71,
鳳山,2023/06/17 00:00:00,WIND_SPEED,0.4,0.6,0.5,0.5,0.4,0.3,0.3,0.5,1,1.2,1.2,1.3,1.3,1.3,0.8,0.7,0.5,0.5,0.4,0.5,0.3,0.4,0.6,0.3,
鳳山,2023/06/17 00:00:00,WS_HR,0.3,0.4,0.4,0.4,0.4,0.4,0.4,0.4,0.4,0.6,0.5,0.7,0.1,0.3,0.2,0.1,0.2,0.1,0.5,0.5,0.4,0.4,0.5,0.4,
鳳山,2023/06/18 00:00:00,AMB_TEMP,28,28.1,28,28,27.9,28,28.3,29.2,30.2,31.3,32.2,33.6,33.8,34.2,33.9,33.4,33.1,32.7,31.9,31,30.9,30.8,30.6,29.9,
鳳山,2023/06/18 00:00:00,CH4,2.37,2.42,2.41,2.3,2.17,2.04,1.92,1.9,1.91,1.9,1.94,1.92,1.91,1.89,1.9,1.9,1.9,1.9,1.9,1.9,1.92,1.94,1.94,1.98,
鳳山,2023/06/18 00:00:00,CO,0.37,0.3,0.23,0.23,0.19,0.18,0.24,0.34,0.44,0.34,0.62,0.46,0.46,0.28,0.25,0.29,0.36,0.47,0.49,0.37,0.42,0.43,0.38,0.24,
鳳山,2023/06/18 00:00:00,NMHC,0.16,0.14,0.06,0.06,0.02,0.04,0.06,0.09,0.11,0.06,0.21,0.17,0.12,0.06,0.08,0.08,0.07,0.1,0.11,0.06,0.09,0.09,0.07,0.06,
鳳山,2023/06/18 00:00:00,NO,2.7,2.2,0.9,0.7,0.5,1.1,1.7,3.1,4.2,4.3,7.6,6.3,7.7,6.2,4.1,4.7,5.6,4.2,3.7,3.4,4,4.1,3.3,0.9,
鳳山,2023/06/18 00:00:00,NO2,10.7,9.8,7.7,6.3,4.4,4.7,4.5,4.4,5,4.8,8.5,8,9.3,6.8,5.4,8.1,7.6,7.2,7.3,7.3,8.7,11,9.1,7.2,
鳳山,2023/06/18 00:00:00,NOx,13.5,12,8.6,7,5,5.8,6.3,7.5,9.2,9.1,16.2,14.4,17,13.1,9.6,12.8,13.3,11.5,11,10.8,12.7,15.2,12.4,8.1,
鳳山,2023/06/18 00:00:00,O3,1.7,1.9,4.5,5.2,6.8,6.1,4.4,4.9,6.5,8.3,7.6,12.1,10.1,11.9,14.4,13.7,13.4,14.1,12.1,9.2,8.2,6.4,7.6,8.6,
鳳山,2023/06/18 00:00:00,PM10,A,26,18,22,21,12,15,15,13,14,11,16,23,17,13,15,19,17,8,10,15,14,10,13,
鳳山,2023/06/18 00:00:00,PM2.5,11,15,8,10,9,6,5,3,4,5,7,12,13,9,6,4,11,9,5,4,9,8,7,5,
鳳山,2023/06/18 00:00:00,RAINFALL,0,0,0,0,0,0,0,0,0,0,0,0,0,0,0,0,0,0,0,0,0,0,0,0,
鳳山,2023/06/18 00:00:00,RH,93,93,94,94,94,95,94,91,87,80,71,66,65,64,62,64,68,70,71,75,72,74,73,78,
鳳山,2023/06/18 00:00:00,SO2,0.7,1,1.2,1.9,1.4,1.2,1,0.8,0.7,0.9,3.7,5.3,7.8,3.2,1.5,1.4,1.6,1.2,0.9,0.8,0.9,1.3,1.6,1.3,
鳳山,2023/06/18 00:00:00,THC,2.54,2.57,2.48,2.37,2.2,2.09,1.99,2,2.03,1.97,2.16,2.09,2.04,1.96,1.99,1.99,1.97,2.01,2.02,1.97,2.02,2.04,2.02,2.05,
鳳山,2023/06/18 00:00:00,WD_HR,85,86,85,93,105,94,89,113,121,116,268,185,257,260,268,269,261,282,295,284,283,287,291,72,
鳳山,2023/06/18 00:00:00,WIND_DIREC,101,87,78,97,86,85,116,151,157,139,241,142,195,269,288,267,251,301,289,286,312,276,313,62,
鳳山,2023/06/18 00:00:00,WIND_SPEED,0.4,0.5,0.6,0.6,0.6,0.7,0.6,0.8,0.9,1,1,1.4,1.4,1.5,1.4,1.2,1.2,1.4,0.9,0.8,0.5,1,0.3,0.3,
鳳山,2023/06/18 00:00:00,WS_HR,0.3,0.3,0.4,0.3,0.4,0.5,0.4,0.4,0.4,0.6,0.2,0.3,0.2,0.5,0.8,0.9,0.7,1,0.9,0.4,0.4,0.6,0.4,0.2,
鳳山,2023/06/19 00:00:00,AMB_TEMP,29.4,28.7,28.1,28,27.7,27.4,28,29.7,31.7,32.8,33.6,35,35.6,35.9,34.8,34.4,33.9,32.8,31.8,31.1,30.8,30.6,30.4,30.2,
鳳山,2023/06/19 00:00:00,CH4,2.14,2.1,2.05,2.14,2.1,2.08,2.02,1.98,1.95,1.95,1.92,1.92,1.91,1.91,1.9,1.9,#,1.91,1.92,1.91,1.91,1.91,1.91,1.92,
鳳山,2023/06/19 00:00:00,CO,0.26,0.19,0.16,0.18,0.15,0.17,0.23,0.31,0.42,0.51,0.52,0.56,0.46,0.33,0.31,0.4,#,0.62,0.67,0.47,0.51,0.39,0.28,0.21,
鳳山,2023/06/19 00:00:00,NMHC,0.13,0.08,0.04,0.08,0.05,0.04,0.06,0.07,0.1,0.15,0.18,0.16,0.12,0.09,0.09,0.13,#,0.17,0.19,0.12,0.12,0.1,0.05,0.03,
鳳山,2023/06/19 00:00:00,NO,0.5,0.5,0.5,0.5,0.5,1,3,4.1,5.2,4.7,4.2,3.8,4.6,4.9,4.3,5.3,#,6.5,6.3,4.6,3.8,2.7,2,1.8,
鳳山,2023/06/19 00:00:00,NO2,8.7,6.9,5.3,7,5.7,5.3,5.8,6.1,8.5,12.6,9.3,10.4,8.7,7.6,6.3,8.3,#,10.5,11.3,7.9,8.1,8.1,5.8,4.9,
鳳山,2023/06/19 00:00:00,NOx,9.3,7.5,5.8,7.6,6.2,6.4,8.8,10.3,13.7,17.3,13.5,14.2,13.3,12.6,10.6,13.7,#,17,17.7,12.6,11.9,10.9,7.8,6.8,
鳳山,2023/06/19 00:00:00,O3,5,7,8.3,4.6,6.1,5.6,5.6,9.8,16.3,21.6,24.7,29.4,23.4,19.6,20.8,#,14.6,12.6,9.8,9.8,9.2,9.9,11,9.7,
鳳山,2023/06/19 00:00:00,PM10,14,16,15,16,12,15,21,22,23,24,30,20,11,12,19,#,13,19,18,16,15,13,16,7,
鳳山,2023/06/19 00:00:00,PM2.5,8,9,8,6,4,8,7,7,11,15,25,18,11,11,13,#,17,15,16,10,10,6,5,10,
鳳山,2023/06/19 00:00:00,RAINFALL,0,0,0,0,0,0,0,0,0,0,0,0,0,0,0,#,0,0,0,0,0,0,0,0,
鳳山,2023/06/19 00:00:00,RH,85,86,86,87,86,87,80,70,68,63,60,56,52,52,55,55,59,64,69,73,74,76,78,79,
鳳山,2023/06/19 00:00:00,SO2,1.2,0.7,0.7,0.8,0.6,0.5,0.6,0.8,1.4,1.3,1.1,1.4,2,1.6,1,0.9,#,0.6,0.8,0.6,0.6,0.6,0.5,0.5,
鳳山,2023/06/19 00:00:00,THC,2.28,2.19,2.1,2.23,2.16,2.13,2.09,2.06,2.06,2.11,2.11,2.09,2.04,2.01,2,2.04,#,2.08,2.12,2.03,2.04,2.02,1.97,1.96,
鳳山,2023/06/19 00:00:00,WD_HR,88,100,87,77,89,91,99,98,58,288,292,286,288,293,283,287,289,291,289,287,297,294,280,296,
鳳山,2023/06/19 00:00:00,WIND_DIREC,98,99,80,61,81,88,107,91,355,290,295,289,287,287,277,293,289,289,291,283,282,273,292,302,
鳳山,2023/06/19 00:00:00,WIND_SPEED,0.4,0.7,0.4,0.3,0.4,0.5,0.6,0.8,0.8,1.2,1.8,1.5,1.7,1.6,2,1.7,1.6,1.3,1.1,1.3,0.6,0.6,0.8,0.5,
鳳山,2023/06/19 00:00:00,WS_HR,0.4,0.5,0.4,0.3,0.5,0.6,0.6,0.6,0.1,0.7,0.8,1.1,1.1,1.3,1.5,1.5,1.3,1.1,0.9,1,0.6,0.6,0.6,0.4,
鳳山,2023/06/20 00:00:00,AMB_TEMP,29.7,29.3,29.1,29,28.7,28.7,29.5,30.6,31.9,33.6,34.7,35.1,35,34.8,34.5,34.1,33.6,32.5,31.5,31.1,30.8,30.6,30.3,30.3,
鳳山,2023/06/20 00:00:00,CH4,1.97,1.96,1.95,1.98,1.97,1.99,1.99,1.96,1.95,1.93,1.89,1.89,1.89,1.89,1.89,1.89,1.89,1.89,1.89,1.9,1.9,1.9,1.9,1.9,
鳳山,2023/06/20 00:00:00,CO,0.17,0.16,0.14,0.14,0.17,0.22,0.33,0.48,0.53,0.53,0.43,0.46,0.31,0.25,0.29,0.38,0.45,0.63,0.6,0.56,0.51,0.44,0.27,0.2,
鳳山,2023/06/20 00:00:00,NMHC,0.05,0.04,0.04,0.05,0.06,0.1,0.13,0.16,0.14,0.16,0.13,0.13,0.07,0.06,0.08,0.11,0.12,0.17,0.14,0.13,0.14,0.11,0.04,0.03,
鳳山,2023/06/20 00:00:00,NO,0.8,0.2,0.4,0.1,0.6,0.9,4.2,7.2,5.9,6.1,5.7,6.4,4.7,3.2,4.1,6,6.4,6,5.2,4.7,4.2,3.4,2.4,1.4,
鳳山,2023/06/20 00:00:00,NO2,5,5.2,4.1,4.6,5.7,6.7,8.2,9.5,8.9,10,8.1,7.2,5.1,4.8,5,6.4,6.8,10,9,8.7,9.6,7.8,4.7,4.8,
鳳山,2023/06/20 00:00:00,NOx,5.9,5.5,4.6,4.7,6.3,7.7,12.4,16.7,14.9,16.1,13.9,13.6,9.9,8.1,9.1,12.4,13.2,16,14.2,13.5,13.9,11.2,7.2,6.2,
鳳山,2023/06/20 00:00:00,O3,8.3,8.8,9.6,8.9,7.4,6.6,6.6,9.4,13.5,14.8,15.1,14.9,15.5,17.1,14.4,12.6,13.6,13.5,12.2,9.3,8.8,8.9,11.1,12.7,
鳳山,2023/06/20 00:00:00,PM10,6,8,16,12,10,16,19,13,14,15,8,7,10,9,11,7,13,16,13,8,15,11,9,6,
鳳山,2023/06/20 00:00:00,PM2.5,6,7,15,8,10,9,9,9,8,7,5,2,2,5,6,4,6,5,8,9,6,5,4,4,
鳳山,2023/06/20 00:00:00,RAINFALL,0,0,0,0,0,0,0,0,0,0,0,0,0,0,0,0,0,0,0,0,0,0,0,0,
鳳山,2023/06/20 00:00:00,RH,83,86,86,87,87,88,86,81,70,62,54,54,57,59,58,57,60,65,70,71,74,76,79,80,
鳳山,2023/06/20 00:00:00,SO2,0.5,0.6,0.8,0.8,1.1,1.5,1.5,1.6,1.1,1.1,0.9,0.7,0.7,0.7,0.6,0.6,0.6,0.8,0.8,0.5,0.6,0.6,0.6,0.7,
鳳山,2023/06/20 00:00:00,THC,2.03,2.01,2,2.04,2.04,2.09,2.13,2.12,2.1,2.09,2.03,2.03,1.97,1.95,1.98,2.01,2.02,2.07,2.04,2.04,2.05,2.02,1.95,1.94,
鳳山,2023/06/20 00:00:00,WD_HR,24,212,24,53,33,58,22,288,312,297,294,286,293,279,291,285,290,289,288,284,289,280,293,297,
鳳山,2023/06/20 00:00:00,WIND_DIREC,292,121,21,72,70,89,347,70,116,303,307,284,291,284,289,292,286,287,303,280,292,261,292,315,
鳳山,2023/06/20 00:00:00,WIND_SPEED,0.3,0.3,0.3,0.3,0.3,0.3,0.5,0.7,1.1,1.4,1.4,1.8,1.9,1.9,2.1,1.6,1.7,1.3,0.9,1.1,0.6,0.8,0.5,0.6,
鳳山,2023/06/20 00:00:00,WS_HR,0.1,0.1,0.1,0.2,0.1,0.2,0.1,0.3,0.1,0.9,1.3,1.3,1.4,1.3,1.6,1.4,1.4,1.2,0.9,0.9,0.7,0.7,0.6,0.6,
鳳山,2023/06/21 00:00:00,AMB_TEMP,30.1,29.9,29.5,28.7,28.6,28.4,29.4,30.5,31.8,33.1,34.1,34.6,35,35.1,34.8,34.3,33.9,32.9,32,31.3,31,30.8,30.2,29.8,
鳳山,2023/06/21 00:00:00,CH4,1.91,1.9,1.97,2.04,2.03,2.02,1.99,1.92,1.9,1.9,1.9,1.9,1.9,1.89,1.89,1.89,1.9,1.9,1.9,1.9,1.91,1.91,1.96,1.97,
鳳山,2023/06/21 00:00:00,CO,0.16,0.12,0.12,0.14,0.15,0.17,0.25,0.55,0.47,0.41,0.47,0.43,0.36,0.27,0.3,0.37,0.53,0.71,0.74,0.58,0.5,0.43,0.22,0.25,
鳳山,2023/06/21 00:00:00,NMHC,0,0,0.04,0.08,0.06,0.05,0.07,0.12,0.11,0.13,0.14,0.12,0.1,0.07,0.07,0.1,0.13,0.2,0.2,0.15,0.12,0.1,0.08,0.08,
鳳山,2023/06/21 00:00:00,NO,0.5,1.4,1.1,0.9,1.1,1.3,2.8,5.4,6,5.1,5.1,5.3,5.3,4.3,4.1,5.6,5.3,7,6.3,5.8,4.2,3.5,1.2,1.6,
鳳山,2023/06/21 00:00:00,NO2,3.3,3.8,2.9,5.1,5.4,5.7,6.3,8.4,7.9,6.4,7.1,6.2,5.7,4.5,4.8,6.4,7.7,10.8,10.4,9.7,8,7.6,6.6,8.6,
鳳山,2023/06/21 00:00:00,NOx,3.9,5.3,4.1,6,6.5,7,9.1,13.9,14,11.5,12.3,11.5,11.1,8.9,8.9,12,13,17.8,16.7,15.6,12.2,11.1,7.9,10.2,
鳳山,2023/06/21 00:00:00,O3,12.8,11.7,11.3,7.6,7,8,8.7,10.3,13.4,16.9,18.3,15.5,16.3,16.9,16.7,16.1,17.5,14.7,12,11.3,11.7,11.7,11.5,9.2,
鳳山,2023/06/21 00:00:00,PM10,10,6,9,8,6,10,15,13,9,10,9,12,7,8,8,12,7,15,15,12,8,10,13,13,
鳳山,2023/06/21 00:00:00,PM2.5,2,3,3,11,8,6,2,3,4,4,4,6,4,5,7,5,5,8,5,10,7,6,5,4,
鳳山,2023/06/21 00:00:00,RAINFALL,0,0,0,0,0,0,0,0,0,0,0,0,0,0,0,0,0,0,0,0,0,0,0,0,
鳳山,2023/06/21 00:00:00,RH,81,82,85,89,90,89,87,83,72,64,60,59,54,56,57,58,58,62,67,72,74,74,79,84,
鳳山,2023/06/21 00:00:00,SO2,0.6,0.8,0.8,0.9,0.9,1,1.1,1.1,1.1,1.1,1,0.9,0.8,0.8,0.8,0.9,1,1.1,0.9,0.9,0.9,0.9,1,1.3,
鳳山,2023/06/21 00:00:00,THC,1.92,1.91,2.01,2.13,2.1,2.08,2.07,2.05,2.02,2.04,2.05,2.03,2,1.97,1.97,2,2.04,2.11,2.11,2.06,2.04,2.02,2.05,2.06,
鳳山,2023/06/21 00:00:00,WD_HR,287,297,43,98,92,99,98,283,287,283,276,282,281,285,296,284,281,285,288,283,290,302,87,70,
鳳山,2023/06/21 00:00:00,WIND_DIREC,299,275,104,90,99,118,108,247,256,270,287,291,282,295,305,268,290,284,292,282,264,285,79,40,
鳳山,2023/06/21 00:00:00,WIND_SPEED,0.9,0.5,0.5,0.4,0.4,0.6,0.7,0.7,1,1.2,1.5,1.9,1.7,2.2,2,1.6,1.6,1.2,1,1.1,0.5,0.4,0.4,0.3,
鳳山,2023/06/21 00:00:00,WS_HR,0.5,0.5,0.1,0.5,0.5,0.5,0.5,0.3,0.5,0.9,1.1,1.1,1.3,1.5,1.2,1.2,1.2,1,1,0.9,0.7,0.3,0.4,0.2,
鳳山,2023/06/22 00:00:00,AMB_TEMP,29.8,30,29.5,28.9,28.6,28.3,28.7,30,30.1,31.7,32.8,33.5,34.3,34.8,34.7,34.3,33.9,32.9,32,31.3,30.9,30.6,30.5,30.4,
鳳山,2023/06/22 00:00:00,CH4,1.94,1.91,2.3,2.5,2.5,2.24,2.05,1.99,1.94,1.9,1.9,1.9,1.9,1.89,1.9,1.9,1.9,1.9,1.9,1.91,1.9,1.89,1.9,1.9,
鳳山,2023/06/22 00:00:00,CO,0.21,0.14,0.19,0.23,0.23,0.21,0.22,0.27,0.35,0.41,0.35,0.4,0.31,0.24,0.25,0.28,0.33,0.41,0.51,0.54,0.38,0.29,0.29,0.23,
鳳山,2023/06/22 00:00:00,NMHC,0.04,0.01,0.09,0.06,0.09,0.06,0.05,0.05,0.07,0.09,0.07,0.08,0.07,0.04,0.06,0.06,0.07,0.08,0.12,0.13,0.08,0.06,0.05,0.04,
鳳山,2023/06/22 00:00:00,NO,1.2,0.7,0.5,0.5,0.9,1.2,1.8,2.6,2.6,3.9,3.8,4.8,3.4,2.9,2.4,3.2,3.8,3.4,3.7,5.2,3.6,2.8,2.8,1.9,
鳳山,2023/06/22 00:00:00,NO2,7.9,6.2,7.5,8.7,10,8.3,6.5,6.3,6.8,7.5,6.2,8.2,5.1,4.8,4.5,6.2,6.6,7.4,8.3,10.2,11.1,9.5,12.1,9.1,
鳳山,2023/06/22 00:00:00,NOx,9.2,7,8,9.2,10.9,9.5,8.3,8.9,9.4,11.5,10,13,8.5,7.8,7,9.5,10.4,10.8,12.1,15.4,14.7,12.3,14.9,11.1,
鳳山,2023/06/22 00:00:00,O3,10.4,12.4,8.6,6.1,2.2,4.6,6.2,11.4,14.3,15.3,18.2,18.1,19.1,19.2,19.3,19.1,16.9,17.2,12.4,9.8,8.2,10.2,7.8,9.4,
鳳山,2023/06/22 00:00:00,PM10,18,8,17,16,20,20,13,18,14,15,9,11,8,8,5,7,9,11,10,14,10,10,11,7,
鳳山,2023/06/22 00:00:00,PM2.5,5,4,8,10,12,8,5,13,9,7,9,9,5,1,2,3,5,4,5,5,4,5,6,5,
鳳山,2023/06/22 00:00:00,RAINFALL,0,0,0,0,0,0,0,0,0.5,0,0,0,0,0,0,0,0,0,0,0,0,0,0,0,
鳳山,2023/06/22 00:00:00,RH,85,83,86,87,88,86,86,80,85,73,65,63,61,58,57,57,58,62,66,71,74,77,79,79,
鳳山,2023/06/22 00:00:00,SO2,1.5,0.7,0.8,1.1,1,0.8,0.8,0.7,0.8,0.7,0.8,1,1,0.8,0.8,0.6,0.7,0.7,0.7,0.6,0.7,0.8,0.9,0.9,
鳳山,2023/06/22 00:00:00,THC,1.99,1.93,2.39,2.57,2.59,2.31,2.1,2.05,2.02,2,1.98,1.99,1.98,1.94,1.97,1.97,1.98,1.99,2.03,2.05,1.99,1.96,1.96,1.95,
鳳山,2023/06/22 00:00:00,WD_HR,295,282,85,87,97,94,99,94,0,276,264,271,288,288,299,280,294,296,286,290,276,291,279,278,
鳳山,2023/06/22 00:00:00,WIND_DIREC,285,269,106,70,98,96,62,106,291,264,256,293,295,292,308,297,294,297,296,295,253,313,289,293,
鳳山,2023/06/22 00:00:00,WIND_SPEED,0.4,0.4,0.5,0.4,0.8,0.9,0.5,0.8,0.5,1.3,1.2,1.6,1.7,1.5,1.8,1,1.5,1.3,1,0.7,1,0.6,0.6,0.4,
鳳山,2023/06/22 00:00:00,WS_HR,0.1,0.3,0.3,0.5,0.5,0.6,0.5,0.6,0,0.7,0.7,1,1.1,1.2,1.2,0.9,1.1,0.8,0.8,0.7,0.8,0.3,0.5,0.4,
鳳山,2023/06/23 00:00:00,AMB_TEMP,30.1,29.6,29.1,28.8,28.7,28.6,29,29.5,30.5,32.3,33.2,33.8,34.1,34.4,33.8,33.4,32.2,31.9,31.4,31.2,30.7,30.2,29.9,29.6,
鳳山,2023/06/23 00:00:00,CH4,1.9,1.92,1.99,2.01,2.03,2.13,2.12,1.99,1.96,1.94,1.94,1.9,1.89,1.88,1.88,1.88,1.88,1.89,1.9,1.91,1.9,1.91,1.92,2.01,
鳳山,2023/06/23 00:00:00,CO,0.16,0.11,0.11,0.13,0.14,0.16,0.19,0.24,0.21,0.24,0.38,0.34,0.23,0.22,0.21,0.29,0.34,0.45,0.47,0.49,0.29,0.27,0.21,0.18,
鳳山,2023/06/23 00:00:00,NMHC,0.01,0.05,0.01,0,0.04,0.06,0.04,0.03,0.02,0.04,0.15,0.11,0.07,0.06,0.06,0.08,0.09,0.11,0.12,0.15,0.09,0.06,0.03,0.02,
鳳山,2023/06/23 00:00:00,NO,0.8,0.9,0.5,0.6,0.6,0.8,1.3,1.8,1.9,2.4,5.5,5.5,3.5,3.8,3.7,3.8,4,3.5,5.4,5.7,2.3,1.5,1.2,1.4,
鳳山,2023/06/23 00:00:00,NO2,7.7,4.1,3.5,5,4.7,6.1,6.1,5.9,4.9,4.9,13.6,9.2,6.1,5.9,5.8,6.5,8.3,8.6,12.7,11.9,11.8,8.3,6.4,6.6,
鳳山,2023/06/23 00:00:00,NOx,8.6,5.1,4,5.6,5.3,6.9,7.4,7.7,6.9,7.3,19.1,14.7,9.6,9.7,9.5,10.4,12.3,12.2,18.1,17.7,14.2,9.8,7.6,8,
鳳山,2023/06/23 00:00:00,O3,10.6,12.8,12.2,9.5,11,10.2,10.7,14.3,17.5,22.8,17.9,17.4,18.9,18.7,18.3,16.9,14.5,14.9,5.8,6.6,5.2,10.6,10,7.5,
鳳山,2023/06/23 00:00:00,PM10,5,5,6,13,11,12,8,7,13,10,19,0,3,6,6,8,7,4,9,9,5,5,7,7,
鳳山,2023/06/23 00:00:00,PM2.5,4,5,6,6,11,10,5,8,7,5,7,5,2,1,0,1,5,4,2,6,6,4,1,3,
鳳山,2023/06/23 00:00:00,RAINFALL,0,0,0,0,0,0,0,0,0,0,0,0,0,0,0,0,0,0,0,0,0,0,0,0,
鳳山,2023/06/23 00:00:00,RH,81,85,88,88,88,87,85,84,79,66,60,56,55,57,61,62,68,68,68,68,68,74,77,82,
鳳山,2023/06/23 00:00:00,SO2,0.7,0.5,0.5,2.1,4.2,5.9,1.4,0.7,0.8,1.3,2.8,1.2,0.9,0.7,0.8,0.6,0.7,0.6,1.2,0.8,0.9,0.8,0.7,0.8,
鳳山,2023/06/23 00:00:00,THC,1.92,1.98,2.01,2.02,2.08,2.2,2.17,2.03,1.99,1.99,2.1,2.02,1.97,1.95,1.95,1.97,1.98,2.01,2.02,2.07,2,1.98,1.96,2.04,
鳳山,2023/06/23 00:00:00,WD_HR,121,111,116,110,93,90,95,104,130,166,263,259,263,268,265,267,268,282,271,265,121,110,113,116,
鳳山,2023/06/23 00:00:00,WIND_DIREC,77,97,119,124,105,91,106,117,132,178,239,266,266,270,226,259,273,270,253,295,121,97,67,109,
鳳山,2023/06/23 00:00:00,WIND_SPEED,0.6,0.6,1,0.8,0.7,0.6,0.7,1,0.9,0.9,0.9,1.4,1.2,1.7,1.2,1.3,1.2,0.8,0.7,0.5,0.8,0.8,0.4,0.8,
鳳山,2023/06/23 00:00:00,WS_HR,0.2,0.5,0.7,0.5,0.5,0.4,0.4,0.4,0.6,0.3,0.6,0.7,0.6,0.8,0.8,0.8,0.7,0.6,0.4,0.5,0.4,0.5,0.5,0.5,
鳳山,2023/06/24 00:00:00,AMB_TEMP,29.4,28.9,28.9,28.9,28.9,28.3,28.8,30.1,31.7,33.2,33.8,34.2,34.4,34.3,34.3,33.3,33.1,32.5,31.9,31.4,31.1,30.7,30.5,30,
鳳山,2023/06/24 00:00:00,CH4,1.98,1.97,2.01,2.06,2.04,2.12,2.14,2.12,2.01,1.94,1.91,1.91,1.91,1.91,1.92,1.91,1.92,1.92,1.92,1.92,1.92,1.94,1.96,2.01,
鳳山,2023/06/24 00:00:00,CO,0.15,0.12,0.12,0.14,0.13,0.17,0.22,0.28,0.25,0.26,0.24,0.32,0.31,0.27,0.38,0.25,0.44,0.58,0.43,0.32,0.31,0.22,0.21,0.34,
鳳山,2023/06/24 00:00:00,NMHC,0.07,0.01,0.02,0.04,0.03,0.04,0.05,0.05,0.05,0.07,0.06,0.07,0.05,0.03,0.07,0.02,0.07,0.09,0.06,0.05,0.1,0.16,0.04,0.1,
鳳山,2023/06/24 00:00:00,NO,1.2,0.7,0.7,0.7,0.7,1,2.3,3.2,2.9,2.7,2.7,4,4.3,4,4.9,3.4,4.4,4.2,4,2.8,2.5,1.5,1.2,1,
鳳山,2023/06/24 00:00:00,NO2,6.1,5.5,4.9,6,6.3,6,6.6,6.3,5.7,5.4,5.8,6.6,6,5.2,6.3,4.7,6.2,8.9,8.2,7.3,8.4,7.7,6.7,7.7,
鳳山,2023/06/24 00:00:00,NOx,7.4,6.2,5.7,6.8,7,7.1,9,9.6,8.7,8.1,8.5,10.7,10.4,9.2,11.2,8.2,10.7,13.2,12.3,10.2,10.9,9.3,8,8.7,
鳳山,2023/06/24 00:00:00,O3,7,7.5,8.2,8.8,8.4,6.2,7.2,11.9,17.3,20.1,20.6,17,16,13.5,11.9,13.6,11.1,9.5,8.7,8.7,7.3,7.1,7.2,5.9,
鳳山,2023/06/24 00:00:00,PM10,7,8,7,6,9,9,9,11,6,13,10,17,20,12,15,17,21,19,16,12,12,9,13,16,
鳳山,2023/06/24 00:00:00,PM2.5,5,3,7,4,2,2,7,7,12,7,6,7,5,1,5,6,7,6,5,6,8,7,6,7,
鳳山,2023/06/24 00:00:00,RAINFALL,0,0,0,0,0,0,0,0,0,0,0,0,0,0,0,0,0,0,0,0,0,0,0,0,
鳳山,2023/06/24 00:00:00,RH,85,88,87,87,85,86,84,75,67,58,57,56,54,54,54,58,58,59,61,65,64,66,67,72,
鳳山,2023/06/24 00:00:00,SO2,0.8,1.4,1.5,1.4,1.5,1.4,2.1,2.6,2.5,1.8,1.6,3.7,3.8,3.8,6.4,3.5,5.4,8.5,5.9,2.6,1.7,1.6,2.4,2.3,
鳳山,2023/06/24 00:00:00,THC,2.06,1.99,2.03,2.11,2.08,2.17,2.2,2.18,2.07,2.02,1.98,1.99,1.97,1.95,2,1.94,2,2.02,1.99,1.97,2.03,2.11,2,2.12,
鳳山,2023/06/24 00:00:00,WD_HR,107,102,101,86,93,101,102,99,114,148,145,148,144,114,143,125,162,166,128,182,146,90,86,99,
鳳山,2023/06/24 00:00:00,WIND_DIREC,96,76,151,81,89,78,128,82,116,154,171,136,108,116,121,122,146,186,136,122,96,78,101,94,
鳳山,2023/06/24 00:00:00,WIND_SPEED,0.7,0.4,0.4,0.4,1,0.6,0.7,1.2,1,1.6,1.5,2,2.5,2,2.6,2.6,2,1.3,1.6,1.6,1,0.7,0.5,0.6,
鳳山,2023/06/24 00:00:00,WS_HR,0.5,0.6,0.2,0.4,0.5,0.5,0.5,0.5,0.6,0.6,0.8,0.6,0.8,0.6,0.5,0.9,0.4,0.4,0.4,0.3,0.3,0.7,0.4,0.4,
鳳山,2023/06/25 00:00:00,AMB_TEMP,29.6,29.4,29.3,29.2,29.1,28.7,29.1,30.4,32.1,33.4,34.2,35,35.3,35.7,35.2,35.3,35,34,33.2,32.3,31.6,31.1,30.7,30.3,
鳳山,2023/06/25 00:00:00,CH4,1.99,2,1.97,1.97,1.97,2.01,2.05,2.02,1.95,1.97,1.96,1.94,1.93,1.93,1.93,1.92,1.92,1.93,1.94,1.95,1.95,1.95,1.94,1.95,
鳳山,2023/06/25 00:00:00,CO,0.17,0.16,0.14,0.14,0.13,0.16,0.24,0.28,0.26,0.38,0.38,0.4,0.34,0.29,0.33,0.3,0.32,0.26,0.42,0.31,0.21,0.23,0.23,0.18,
鳳山,2023/06/25 00:00:00,NMHC,0.04,0.03,0.01,0.01,0.01,0.04,0.07,0.05,0.04,0.15,0.1,0.1,0.08,0.07,0.07,0.07,0.07,0.05,0.09,0.05,0.03,0.02,0.03,0.03,
鳳山,2023/06/25 00:00:00,NO,0.9,1.1,1.1,1.2,1.3,1.3,2.6,3.2,3.8,6.1,5.1,3.6,3.5,2.4,2.3,2.9,2.8,1.8,3.5,2.1,1.3,1.6,1.8,1.9,
鳳山,2023/06/25 00:00:00,NO2,7,6,4.7,4.7,3.9,4.3,6,5.6,4.7,14.4,11.9,8.5,9,7.8,8.2,7.7,8.2,6.2,10.8,6.8,5.9,6.7,6.9,7.7,
鳳山,2023/06/25 00:00:00,NOx,7.9,7.2,5.9,6,5.3,5.6,8.6,8.9,8.6,20.5,17.1,12.1,12.6,10.2,10.6,10.6,11.1,8.1,14.3,8.9,7.3,8.3,8.7,9.6,
鳳山,2023/06/25 00:00:00,O3,7.2,7.2,8.7,8.5,8.7,8.6,9,13.3,17.6,20.2,29.8,36,38.5,46,42.4,39,34.9,34.4,24.7,28.5,28.4,23.2,14.5,12.1,
鳳山,2023/06/25 00:00:00,PM10,12,9,6,10,8,9,9,11,7,16,17,14,15,16,21,17,21,14,19,21,15,18,14,15,
鳳山,2023/06/25 00:00:00,PM2.5,5,8,6,2,5,7,5,5,6,7,8,12,8,9,11,8,7,8,10,9,10,9,7,6,
鳳山,2023/06/25 00:00:00,RAINFALL,0,0,0,0,0,0,0,0,0,0,0,0,0,0,0,0,0,0,0,0,0,0,0,0,
鳳山,2023/06/25 00:00:00,RH,75,76,75,75,75,76,75,69,61,61,56,52,52,51,52,52,53,56,59,64,67,69,72,75,
鳳山,2023/06/25 00:00:00,SO2,1.9,1.5,1.4,1.2,1,1.3,1.3,1.5,1.4,2.6,3.5,3.3,2.6,2.7,2.5,2,2.1,1.7,1.9,1.8,1.6,1.5,1.6,1.9,
鳳山,2023/06/25 00:00:00,THC,2.04,2.04,1.99,1.99,1.99,2.06,2.13,2.08,2,2.13,2.07,2.05,2.02,2.01,2.01,2,2,1.99,2.04,2.01,1.99,1.98,1.98,1.99,
鳳山,2023/06/25 00:00:00,WD_HR,86,77,75,320,121,86,78,35,312,262,274,279,256,285,283,283,280,104,279,116,98,149,270,274,
鳳山,2023/06/25 00:00:00,WIND_DIREC,99,78,324,50,106,92,33,284,338,241,261,265,261,321,284,284,115,48,217,98,98,62,278,101,
鳳山,2023/06/25 00:00:00,WIND_SPEED,0.4,0.4,0.7,0.3,0.4,0.6,0.5,1,0.6,1.4,1.1,1.5,1.2,1.8,1.5,1.6,1,0.9,0.7,0.6,0.8,0.7,1.1,0.4,
鳳山,2023/06/25 00:00:00,WS_HR,0.3,0.3,0.2,0.1,0.1,0.4,0.4,0.1,0.1,0.7,0.8,1,0.6,0.7,1.2,1.2,0.6,0.5,0.7,0.1,0.4,0.1,0.4,0.6,
鳳山,2023/06/26 00:00:00,AMB_TEMP,29.9,29.8,29.3,28.9,28.7,28.5,28.9,30.1,31.6,33.2,33.8,33.4,34.4,34.2,34.7,34.4,33,31.7,29.7,29.6,30.2,30.5,30.4,29.5,
鳳山,2023/06/26 00:00:00,CH4,1.97,1.99,2.04,2.06,2.11,2.29,2.3,2.15,2.08,2.01,1.98,1.97,1.98,1.98,1.98,1.97,1.96,1.95,1.95,1.96,1.97,1.98,1.99,2.18,
鳳山,2023/06/26 00:00:00,CO,0.17,0.16,0.16,0.13,0.15,0.17,0.23,0.34,0.43,0.54,0.54,0.5,0.41,0.33,0.4,0.44,0.64,0.6,0.27,0.32,0.47,0.37,0.38,0.3,
鳳山,2023/06/26 00:00:00,NMHC,0.05,0.05,0.04,0.05,0.06,0.06,0.06,0.09,0.1,0.17,0.16,0.14,0.1,0.08,0.1,0.13,0.18,0.15,0.08,0.08,0.17,0.16,0.14,0.13,
鳳山,2023/06/26 00:00:00,NO,1.7,1.2,0.9,0.7,0.7,0.8,2.4,3.5,3.7,4.6,3.4,3.2,2.5,2.5,2.1,3,3.4,2.9,0.9,1.2,2,1.2,1.6,1.1,
鳳山,2023/06/26 00:00:00,NO2,9.2,9.1,7.6,7.2,6.6,7.5,7.8,8.5,10.4,15.6,13.4,11.7,11.2,12,10.1,12.8,16.7,12.1,7.6,9.4,15.2,15.5,23.6,15,
鳳山,2023/06/26 00:00:00,NOx,10.9,10.3,8.6,8,7.4,8.4,10.2,12.1,14.2,20.3,16.9,15,13.8,14.5,12.3,15.8,20.1,15,8.5,10.6,17.2,16.8,25.2,16.2,
鳳山,2023/06/26 00:00:00,O3,8.9,9.1,9,7.9,8,7.1,8.6,13.9,21.8,25.8,36.2,36.8,50,53.1,52.2,45.1,33.1,29.3,29.6,25.7,20.8,20.5,11.6,12.5,
鳳山,2023/06/26 00:00:00,PM10,20,23,14,18,19,15,19,20,21,25,24,16,18,24,25,26,27,17,6,9,10,13,8,15,
鳳山,2023/06/26 00:00:00,PM2.5,7,8,10,8,9,11,11,10,14,12,15,13,16,17,12,13,12,12,7,4,11,9,10,10,
鳳山,2023/06/26 00:00:00,RAINFALL,0,0,0,0,0,0,0,0,0,0,0,0,0,0,0,0,0,0,0,0,0,0,0,0,
鳳山,2023/06/26 00:00:00,RH,78,79,84,86,87,88,87,81,69,62,60,61,59,59,58,58,64,69,70,70,68,66,69,76,
鳳山,2023/06/26 00:00:00,SO2,2.5,1.4,0.7,0.8,0.7,0.4,0.6,1.3,2.5,2.5,2,1.6,1.7,1.7,1.4,1.1,0.8,0.7,0.6,0.6,1.4,1.8,1.7,0.9,
鳳山,2023/06/26 00:00:00,THC,2.03,2.04,2.09,2.12,2.18,2.36,2.37,2.25,2.18,2.19,2.15,2.12,2.09,2.07,2.09,2.11,2.15,2.11,2.04,2.05,2.15,2.15,2.14,2.32,
鳳山,2023/06/26 00:00:00,WD_HR,286,282,303,93,79,87,88,98,103,289,278,265,266,266,270,283,286,288,99,100,275,47,299,90,
鳳山,2023/06/26 00:00:00,WIND_DIREC,292,281,87,88,104,70,90,111,87,292,282,260,249,291,278,296,278,286,105,261,253,79,270,89,
鳳山,2023/06/26 00:00:00,WIND_SPEED,0.7,1.2,0.4,0.5,0.5,0.7,0.6,0.7,0.6,1,1,1.2,1.1,1.8,1.2,1,1.2,1.1,0.9,0.5,0.4,0.5,0.5,0.5,
鳳山,2023/06/26 00:00:00,WS_HR,0.7,0.8,0.2,0.4,0.3,0.4,0.5,0.4,0.3,0.4,0.6,0.9,0.8,1.2,0.9,0.9,1,0.4,0.5,0.1,0.2,0.1,0.2,0.4,
鳳山,2023/06/27 00:00:00,AMB_TEMP,28.7,28.1,27.6,27.4,27.3,27.2,27.9,28.6,30.3,32.1,33,34.1,33.8,33.5,33.8,34.3,33.2,32.4,27.5,27.4,27.1,27.7,28.4,28.6,
鳳山,2023/06/27 00:00:00,CH4,2.21,2.25,2.25,2.12,2.06,2.02,2.01,1.99,1.99,2,2.01,1.99,1.98,1.96,1.96,1.98,1.96,1.95,1.98,1.98,2.02,2.07,2.05,2.11,
鳳山,2023/06/27 00:00:00,CO,0.21,0.2,0.22,0.19,0.17,0.19,0.3,0.42,0.47,0.5,0.5,0.5,0.37,0.34,0.4,0.51,0.61,0.66,0.36,0.31,0.32,0.49,0.38,0.3,
鳳山,2023/06/27 00:00:00,NMHC,0.1,0.08,0.06,0.05,0.04,0.05,0.08,0.11,0.14,0.19,0.15,0.15,0.09,0.06,0.08,0.13,0.17,0.17,0.1,0.1,0.09,0.17,0.14,0.15,
鳳山,2023/06/27 00:00:00,NO,0.8,1,0.9,0.8,0.9,1,2.7,3.5,4.9,3.2,2.1,2.4,1.9,1.9,2,2,2.9,3,1.2,1.2,0.9,1.1,0.6,0.9,
鳳山,2023/06/27 00:00:00,NO2,10.3,9.2,9.7,8.1,6.7,6.5,8,9.9,14.4,16.6,15.7,18.2,11.7,10.9,10.8,12,13.4,15,9.7,10.9,10.6,14.2,12,11.8,
鳳山,2023/06/27 00:00:00,NOx,11.1,10.3,10.6,9,7.7,7.6,10.8,13.4,19.4,19.8,17.8,20.7,13.6,12.8,12.8,14,16.4,18,10.9,12.1,11.5,15.3,12.7,12.7,
鳳山,2023/06/27 00:00:00,O3,11.7,9,8.3,9.1,9.6,9.3,8.6,11.8,24.4,44.3,63.7,61.9,57.3,57.9,58,63.1,42.3,38.2,30.9,25.2,22.6,18.7,27.6,22.9,
鳳山,2023/06/27 00:00:00,PM10,11,21,12,16,14,12,14,15,21,23,31,26,22,20,20,35,24,25,21,14,12,15,12,19,
鳳山,2023/06/27 00:00:00,PM2.5,8,7,8,6,6,4,2,9,10,13,21,17,12,18,15,21,15,11,14,14,12,12,13,14,
鳳山,2023/06/27 00:00:00,RAINFALL,0,0,0,0,0,0,0,0,0,0,0,0,0,0,0,0,0,0,9,0,0,0,0,0,
鳳山,2023/06/27 00:00:00,RH,83,87,88,89,88,87,83,76,72,64,61,58,57,58,57,60,61,64,88,91,91,90,87,87,
鳳山,2023/06/27 00:00:00,SO2,0.6,0.8,0.7,0.9,0.8,0.7,0.8,1,2.1,2.1,1.9,1.6,1.5,1.8,2,1.9,1.6,1.1,0.9,0.7,0.8,0.5,3.8,25.5,
鳳山,2023/06/27 00:00:00,THC,2.31,2.34,2.32,2.18,2.11,2.08,2.1,2.11,2.14,2.2,2.17,2.15,2.08,2.03,2.05,2.12,2.14,2.13,2.09,2.09,2.11,2.25,2.2,2.27,
鳳山,2023/06/27 00:00:00,WD_HR,88,92,91,100,97,96,92,93,79,68,167,248,257,253,268,292,285,281,103,99,100,58,93,83,
鳳山,2023/06/27 00:00:00,WIND_DIREC,58,101,93,110,100,103,322,87,62,124,261,218,266,248,276,296,297,104,105,100,27,77,103,75,
鳳山,2023/06/27 00:00:00,WIND_SPEED,0.5,0.7,0.5,0.5,0.9,0.7,0.5,0.5,0.6,1.1,1.2,1.3,1.4,1.3,1.2,1.2,1.3,1.5,0.4,0.3,0.3,0.4,0.5,0.4,
鳳山,2023/06/27 00:00:00,WS_HR,0.5,0.5,0.5,0.5,0.6,0.6,0.5,0.5,0.3,0.2,0.2,0.7,0.9,1.1,1.1,1.1,1,0.4,0.5,0.6,0.4,0.2,0.3,0.4,
鳳山,2023/06/28 00:00:00,AMB_TEMP,28.2,28.1,28.1,27.8,27.7,27.4,27.3,27.7,29.2,30.9,31.8,32.5,32.7,32.8,31.6,29.6,28.5,28.8,29.2,29,29.1,29.3,29.2,29,
鳳山,2023/06/28 00:00:00,CH4,2.33,2.37,2.28,2.26,2.34,2.36,2.31,2.3,2.17,2.04,2.04,2.03,2.04,2.03,2.03,2,1.97,2,2.04,2.06,2.12,2.15,2.23,2.3,
鳳山,2023/06/28 00:00:00,CO,0.29,0.26,0.23,0.2,0.22,0.22,0.27,0.41,0.68,0.58,0.5,0.66,0.57,0.39,0.39,0.47,0.58,0.84,0.96,0.75,0.97,0.91,0.77,0.61,
鳳山,2023/06/28 00:00:00,NMHC,0.16,0.15,0.08,0.05,0.06,0.07,0.06,0.11,0.18,0.26,0.19,0.22,0.17,0.1,0.14,0.33,0.31,0.44,0.46,0.53,0.55,0.53,0.48,0.46,
鳳山,2023/06/28 00:00:00,NO,0.8,1,1.1,0.9,1,1.2,2.9,2.5,7.1,7.8,3.8,3.3,2.1,1.5,1.3,3.4,12.4,13.4,14.9,5.6,7,10,3.8,3.1,
鳳山,2023/06/28 00:00:00,NO2,11,9.9,8.5,7.8,6.7,8.1,9.2,9.9,14.1,22.4,16.8,18.5,16.1,11.7,12.8,17.1,17.1,26.7,28.4,31.5,33.3,36.1,33.9,27.8,
鳳山,2023/06/28 00:00:00,NOx,11.9,11,9.6,8.8,7.8,9.3,12.2,12.5,21.2,30.3,20.6,21.8,18.3,13.2,14.2,20.5,29.5,40.2,43.3,37.1,40.3,46.2,37.8,31,
鳳山,2023/06/28 00:00:00,O3,16.1,13.1,13.1,12.7,12.3,8.4,6.7,8.8,11.5,24.8,38,51.7,72.1,80.2,66,25.1,3.8,2.3,1.9,1.9,2,0.6,2.1,2.3,
鳳山,2023/06/28 00:00:00,PM10,21,18,22,21,20,23,20,20,18,40,43,50,50,47,#,#,12,12,18,21,29,22,33,34,
鳳山,2023/06/28 00:00:00,PM2.5,11,16,12,12,13,12,14,12,13,25,30,39,33,30,33,#,4,8,10,10,16,10,18,22,
鳳山,2023/06/28 00:00:00,RAINFALL,0,0,0,0.5,0,0,0,0.5,0,0,0,0,0,0,0,0,0.5,0,0,0,0,0,0,0,
鳳山,2023/06/28 00:00:00,RH,89,90,90,92,93,94,94,92,86,78,71,69,69,68,77,85,86,87,85,85,84,84,86,87,
鳳山,2023/06/28 00:00:00,SO2,3.5,1.8,1.6,1.5,1.3,1.1,1.4,1.3,1.3,2.3,2.1,2,1.9,1.9,1.7,1.5,1.5,1.9,2,2.4,2.1,2.5,2.2,2.3,
鳳山,2023/06/28 00:00:00,THC,2.5,2.53,2.37,2.32,2.41,2.44,2.38,2.42,2.36,2.3,2.23,2.26,2.22,2.14,2.18,2.34,2.29,2.45,2.51,2.6,2.68,2.68,2.72,2.77,
鳳山,2023/06/28 00:00:00,WD_HR,89,96,96,91,91,101,103,70,299,82,271,276,251,94,71,285,267,50,286,34,350,66,67,78,
鳳山,2023/06/28 00:00:00,WIND_DIREC,78,83,119,85,70,108,127,44,268,45,209,303,253,123,299,258,26,78,75,38,317,61,81,86,
鳳山,2023/06/28 00:00:00,WIND_SPEED,0.3,0.4,0.7,0.7,0.6,0.5,0.3,0.3,0.6,0.6,0.9,0.6,0.6,0.5,0.8,0.6,0.3,0.3,0.3,0.3,0.3,0.3,0.3,0.3,
鳳山,2023/06/28 00:00:00,WS_HR,0.3,0.4,0.5,0.5,0.4,0.5,0.4,0.3,0.3,0.2,0.2,0.3,0.1,0.1,0.1,0.9,0.2,0.1,0.4,0,0.1,0.3,0.2,0.3,
鳳山,2023/06/29 00:00:00,AMB_TEMP,28.6,28.4,28.1,28,28,28,28.6,29.6,30.7,32.3,32.9,34.5,34.8,34.1,33.3,32.3,31.2,31,30.6,30.4,30.2,29.9,29.9,29.9,
鳳山,2023/06/29 00:00:00,CH4,2.36,2.37,2.18,2.32,2.53,2.34,2.07,2.06,2.11,2.08,2.1,1.94,1.91,1.89,1.89,1.89,1.9,1.91,1.9,1.9,1.9,1.91,1.92,1.92,
鳳山,2023/06/29 00:00:00,CO,0.47,0.42,0.32,0.31,0.33,0.32,0.34,0.47,0.47,0.55,0.59,0.33,0.27,0.19,0.18,0.25,0.34,0.42,0.32,0.31,0.25,0.21,0.23,0.18,
鳳山,2023/06/29 00:00:00,NMHC,0.35,0.29,0.16,0.14,0.19,0.14,0.1,0.12,0.12,0.19,0.25,0.14,0.09,0.08,0.04,0.06,0.11,0.12,0.08,0.05,0.04,0.04,0.07,0.03,
鳳山,2023/06/29 00:00:00,NO,1.6,0.5,0.6,0.7,0.9,1.3,1.5,1.7,2.8,2.2,3.1,2.2,3,2.5,2.9,3.5,3.7,3.5,2.1,2,1,1.1,0.8,0.6,
鳳山,2023/06/29 00:00:00,NO2,21,16.6,12.9,10.5,12,11.5,8.2,10.3,12.3,14.6,23.1,8.3,5.4,4.2,3.9,5.5,6.9,8.3,6.6,6.8,5.6,5.5,5.8,6.1,
鳳山,2023/06/29 00:00:00,NOx,22.6,17.1,13.5,11.2,12.9,12.9,9.7,12.1,15.1,16.9,26.3,10.6,8.5,6.8,6.8,9.1,10.7,11.8,8.8,8.9,6.7,6.6,6.7,6.7,
鳳山,2023/06/29 00:00:00,O3,6.3,6.1,8.7,7.1,3.6,7.2,11.5,21.7,27.4,40.6,52.3,35.4,18.5,14.7,12.9,11.2,8.8,7.1,8.2,9,12.6,10.8,11,10.5,
鳳山,2023/06/29 00:00:00,PM10,31,34,25,30,29,35,32,38,34,37,49,12,10,5,12,8,9,6,3,6,7,7,6,5,
鳳山,2023/06/29 00:00:00,PM2.5,25,23,19,13,17,19,16,13,22,19,25,9,5,0,0,1,3,4,7,4,6,6,7,4,
鳳山,2023/06/29 00:00:00,RAINFALL,0,0,0,0,0,0,0,0,0,0,0,0,0,0,0,0,0,0,0,0,0,0,0,0,
鳳山,2023/06/29 00:00:00,RH,89,89,88,89,91,90,86,85,80,68,67,59,57,58,62,69,71,71,73,76,77,83,83,81,
鳳山,2023/06/29 00:00:00,SO2,2.3,1.5,1.1,1,0.9,1.3,1.2,1.5,1.4,2,2.7,1.7,1,0.8,0.6,0.6,0.9,0.8,0.8,0.7,0.7,0.6,0.7,0.7,
鳳山,2023/06/29 00:00:00,THC,2.72,2.67,2.35,2.47,2.73,2.49,2.18,2.19,2.24,2.27,2.36,2.08,2,1.98,1.94,1.96,2.02,2.04,1.99,1.96,1.95,1.96,2,1.96,
鳳山,2023/06/29 00:00:00,WD_HR,79,75,95,92,73,86,103,94,89,293,292,108,136,116,167,150,135,125,122,109,102,113,104,97,
鳳山,2023/06/29 00:00:00,WIND_DIREC,84,53,79,71,305,82,113,113,86,254,289,121,115,171,142,116,125,109,117,94,144,114,94,109,
鳳山,2023/06/29 00:00:00,WIND_SPEED,0.3,0.3,0.3,0.3,0.3,0.3,0.3,0.9,0.4,1.4,1,1.7,2,2.4,2.1,1.4,1.8,1.7,1.6,1.1,0.7,0.9,0.6,0.8,
鳳山,2023/06/29 00:00:00,WS_HR,0.3,0.3,0.3,0.3,0.2,0.3,0.4,0.4,0.4,0.1,0.2,0.2,0.5,0.8,0.8,0.4,0.7,0.7,0.8,0.5,0.6,0.7,0.6,0.5,
鳳山,2023/06/30 00:00:00,AMB_TEMP,29.8,30,29.9,30,30,29.8,29.6,30.9,31.9,32.6,33.4,34,33.6,32.9,32.1,33.3,32.5,31.5,30.8,30.4,30.3,30.2,29.9,30,
鳳山,2023/06/30 00:00:00,CH4,1.92,1.92,1.92,1.93,1.92,1.93,2.05,1.93,1.91,1.91,1.91,1.93,1.93,1.9,1.93,1.93,1.92,1.92,1.91,1.91,1.92,1.93,1.92,1.92,
鳳山,2023/06/30 00:00:00,CO,0.15,0.11,0.12,0.19,0.18,0.19,0.26,0.37,0.36,0.31,0.34,0.52,0.41,0.22,0.46,0.32,0.38,0.46,0.36,0.29,0.27,0.29,0.2,0.2,
鳳山,2023/06/30 00:00:00,NMHC,0.02,0,0,0.01,0.01,0.02,0.05,0.09,0.08,0.07,0.05,0.19,0.16,0.04,0.15,0.18,0.17,0.14,0.07,0.05,0.05,0.07,0.04,0.03,
鳳山,2023/06/30 00:00:00,NO,0.7,0.5,0.5,0.6,0.5,0.8,2.2,4.3,5.5,4.5,3.9,4.8,4,3.4,5.2,3,3.2,2.8,1.3,0.8,0.8,0.8,0.5,0.8,
鳳山,2023/06/30 00:00:00,NO2,5.9,5.1,5.1,7.9,7.1,7.1,6.8,6.2,6.2,6.1,6,9,8.4,7.1,13.8,7.8,10.1,10.1,7.7,7.1,6.4,6.4,5.2,5.9,
鳳山,2023/06/30 00:00:00,NOx,6.6,5.6,5.6,8.6,7.6,8,9,10.5,11.8,10.6,10,13.8,12.5,10.5,19.1,10.8,13.3,13,9,7.9,7.2,7.2,5.8,6.7,
鳳山,2023/06/30 00:00:00,O3,8.9,8.9,7.1,5,6.7,7.1,6.4,9.9,11.4,15.1,16,19.1,19.8,18.6,17.5,22.6,18.9,16.3,17.1,16.8,16.6,15.5,16.6,14.9,
鳳山,2023/06/30 00:00:00,PM10,5,6,5,15,8,11,11,11,14,10,11,17,14,13,23,5,9,15,8,7,5,6,6,7,
鳳山,2023/06/30 00:00:00,PM2.5,1,3,4,7,6,4,4,4,9,6,5,7,9,7,11,6,4,11,10,9,7,5,6,7,
鳳山,2023/06/30 00:00:00,RAINFALL,0,0,0,0,0,0,0,0,0,0,0,0,0,0,0,0,0,0,0,0,0,0,0,0,
鳳山,2023/06/30 00:00:00,RH,78,76,75,73,73,74,78,72,68,65,63,61,64,67,71,59,65,71,75,79,82,84,87,84,
鳳山,2023/06/30 00:00:00,SO2,0.8,0.6,0.5,0.9,1.1,0.9,0.9,0.7,1,0.8,1.5,5.2,4.9,1.5,4.9,2.6,2.6,3.1,0.8,0.6,0.6,0.8,0.5,0.6,
鳳山,2023/06/30 00:00:00,THC,1.95,1.92,1.93,1.95,1.94,1.95,2.11,2.03,2,1.99,1.97,2.13,2.1,1.95,2.09,2.12,2.1,2.07,1.99,1.97,1.97,2.01,1.97,1.96,
鳳山,2023/06/30 00:00:00,WD_HR,122,159,142,176,164,109,101,120,118,163,153,197,329,251,133,279,313,111,123,107,108,112,119,134,
鳳山,2023/06/30 00:00:00,WIND_DIREC,129,196,89,160,127,102,130,124,100,193,196,133,285,222,200,331,353,123,128,125,100,92,125,139,
鳳山,2023/06/30 00:00:00,WIND_SPEED,1,1.4,0.7,1.1,1.2,1.1,1,1.5,2,1.7,1.5,1.5,1.3,1,1.4,1.6,1,1.4,1.2,1.2,1,1.1,1.3,2,
鳳山,2023/06/30 00:00:00,WS_HR,0.4,0.5,0.2,0.1,0.3,0.4,0.6,0.7,0.6,0.7,0.5,0.3,0,0.4,0.4,0.1,0.4,0.6,0.7,0.9,0.8,0.8,0.7,0.6,
鳳山,2023/07/01 00:00:00,AMB_TEMP,29.9,29.8,29.8,29.7,29.6,28.7,28.7,29.7,31,31.4,29.6,31.2,30,28.9,27.2,27.1,27.8,28.4,28.5,28.5,28.6,28.7,28.8,28.9,
鳳山,2023/07/01 00:00:00,CH4,1.92,1.91,1.91,1.91,1.9,1.93,1.93,1.91,1.89,1.9,1.91,1.89,1.91,1.92,1.94,1.93,1.95,1.95,1.93,1.93,1.93,1.93,1.91,1.92,
鳳山,2023/07/01 00:00:00,CO,0.18,0.12,0.13,0.13,0.13,0.3,0.32,0.31,0.25,0.32,0.37,0.28,0.29,0.32,0.31,0.36,0.28,0.32,0.33,0.31,0.29,0.24,0.2,0.18,
鳳山,2023/07/01 00:00:00,NMHC,0.04,0,0.03,0.05,0.04,0.03,0.05,0.04,0.06,0.07,0.1,0.07,0.05,0.09,0.06,0.09,0.07,0.07,0.09,0.07,0.06,0.04,0.03,0.02,
鳳山,2023/07/01 00:00:00,NO,0.4,0.7,0.5,0.5,0.5,0.8,1.5,1.5,1.9,2.7,3.7,3.2,2.2,3,3.7,2.6,2.2,1.4,1.4,1.1,1,1,0.7,0.6,
鳳山,2023/07/01 00:00:00,NO2,5.3,4.8,3.5,3.6,3.8,5.4,7.8,5.2,4.3,5.6,8.6,5.8,5.1,8.4,10.4,10.8,7.8,7.2,7.7,7.8,7,7.9,4.3,4.3,
鳳山,2023/07/01 00:00:00,NOx,5.8,5.6,4,4.1,4.3,6.2,9.4,6.7,6.2,8.3,12.4,9,7.4,11.4,14.2,13.5,10,8.6,9.1,9,8.1,8.9,5.1,5,
鳳山,2023/07/01 00:00:00,O3,15.8,16.2,16.7,15.8,15.1,13.2,11.3,13.7,17.9,18.2,16,21.7,20.3,17.3,13.6,14.1,16.7,16.1,13.9,13.2,14,13.7,18.2,17.4,
鳳山,2023/07/01 00:00:00,PM10,2,5,4,3,4,5,7,10,9,12,7,6,14,13,8,9,11,8,17,17,22,16,15,13,
鳳山,2023/07/01 00:00:00,PM2.5,6,3,2,1,4,4,3,5,4,4,3,6,5,7,4,6,4,4,4,7,4,3,5,6,
鳳山,2023/07/01 00:00:00,RAINFALL,0,0,0,0,0,2,0,0,0,0,1,0,3.5,2,12.5,0,0,0,0,0,0,0,0,0,
鳳山,2023/07/01 00:00:00,RH,84,82,80,79,82,89,91,88,81,73,88,83,84,91,96,93,92,90,89,89,90,90,89,90,
鳳山,2023/07/01 00:00:00,SO2,0.5,0.6,0.6,0.6,0.7,1,1.4,0.8,0.6,0.7,1.1,1.2,1,1,1,1.6,1.1,0.8,0.8,0.9,0.6,0.8,0.5,0.6,
鳳山,2023/07/01 00:00:00,THC,1.97,1.9,1.95,1.97,1.95,1.97,1.99,1.96,1.96,1.98,2.02,1.97,1.97,2.02,2.01,2.03,2.03,2.03,2.03,2.01,2,1.98,1.95,1.95,
鳳山,2023/07/01 00:00:00,WD_HR,121,153,138,123,125,103,131,122,130,163,122,137,124,273,21,112,103,108,110,111,108,115,117,115,
鳳山,2023/07/01 00:00:00,WIND_DIREC,117,105,180,119,121,95,157,125,148,320,135,133,127,274,118,106,118,84,116,106,107,104,130,115,
鳳山,2023/07/01 00:00:00,WIND_SPEED,1.7,1.7,1.6,1.3,1.1,0.5,1.1,1.3,1.7,1.2,1.7,1.7,1.1,0.6,1.2,1.1,1,0.6,1.1,0.9,0.7,1.3,0.6,1.1,
鳳山,2023/07/01 00:00:00,WS_HR,0.7,0.5,0.6,0.6,0.6,0.2,0.3,0.6,0.8,0.5,0.3,0.9,0.7,0.5,0,0.7,0.6,0.6,0.7,0.7,0.5,0.7,0.6,0.5,
鳳山,2023/07/02 00:00:00,AMB_TEMP,28.8,28.4,28.4,28.3,28.3,28.5,29.4,30.6,32,33.2,33.8,33.4,33.3,33.1,33.5,33.6,32.9,32.5,31.4,30.5,30.3,30,29.8,29.7,
鳳山,2023/07/02 00:00:00,CH4,1.92,1.92,1.92,1.92,1.93,1.92,1.92,1.91,1.91,1.91,1.91,1.9,1.9,1.9,1.91,1.92,1.9,1.91,1.92,1.91,1.91,1.91,1.93,1.98,
鳳山,2023/07/02 00:00:00,CO,0.14,0.12,0.11,0.11,0.13,0.17,0.26,0.26,0.27,0.29,0.26,0.25,0.24,0.27,0.42,0.48,0.44,0.57,0.55,0.31,0.28,0.21,0.17,0.18,
鳳山,2023/07/02 00:00:00,NMHC,0,0,0,0,0.03,0.07,0.1,0.07,0.07,0.07,0.04,0.05,0.03,0.05,0.14,0.17,0.2,0.18,0.1,0.07,0.06,0.04,0.01,0.05,
鳳山,2023/07/02 00:00:00,NO,0.6,0.3,0.3,0.4,0.4,0.6,1,1.4,1.6,2.2,2.4,2.1,1.9,1.8,2.7,3.6,3.1,3,2.3,0.8,0.7,0.5,0.5,0.5,
鳳山,2023/07/02 00:00:00,NO2,3.4,3.6,2.7,2.6,3.7,5,5.5,4.8,4.7,5.7,5.2,4.5,4.5,4.9,7.1,9.1,8,9.6,11.2,6.5,7.5,5.6,4.8,4.7,
鳳山,2023/07/02 00:00:00,NOx,4.1,4,3.1,3.1,4.1,5.6,6.5,6.3,6.4,8,7.6,6.6,6.4,6.7,9.8,12.7,11.1,12.6,13.6,7.3,8.2,6.1,5.3,5.2,
鳳山,2023/07/02 00:00:00,O3,17.7,17.5,16.8,15.7,14.8,14.9,16.3,19.1,22.3,23.4,21.9,21.8,22.6,22.1,22,20.4,19.9,18.6,15.7,18.1,17.3,17.6,18.4,17.8,
鳳山,2023/07/02 00:00:00,PM10,8,6,4,8,7,13,9,9,9,7,15,12,8,8,10,14,12,12,15,9,11,7,6,12,
鳳山,2023/07/02 00:00:00,PM2.5,3,4,4,5,6,5,4,4,4,8,6,2,2,4,9,8,5,4,7,8,6,8,4,1,
鳳山,2023/07/02 00:00:00,RAINFALL,0,0,0,0,0,0,0,0,0,0,0,0,0,0,0,0,0,0,0,0,0,0,0,0,
鳳山,2023/07/02 00:00:00,RH,91,92,91,91,91,90,86,79,68,61,57,59,61,63,60,60,65,66,70,78,82,85,87,86,
鳳山,2023/07/02 00:00:00,SO2,0.6,0.9,0.8,1,1.1,1.1,1.1,1.3,1.5,1.7,1.8,1.7,1.5,2.2,5.5,7.3,4.3,4.9,6.7,1.5,1.4,1.1,1,1.2,
鳳山,2023/07/02 00:00:00,THC,1.93,1.93,1.92,1.92,1.97,2,2.03,1.99,1.99,1.99,1.96,1.96,1.94,1.96,2.06,2.09,2.11,2.1,2.02,1.98,1.98,1.96,1.95,2.03,
鳳山,2023/07/02 00:00:00,WD_HR,113,113,108,118,113,111,128,122,121,126,125,149,148,122,170,188,280,156,118,100,111,104,116,116,
鳳山,2023/07/02 00:00:00,WIND_DIREC,137,116,97,114,115,94,155,131,115,134,164,162,115,211,126,249,266,169,115,108,101,88,130,207,
鳳山,2023/07/02 00:00:00,WIND_SPEED,1.3,0.9,0.7,0.7,0.7,1.2,1.1,1.8,1.5,1.6,2,1.9,1.6,1.4,1.5,1.4,0.9,0.9,1.3,0.7,0.9,0.5,0.8,0.3,
鳳山,2023/07/02 00:00:00,WS_HR,0.5,0.7,0.5,0.4,0.5,0.7,0.6,0.8,0.7,0.7,0.8,0.7,0.7,0.5,0.3,0.1,0.3,0.2,0.7,0.7,0.7,0.6,0.5,0.3,
鳳山,2023/07/03 00:00:00,AMB_TEMP,29.5,29.4,29,28.6,28.4,28.3,28.6,29.9,31.1,32.9,33.6,34,34.6,34.2,33.2,32.9,32.5,32,31.5,31,30.8,30.4,30.4,30,
鳳山,2023/07/03 00:00:00,CH4,2.04,2.09,2.37,2.59,2.63,2.49,2.54,2.23,1.91,1.9,1.9,1.9,1.9,1.9,1.9,1.9,1.9,1.9,1.9,1.9,1.89,1.9,1.92,1.94,
鳳山,2023/07/03 00:00:00,CO,0.16,0.17,0.17,0.2,0.19,0.19,0.24,0.39,0.42,0.35,0.39,0.38,0.3,0.23,0.28,0.28,0.35,0.44,0.45,0.38,0.32,0.21,0.24,0.15,
鳳山,2023/07/03 00:00:00,NMHC,0.04,0.04,0.03,0.05,0.07,0.06,0.1,0.11,0.09,0.04,0.08,0.09,0.06,0.04,0.08,0.09,0.11,0.1,0.09,0.06,0.05,0.04,0.04,0.02,
鳳山,2023/07/03 00:00:00,NO,0.5,0.6,0.4,0.4,0.7,0.9,2.9,4.7,6.3,6.1,5.3,6,4.8,3,2.8,2.4,3.2,3,3.1,3.3,2,0.8,0.9,0.4,
鳳山,2023/07/03 00:00:00,NO2,5.3,7.4,6.7,7.7,8.5,7.8,9.2,9.8,12.5,9.1,9.7,11.1,8.9,6.7,6.1,6,7.2,7.5,9.7,10.2,10.3,8.1,10,6.6,
鳳山,2023/07/03 00:00:00,NOx,5.9,8,7.2,8.2,9.2,8.8,12.1,14.5,18.9,15.3,15,17.1,13.7,9.7,9,8.5,10.4,10.6,12.9,13.5,12.4,9,11,7,
鳳山,2023/07/03 00:00:00,O3,15.8,11.6,8.8,5,4.4,7.6,6.2,11,11.7,16.5,19.3,18.9,22.3,26.2,22.2,21.6,22.1,20,13.8,11.3,13.3,17.4,13.4,17.6,
鳳山,2023/07/03 00:00:00,PM10,13,11,8,10,7,4,17,15,7,11,10,11,8,14,16,12,8,11,12,11,8,10,7,6,
鳳山,2023/07/03 00:00:00,PM2.5,6,5,4,5,4,5,3,5,6,8,6,7,7,3,7,7,5,3,1,1,2,4,3,4,
鳳山,2023/07/03 00:00:00,RAINFALL,0,0,0,0,0,0,0,0,0,0,0,0,0,0,0,0,0,0,0,0,0,0,0,0,
鳳山,2023/07/03 00:00:00,RH,86,84,85,87,85,84,82,78,73,63,61,61,59,64,67,66,67,68,71,73,74,81,79,82,
鳳山,2023/07/03 00:00:00,SO2,1.1,1.4,1.3,1.1,1.3,1.2,1.5,1.6,4.6,4.7,4.1,4.7,1.9,1.6,1.4,1.5,1.4,1,1.3,1.3,1.1,1.7,1.6,1.3,
鳳山,2023/07/03 00:00:00,THC,2.08,2.14,2.41,2.65,2.71,2.56,2.65,2.35,2.01,1.95,1.99,2,1.97,1.95,1.99,2,2.02,2.01,2,1.97,1.95,1.95,1.96,1.96,
鳳山,2023/07/03 00:00:00,WD_HR,97,98,87,88,89,83,90,102,283,160,261,262,259,270,252,267,273,271,289,303,103,105,107,97,
鳳山,2023/07/03 00:00:00,WIND_DIREC,53,84,97,71,73,80,63,15,182,126,289,256,275,213,252,261,186,278,282,279,112,112,92,92,
鳳山,2023/07/03 00:00:00,WIND_SPEED,0.3,0.6,0.6,0.4,0.7,0.4,0.3,1,0.9,1,0.9,1.2,1.7,1.1,1.1,1.3,0.7,1,0.6,0.3,1,0.9,0.7,0.5,
鳳山,2023/07/03 00:00:00,WS_HR,0.3,0.4,0.5,0.4,0.4,0.5,0.3,0.4,0.1,0.5,0.2,0.4,0.8,0.6,0.9,0.6,0.8,0.6,0.5,0.2,0.1,0.7,0.2,0.4,
鳳山,2023/07/04 00:00:00,AMB_TEMP,29.6,29.4,29,28.8,28.5,28,28.8,30.4,32.4,34,35.5,36.3,35.7,35.2,35,34.5,34.4,32.6,31.8,31.5,31.5,31.1,30.8,30,
鳳山,2023/07/04 00:00:00,CH4,2.04,2.11,2.35,2.22,2.27,2.16,2.1,1.95,1.94,1.95,1.91,1.92,1.91,1.9,1.9,1.9,1.9,1.89,1.91,1.91,1.92,1.91,1.91,2.02,
鳳山,2023/07/04 00:00:00,CO,0.16,0.16,0.14,0.13,0.17,0.19,0.26,0.3,0.44,0.53,0.34,0.45,0.36,0.25,0.28,0.35,0.47,0.57,0.62,0.6,0.49,0.36,0.26,0.22,
鳳山,2023/07/04 00:00:00,NMHC,0.08,0.11,0.06,0.05,0.09,0.07,0.09,0.07,0.1,0.16,0.11,0.15,0.1,0.06,0.08,0.09,0.13,0.16,0.17,0.17,0.14,0.08,0.06,0.1,
鳳山,2023/07/04 00:00:00,NO,0.3,0.6,0.7,0.7,1,1.3,3.5,3.2,4.4,4.2,3.7,4.3,4.1,3.4,3.7,5,4.9,5.8,5.1,4.6,4.4,2.7,2,1.1,
鳳山,2023/07/04 00:00:00,NO2,5.5,7.9,6.9,5.3,7.2,8.4,8.5,7.7,9.6,13.5,8.4,11,8.5,6.4,6.4,7.1,8.5,10.3,9.9,11.1,10.1,7.6,6.9,8.5,
鳳山,2023/07/04 00:00:00,NOx,5.9,8.6,7.6,6,8.2,9.8,12,10.9,14,17.7,12.2,15.3,12.6,9.8,10.1,12.1,13.5,16.2,15.1,15.7,14.5,10.4,8.9,9.6,
鳳山,2023/07/04 00:00:00,O3,15,12.2,11.9,13.9,9.3,4.9,6.8,16.8,21.6,31.4,28,28.6,25,23,21,19.3,19.2,16.8,12.4,10.3,11.1,12.7,12.1,8.1,
鳳山,2023/07/04 00:00:00,PM10,12,10,8,13,10,18,21,9,9,13,9,14,8,6,8,12,11,12,11,11,11,12,10,15,
鳳山,2023/07/04 00:00:00,PM2.5,4,3,4,3,6,4,9,7,8,6,2,3,3,4,3,6,5,4,6,6,7,5,4,5,
鳳山,2023/07/04 00:00:00,RAINFALL,0,0,0,0,0,0,0,0,0,0,0,0,0,0,0,0,0,0,0,0,0,0,0,0,
鳳山,2023/07/04 00:00:00,RH,86,86,85,85,86,87,82,73,65,57,48,51,53,56,56,57,57,67,69,69,68,71,73,75,
鳳山,2023/07/04 00:00:00,SO2,1.4,1.5,1.2,1,0.9,0.9,1.9,2,1.5,1.3,1.1,1.1,0.9,1,1,1,1,1,1.1,1.1,0.8,1,1,1.2,
鳳山,2023/07/04 00:00:00,THC,2.13,2.23,2.42,2.28,2.37,2.24,2.2,2.03,2.05,2.12,2.03,2.08,2.02,1.97,1.99,2,2.04,2.06,2.08,2.09,2.07,2,1.98,2.13,
鳳山,2023/07/04 00:00:00,WD_HR,112,102,83,81,87,93,93,105,241,301,278,287,258,263,275,269,293,289,282,289,288,291,303,94,
鳳山,2023/07/04 00:00:00,WIND_DIREC,118,80,65,108,91,105,78,249,252,299,278,295,247,255,265,271,292,289,300,276,289,297,68,91,
鳳山,2023/07/04 00:00:00,WIND_SPEED,0.6,0.4,0.4,0.3,0.7,0.5,0.3,0.5,0.9,0.9,1.1,1.3,1.8,1.9,2.1,1.5,1.4,1.2,0.6,0.6,1.1,0.4,0.3,0.3,
鳳山,2023/07/04 00:00:00,WS_HR,0.4,0.4,0.4,0.3,0.4,0.5,0.4,0.3,0.1,0.4,0.3,0.9,1.2,1.3,1.3,1.2,1.2,1.2,0.7,0.4,0.7,0.8,0.3,0.5,
鳳山,2023/07/05 00:00:00,AMB_TEMP,29.7,29.7,29.7,29.7,29.6,29.1,30.1,31.4,32.8,34,34.7,35.6,35.6,35.6,35,34.5,34.1,33.4,32.3,31.6,31.5,31.4,31.3,31.1,
鳳山,2023/07/05 00:00:00,CH4,1.96,1.94,1.94,1.98,2.02,2.11,2.08,1.96,1.92,1.91,1.9,1.92,1.91,1.9,1.9,1.9,1.91,1.91,1.91,1.9,1.91,1.91,1.91,1.93,
鳳山,2023/07/05 00:00:00,CO,0.18,0.17,0.16,0.16,0.16,0.2,0.29,0.43,0.43,0.37,0.39,0.41,0.34,0.28,0.3,0.38,0.49,0.6,0.59,0.5,0.46,0.39,0.27,0.24,
鳳山,2023/07/05 00:00:00,NMHC,0.06,0.04,0.02,0.03,0.08,0.11,0.14,0.12,0.1,0.09,0.12,0.11,0.08,0.07,0.07,0.09,0.14,0.16,0.14,0.12,0.1,0.08,0.04,0.04,
鳳山,2023/07/05 00:00:00,NO,0.8,0.8,0.8,0.7,0.7,1,3,6.4,5.2,5.4,5.1,5.7,4.5,3.7,5,4.6,5.3,8,5.8,4.1,3.6,2.7,2.2,1.8,
鳳山,2023/07/05 00:00:00,NO2,7.6,5,5.1,4.5,5.3,7.6,9.3,8.9,9.8,7.1,7.1,6.9,5.9,5.4,4.5,5.4,6.6,8.5,10.2,8.3,7.5,7.3,6.3,5.6,
鳳山,2023/07/05 00:00:00,NOx,8.5,5.9,5.9,5.2,6,8.6,12.3,15.3,15,12.6,12.2,12.6,10.5,9.1,9.6,10.1,11.9,16.5,16,12.5,11.1,10,8.5,7.4,
鳳山,2023/07/05 00:00:00,O3,9.5,11.4,12.1,12.4,10.3,7,8.8,14.6,15.4,16.7,16.8,17.1,17.2,18.7,15.1,16.3,13,9.9,10.5,10.7,11.6,12,11.2,11.8,
鳳山,2023/07/05 00:00:00,PM10,7,5,7,11,10,12,11,9,14,10,8,9,12,13,9,14,12,8,18,10,18,12,9,6,
鳳山,2023/07/05 00:00:00,PM2.5,5,4,3,1,4,8,7,7,4,10,7,5,5,6,5,6,6,8,5,6,7,8,5,5,
鳳山,2023/07/05 00:00:00,RAINFALL,0,0,0,0,0,0,0,0,0,0,0,0,0,0,0,0,0,0,0,0,0,0,0,0,
鳳山,2023/07/05 00:00:00,RH,75,76,76,74,74,75,73,70,63,58,54,52,53,56,56,59,59,60,65,71,72,72,70,74,
鳳山,2023/07/05 00:00:00,SO2,1.3,0.8,1.1,1.3,1.1,0.8,1.7,1.1,0.7,0.7,0.6,0.5,0.5,0.4,0.5,0.5,0.5,0.5,0.5,0.8,0.4,0.4,0.5,0.5,
鳳山,2023/07/05 00:00:00,THC,2.02,1.99,1.97,2.01,2.11,2.23,2.23,2.09,2.03,2.01,2.03,2.04,2,1.98,1.98,2,2.05,2.08,2.06,2.03,2.01,2,1.96,1.97,
鳳山,2023/07/05 00:00:00,WD_HR,71,63,55,50,46,79,56,350,279,297,285,285,288,284,290,278,281,292,286,286,288,296,297,281,
鳳山,2023/07/05 00:00:00,WIND_DIREC,41,61,50,50,70,70,53,90,273,291,293,267,278,293,278,283,290,287,293,279,269,298,303,287,
鳳山,2023/07/05 00:00:00,WIND_SPEED,0.3,0.3,0.3,0.3,0.3,0.3,0.3,0.6,1,1.1,1.4,1.7,1.7,1.6,1.6,1.6,1.5,1.5,0.5,1,0.8,1.2,0.5,0.5,
鳳山,2023/07/05 00:00:00,WS_HR,0.2,0.2,0.2,0.2,0.1,0.3,0.2,0.2,0.6,0.8,1.1,1.3,1.3,1.2,1.5,1.3,1.2,1.1,1,0.9,0.8,0.6,0.4,0.5,
鳳山,2023/07/06 00:00:00,AMB_TEMP,30.8,30.6,30.3,29.8,29.8,29.7,30.6,31.5,32,33.4,34.3,34.8,34.9,35,34.7,34.2,33.3,32.5,32,31.5,31.3,31,30.9,30.5,
鳳山,2023/07/06 00:00:00,CH4,1.92,1.93,1.93,1.98,1.97,2,1.98,1.93,1.9,1.9,#,#,#,#,#,#,1.89,1.89,1.89,1.9,1.91,1.91,1.9,1.91,
鳳山,2023/07/06 00:00:00,CO,0.17,0.13,0.12,0.16,0.14,0.2,0.3,0.45,0.48,0.43,0.44,#,#,#,0.24,0.29,0.41,0.54,0.49,0.45,0.35,0.31,0.2,0.15,
鳳山,2023/07/06 00:00:00,NMHC,0.02,0.01,0.02,0.08,0.07,0.12,0.1,0.1,0.13,0.12,#,#,#,#,#,#,0.13,0.16,0.14,0.13,0.1,0.08,0.04,0.02,
鳳山,2023/07/06 00:00:00,NO,1.3,0.5,0.4,0.2,0.2,0.5,2.3,4.5,5.6,5.9,#,#,#,#,#,#,4.2,5.7,4.8,3.9,3.8,2.6,1.7,0.9,
鳳山,2023/07/06 00:00:00,NO2,4.1,4.2,4.1,5.9,5.4,6.9,7.8,8.9,8.6,7.6,#,#,#,#,#,#,8.4,10.2,9.1,7.6,7.7,6.7,5.8,4.2,
鳳山,2023/07/06 00:00:00,NOx,5.4,4.7,4.6,6.2,5.7,7.4,10.1,13.5,14.2,13.5,#,#,#,#,#,#,12.6,16,13.9,11.5,11.5,9.3,7.6,5.1,
鳳山,2023/07/06 00:00:00,O3,12.9,11.6,11,8.2,8.7,7.9,8.7,11.3,11,11.9,14.5,17.3,#,#,#,#,18.1,13.8,12,8.3,8.8,9.7,10.9,11.7,
鳳山,2023/07/06 00:00:00,PM10,8,7,8,10,11,14,17,17,13,10,26,17,14,16,#,#,14,16,12,9,14,16,16,9,
鳳山,2023/07/06 00:00:00,PM2.5,4,5,8,7,10,9,6,6,5,6,6,4,4,#,#,10,10,6,4,2,1,12,9,11,
鳳山,2023/07/06 00:00:00,RAINFALL,0,0,0,0,0,0,0,0,0,0,0,0,0,#,#,0,0,0,0,0,0,0,0,0,
鳳山,2023/07/06 00:00:00,RH,76,79,81,88,87,88,85,78,72,64,62,59,60,61,58,62,67,72,73,73,72,75,75,78,
鳳山,2023/07/06 00:00:00,SO2,0.6,0.6,0.5,0.7,0.9,1.1,1,0.7,0.8,0.8,0.7,0.9,0.8,#,#,#,0.2,0.2,0.3,0.2,0.2,0.2,0.1,0.1,
鳳山,2023/07/06 00:00:00,THC,1.95,1.95,1.96,2.07,2.04,2.13,2.09,2.04,2.04,2.03,#,#,#,#,#,#,2.03,2.06,2.04,2.04,2.02,2,1.95,1.94,
鳳山,2023/07/06 00:00:00,WD_HR,301,293,303,85,73,58,305,287,287,288,291,289,#,#,#,295,286,290,287,289,295,279,302,301,
鳳山,2023/07/06 00:00:00,WIND_DIREC,269,288,45,76,60,44,321,273,281,290,294,288,#,#,263,295,287,303,294,293,293,296,308,301,
鳳山,2023/07/06 00:00:00,WIND_SPEED,0.5,0.7,0.3,0.4,0.3,0.3,0.4,1.2,1.2,1.3,1.3,1.7,#,#,1.7,1.2,1.3,1,1,0.7,0.6,0.7,0.8,0.3,
鳳山,2023/07/06 00:00:00,WS_HR,0.5,0.4,0.3,0.3,0.3,0.2,0.4,0.7,0.9,1,0.9,1.3,#,#,#,1.4,1.2,1,0.8,0.7,0.6,0.5,0.6,0.3,
鳳山,2023/07/07 00:00:00,AMB_TEMP,30.5,30.3,30.3,29.6,28.8,28.7,29.3,30.7,32.2,33.9,35.3,35.5,35.9,36.2,36.1,35.6,34.9,33.8,32.6,32,31.8,31.4,31.5,31.3,
鳳山,2023/07/07 00:00:00,CH4,1.91,1.89,1.91,2.01,2.17,2.09,1.98,1.94,1.92,1.92,1.91,1.9,#,1.91,1.91,1.93,1.92,1.93,1.93,1.92,1.92,1.93,1.94,1.94,
鳳山,2023/07/07 00:00:00,CO,0.13,0.11,0.1,0.18,0.16,0.19,0.2,#,#,0.41,0.43,0.45,0.34,0.27,0.3,#,0.47,0.71,0.75,0.55,0.48,0.39,0.37,0.24,
鳳山,2023/07/07 00:00:00,NMHC,0.01,0,0,0.09,0.05,0.07,0.05,0.09,0.12,0.11,0.13,0.13,#,0.07,0.08,0.07,0.13,0.18,0.18,0.15,0.11,0.08,0.07,0.01,
鳳山,2023/07/07 00:00:00,NO,0.7,0.7,0.7,0.5,0.6,0.9,1.6,#,#,4.7,5.8,5.1,4.9,#,#,#,6.7,8.7,7.1,5.3,3.3,2.4,2.8,1.6,
鳳山,2023/07/07 00:00:00,NO2,4.4,3.1,2.9,5.9,6.8,6.8,6,#,#,8.8,7.7,7.7,6.1,#,#,#,8.1,10.1,11.4,9.6,9.7,7.8,8.6,5.3,
鳳山,2023/07/07 00:00:00,NOx,5.1,3.8,3.6,6.5,7.5,7.8,7.7,#,#,13.6,13.5,12.8,11.1,#,#,#,14.9,18.9,18.5,15,13,10.2,11.4,6.9,
鳳山,2023/07/07 00:00:00,O3,12.2,14.8,13.3,7.4,5.1,6.7,7.2,10.7,#,#,#,#,17.8,15.8,14.2,14.7,13.2,10.3,8.8,9.3,10.3,10.2,10,12.7,
鳳山,2023/07/07 00:00:00,PM10,15,17,17,27,15,19,14,21,17,24,16,17,17,15,13,16,12,15,21,18,22,21,21,15,
鳳山,2023/07/07 00:00:00,PM2.5,10,10,13,24,17,12,10,13,11,15,15,15,6,11,9,10,8,13,13,10,15,16,11,15,
鳳山,2023/07/07 00:00:00,RAINFALL,0,0,0,0,0,0,0,0,0,0,0,0,0,0,0,0,0,0,0,0,0,0,0,0,
鳳山,2023/07/07 00:00:00,RH,79,82,83,87,90,88,82,77,69,63,53,53,51,48,44,47,50,57,65,68,69,72,72,70,
鳳山,2023/07/07 00:00:00,SO2,0.2,0.9,0.8,1.3,1.3,1.1,1.1,#,#,1,0.9,1.1,1.1,0.9,1,1.2,1.4,1.2,1.2,1.3,1.3,1.3,1.1,1.2,
鳳山,2023/07/07 00:00:00,THC,1.92,1.89,1.91,2.11,2.22,2.17,2.04,2.04,2.04,2.03,2.04,2.04,#,1.99,2,2.01,2.06,2.12,2.12,2.08,2.04,2.02,2.02,1.96,
鳳山,2023/07/07 00:00:00,WD_HR,290,298,291,86,96,95,100,83,287,290,284,290,281,288,290,288,289,289,287,294,277,323,279,257,
鳳山,2023/07/07 00:00:00,WIND_DIREC,292,299,4,96,89,79,112,308,13,270,291,274,281,286,283,297,274,293,278,309,273,293,264,260,
鳳山,2023/07/07 00:00:00,WIND_SPEED,0.9,0.9,0.3,0.6,0.5,0.4,0.8,0.7,0.6,1.3,1.7,1.3,1.6,1.6,1.8,1.6,1.7,0.8,0.8,0.5,0.6,0.6,0.6,0.7,
鳳山,2023/07/07 00:00:00,WS_HR,0.6,0.7,0.5,0.3,0.5,0.5,0.7,0.1,0.6,0.9,1.2,1.2,1.2,1.2,1.5,1.4,1.4,1.1,0.7,0.6,0.5,0.2,0.5,0.5,
鳳山,2023/07/08 00:00:00,AMB_TEMP,30.7,30.3,29.9,30.1,29.1,28.9,29.6,31.1,32.4,34,35.3,35.7,35.4,36.2,35.6,35.3,34.7,33.5,32.5,31.8,31.7,31.5,31.4,31.2,
鳳山,2023/07/08 00:00:00,CH4,1.92,2.07,2.19,2.07,2.07,2.02,2.02,1.97,1.93,1.94,1.92,1.91,1.9,1.91,1.91,1.91,1.91,1.9,1.9,1.91,1.91,1.91,1.91,1.92,
鳳山,2023/07/08 00:00:00,CO,0.19,0.27,0.21,0.15,0.17,0.19,0.32,0.37,0.48,0.4,0.41,0.37,0.3,0.26,0.26,0.28,0.34,0.49,0.47,0.45,0.36,0.34,0.29,0.24,
鳳山,2023/07/08 00:00:00,NMHC,0,0.08,0.1,0.06,0.07,0.08,0.14,0.13,0.1,0.1,0.12,0.12,0.08,0.06,0.06,0.07,0.09,0.12,0.11,0.11,0.09,0.07,0.06,0.05,
鳳山,2023/07/08 00:00:00,NO,1.3,0.6,0.9,0.6,0.6,0.7,2.2,3.6,5.9,5.2,4,4,3.3,2.6,2.9,2.9,3.2,3.7,4.3,4,2.5,2.4,1.9,1.6,
鳳山,2023/07/08 00:00:00,NO2,5.5,10,10.3,6,7.6,7.5,8.1,9,12.5,9.9,9,6.7,5,4.5,5,5,5.4,7.3,6.8,9.4,7.4,8,6.6,7.7,
鳳山,2023/07/08 00:00:00,NOx,6.9,10.6,11.3,6.6,8.2,8.3,10.3,12.6,18.5,15.1,13,10.7,8.4,7.1,7.9,7.9,8.6,11,11.1,13.5,9.9,10.4,8.5,9.4,
鳳山,2023/07/08 00:00:00,O3,13.3,6.3,4.6,10.3,5.8,6.6,8.5,12.9,15.7,24.9,25.5,23.4,22.4,20.7,19.9,19.1,17.9,17.8,12.4,11.3,11.6,10.9,12.4,9.9,
鳳山,2023/07/08 00:00:00,PM10,22,18,27,21,21,21,26,30,29,28,22,18,12,19,18,21,21,13,18,14,19,18,16,14,
鳳山,2023/07/08 00:00:00,PM2.5,12,18,16,16,13,11,25,18,24,15,12,17,10,12,17,11,15,14,16,17,15,14,18,13,
鳳山,2023/07/08 00:00:00,RAINFALL,0,0,0,0,0,0,0,0,0,0,0,0,0,0,0,0,0,0,0,0,0,0,0,0,
鳳山,2023/07/08 00:00:00,RH,76,78,78,78,75,75,78,78,68,60,53,53,57,51,53,53,57,63,69,72,73,75,74,76,
鳳山,2023/07/08 00:00:00,SO2,1.1,1.3,1.9,1.4,1.2,1.2,1.3,1.9,5.1,3.8,2.5,1.5,1.3,1.5,1.9,1.8,1.4,1.2,1.2,1.1,1.1,1,1,1,
鳳山,2023/07/08 00:00:00,THC,1.92,2.16,2.3,2.14,2.15,2.11,2.17,2.11,2.04,2.05,2.05,2.04,1.99,1.98,1.98,1.99,2,2.03,2.02,2.02,2,1.99,1.98,1.98,
鳳山,2023/07/08 00:00:00,WD_HR,300,87,102,356,97,94,87,98,284,296,294,297,287,291,279,288,286,286,285,291,288,287,298,292,
鳳山,2023/07/08 00:00:00,WIND_DIREC,328,95,101,62,87,96,27,275,283,273,293,296,288,271,286,324,278,285,299,299,291,285,299,290,
鳳山,2023/07/08 00:00:00,WIND_SPEED,0.3,0.6,0.5,0.5,0.7,0.3,0.3,0.4,1.3,1.3,1.2,1.8,1.5,1.6,1.6,1.3,1.3,1.3,1,0.6,0.8,0.5,1,0.5,
鳳山,2023/07/08 00:00:00,WS_HR,0.4,0.4,0.5,0.2,0.6,0.5,0.4,0,1,0.8,1.2,1.4,1.3,1.4,1.4,1.2,1.1,1.2,0.9,0.6,0.6,0.6,0.7,0.5,
鳳山,2023/07/09 00:00:00,AMB_TEMP,30.8,30.6,30.2,29.6,29.1,28.7,29,30.3,31.5,32.6,34,34.1,34.9,35.1,34.8,34.4,33.9,33.2,32.3,32,32.1,31.8,31.6,31.4,
鳳山,2023/07/09 00:00:00,CH4,1.92,1.9,2.36,2.5,2.42,2.23,2.05,2.04,2.05,1.95,1.89,1.89,1.89,1.89,1.88,1.89,1.88,1.89,1.89,1.9,1.91,1.92,1.92,1.91,
鳳山,2023/07/09 00:00:00,CO,0.18,0.12,0.19,0.24,0.23,0.22,0.23,0.23,0.26,0.32,0.26,0.31,0.28,0.23,0.2,0.26,0.32,0.43,0.44,0.46,0.45,0.37,0.32,0.21,
鳳山,2023/07/09 00:00:00,NMHC,0.02,0,0.07,0.09,0.08,0.07,0.06,0.05,0.05,0.07,0.04,0.1,0.06,0.04,0.04,0.06,0.06,0.08,0.08,0.09,0.1,0.08,0.07,0.03,
鳳山,2023/07/09 00:00:00,NO,1.2,0.8,0.7,1,1.1,1.7,2.7,3,2.2,2.3,3,3,2.7,2.5,2.3,2.8,3.6,3.9,3.8,4.1,3.6,2.6,2.6,1.5,
鳳山,2023/07/09 00:00:00,NO2,6.4,5.5,7.5,9.3,9.3,9.4,7.6,5.9,5.8,6,3.9,5,4.4,3.5,2.9,4,4.7,5.6,6.7,9.1,9.5,8.6,10.4,5.8,
鳳山,2023/07/09 00:00:00,NOx,7.6,6.3,8.3,10.4,10.4,11.2,10.4,8.9,8,8.3,6.9,8,7.1,6.1,5.3,6.9,8.3,9.6,10.5,13.2,13.1,11.3,13,7.4,
鳳山,2023/07/09 00:00:00,O3,11.7,13.3,7.3,3.1,2.1,3.4,5.7,11.6,22.4,22,18.4,20.6,20.1,18.5,18.2,19.4,19.7,16,15.9,14,13.3,13,12,16.5,
鳳山,2023/07/09 00:00:00,PM10,25,12,16,30,25,25,20,17,20,17,4,5,7,6,6,10,11,8,5,6,10,7,4,9,
鳳山,2023/07/09 00:00:00,PM2.5,13,16,20,17,16,21,17,16,18,8,8,12,8,x,3,2,2,4,4,4,5,2,1,2,
鳳山,2023/07/09 00:00:00,RAINFALL,0,0,0,0,0,0,0,0,0,0,0,0,0,0,0,0,0,0,0,0,0,0,0,0,
鳳山,2023/07/09 00:00:00,RH,77,80,85,87,88,87,82,75,73,69,62,63,59,58,58,59,61,61,68,67,66,67,68,65,
鳳山,2023/07/09 00:00:00,SO2,1.1,0.5,0.8,0.8,0.5,0.7,1.4,1.4,1.6,0.9,0.4,0.4,0.4,0.4,0.4,0.4,0.6,0.4,0.5,0.4,0.5,0.5,0.6,0.4,
鳳山,2023/07/09 00:00:00,THC,1.94,1.91,2.44,2.6,2.51,2.31,2.12,2.1,2.11,2.03,1.94,2,1.96,1.94,1.93,1.95,1.95,1.97,1.98,2,2.02,2.01,2,1.95,
鳳山,2023/07/09 00:00:00,WD_HR,266,256,87,94,94,101,99,103,109,263,280,286,286,290,289,283,283,280,284,289,283,292,292,267,
鳳山,2023/07/09 00:00:00,WIND_DIREC,261,242,97,101,101,104,88,95,101,274,263,270,282,293,289,283,286,275,287,289,282,291,279,262,
鳳山,2023/07/09 00:00:00,WIND_SPEED,0.6,0.4,0.5,0.9,0.7,0.6,0.8,0.7,0.6,1.1,1.5,1.2,1.3,1.8,1.9,1.6,1.5,1.6,0.8,0.7,1.1,0.5,0.6,0.3,
鳳山,2023/07/09 00:00:00,WS_HR,0.4,0.4,0.3,0.6,0.5,0.5,0.7,0.7,0.4,0.6,1,1,1.2,1.4,1.5,1.1,1.2,1.4,0.9,0.8,0.7,0.6,0.5,0.4,
鳳山,2023/07/10 00:00:00,AMB_TEMP,30.5,30,29.9,29.3,28.7,28.4,28.9,30.2,31.9,32.3,34.1,34.6,34.5,34.8,34.6,34.1,33.7,33.3,32.8,32.3,31.7,31.5,31.1,30.7,
鳳山,2023/07/10 00:00:00,CH4,1.98,2.09,2.29,2.48,2.31,2.17,2.04,2.02,1.98,1.94,1.92,1.88,1.88,1.88,1.88,1.88,1.88,1.89,1.9,1.91,1.89,1.9,1.93,1.94,
鳳山,2023/07/10 00:00:00,CO,0.21,0.19,0.21,0.22,0.18,0.18,0.23,0.32,0.34,0.4,0.33,0.34,0.31,0.23,0.25,0.32,0.39,0.51,0.69,0.64,0.4,0.26,0.24,0.23,
鳳山,2023/07/10 00:00:00,NMHC,0.06,0.06,0.09,0.11,0.07,0.04,0.05,0.06,0.07,0.12,0.09,0.12,0.07,0.04,0.05,0.07,0.11,0.16,0.18,0.18,0.1,0.06,0.06,0.07,
鳳山,2023/07/10 00:00:00,NO,0.9,1.1,1,1.1,1.4,1.5,2.7,4.2,4.5,5.5,5.6,5.9,4.4,5,4.7,5,5.9,6.5,6.8,6.2,3.9,2.1,1.2,1.5,
鳳山,2023/07/10 00:00:00,NO2,6.3,7.5,8.7,10.2,9.3,7.8,6.5,7.6,7.9,11.2,9.8,8.7,6.2,6.6,5.3,5.8,7.8,8.7,10.7,9.2,8.2,8.2,8.5,12.7,
鳳山,2023/07/10 00:00:00,NOx,7.3,8.7,9.7,11.4,10.7,9.3,9.3,11.8,12.5,16.8,15.4,14.6,10.7,11.6,10,10.8,13.8,15.2,17.6,15.4,12.1,10.4,9.8,14.3,
鳳山,2023/07/10 00:00:00,O3,12.9,10.5,7.7,3,2.3,4.3,5.6,9.4,19.1,16,20.2,19.8,18.5,17.6,16.5,14.8,13,11.1,10.1,10.2,9.3,7.9,7.1,4.6,
鳳山,2023/07/10 00:00:00,PM10,10,15,13,15,17,15,12,15,14,12,9,6,10,9,7,7,6,9,13,11,6,8,10,9,
鳳山,2023/07/10 00:00:00,PM2.5,9,5,4,6,7,7,5,5,8,5,5,2,0,2,1,5,4,3,4,4,5,4,6,5,
鳳山,2023/07/10 00:00:00,RAINFALL,0,0,0,0,0,0,0,0,0,0,0,0,0,0,0,0,0,0,0,0,0,0,0,0,
鳳山,2023/07/10 00:00:00,RH,74,78,80,86,88,88,86,78,70,68,62,61,61,60,59,61,62,62,64,68,70,71,73,77,
鳳山,2023/07/10 00:00:00,SO2,0.4,1.3,1.4,1.1,1,0.8,0.9,1.3,1.7,1.5,1.6,1.6,1,1.3,1.1,1.1,1,1.2,0.9,0.9,0.9,1.4,1.4,1.3,
鳳山,2023/07/10 00:00:00,THC,2.05,2.15,2.39,2.6,2.39,2.22,2.1,2.09,2.06,2.07,2.02,2.01,1.96,1.93,1.94,1.96,2,2.06,2.09,2.09,2,1.97,2,2.02,
鳳山,2023/07/10 00:00:00,WD_HR,117,93,103,91,97,99,108,91,114,286,243,275,267,267,274,267,267,277,278,288,293,93,105,104,
鳳山,2023/07/10 00:00:00,WIND_DIREC,138,92,91,106,110,103,85,72,295,328,259,288,270,284,267,257,257,255,297,298,165,125,88,83,
鳳山,2023/07/10 00:00:00,WIND_SPEED,0.7,0.5,0.5,0.6,0.5,0.5,0.6,0.5,1,0.8,1.1,1.6,1.6,1.6,1.7,1.7,1.4,0.9,0.9,0.7,0.4,0.3,0.8,0.6,
鳳山,2023/07/10 00:00:00,WS_HR,0.2,0.4,0.5,0.4,0.5,0.6,0.5,0.5,0.3,0.3,0.4,0.9,1.1,1.3,1.4,1.2,1,0.8,0.7,0.7,0.4,0.2,0.6,0.5,
鳳山,2023/07/11 00:00:00,AMB_TEMP,30.5,30.6,30.9,30.6,29.6,28.8,29.3,30.5,31.6,32.9,33.4,34.1,33.6,31.9,31.6,29.9,29.3,29.5,29.5,29.6,29.3,28.9,28.8,28.1,
鳳山,2023/07/11 00:00:00,CH4,1.91,1.9,1.9,1.91,2.17,2.15,1.98,2,1.94,1.93,1.92,1.91,1.9,1.9,1.91,2.03,2.05,1.97,1.96,1.97,2.01,2.07,2.04,2.07,
鳳山,2023/07/11 00:00:00,CO,0.15,0.11,0.09,0.16,0.12,0.17,0.19,0.25,0.29,0.36,0.37,0.35,0.28,0.24,0.29,0.34,0.36,0.35,0.34,0.4,0.36,0.3,0.27,0.29,
鳳山,2023/07/11 00:00:00,NMHC,0.04,0.04,0,0.01,0.01,0.04,0.04,0.04,0.04,0.1,0.11,0.1,0.07,0.04,0.07,0.21,0.19,0.12,0.12,0.15,0.15,0.09,0.1,0.08,
鳳山,2023/07/11 00:00:00,NO,1.4,0.8,1,0.8,0.7,1.2,2.2,3.3,3.2,4.7,3.6,4.4,3.5,2.9,3.4,2.9,2.4,1.7,1.2,1.1,1,1.1,0.8,1.2,
鳳山,2023/07/11 00:00:00,NO2,10,7.9,5.9,5.2,6,7,5.9,6.1,6.2,12,10.5,9.9,8.2,9.3,10.2,15.4,15.3,11.9,11.3,13,13.5,12.2,10.7,10.3,
鳳山,2023/07/11 00:00:00,NOx,11.4,8.7,6.9,6,6.7,8.2,8.1,9.4,9.5,16.7,14.2,14.3,11.8,12.2,13.6,18.4,17.7,13.6,12.6,14.1,14.6,13.3,11.5,11.5,
鳳山,2023/07/11 00:00:00,O3,9.6,8.9,13.4,18.2,12.5,5.8,7.5,12,21.4,21.1,27.4,25.9,26.5,22.3,15.9,18,21.4,25.2,22.3,17.4,14.2,12.1,12.2,6.1,
鳳山,2023/07/11 00:00:00,PM10,13,7,5,15,10,11,12,16,13,21,20,16,11,12,14,23,17,16,22,21,17,14,16,12,
鳳山,2023/07/11 00:00:00,PM2.5,4,2,0,9,6,5,6,6,6,4,7,8,6,7,5,7,9,10,8,7,6,5,4,6,
鳳山,2023/07/11 00:00:00,RAINFALL,0,0,0,0,0,0,0,0,0,0,0,0,0,0,0,0,0,0,0,0,0,0,0,0,
鳳山,2023/07/11 00:00:00,RH,78,81,78,79,84,89,88,82,71,68,66,64,65,72,72,80,86,85,85,85,85,85,86,89,
鳳山,2023/07/11 00:00:00,SO2,1.5,1.5,1.3,1.2,0.9,1,1.1,1.4,1.9,1.9,1.4,1.3,1.2,1.2,1.2,1.1,1.6,1.1,1.2,1.3,1.4,1.3,1.1,1.3,
鳳山,2023/07/11 00:00:00,THC,1.96,1.94,1.88,1.93,2.19,2.2,2.03,2.05,1.99,2.04,2.04,2.02,1.98,1.95,1.98,2.24,2.25,2.1,2.08,2.13,2.17,2.17,2.14,2.16,
鳳山,2023/07/11 00:00:00,WD_HR,108,65,287,139,142,103,97,126,120,273,270,257,270,257,290,79,98,95,106,83,94,79,99,91,
鳳山,2023/07/11 00:00:00,WIND_DIREC,213,8,285,207,196,85,95,143,119,234,284,254,290,275,247,100,101,66,106,74,99,100,114,97,
鳳山,2023/07/11 00:00:00,WIND_SPEED,0.7,0.6,0.9,0.8,0.5,0.5,0.7,0.6,0.8,0.8,1.3,1.6,1.1,1.2,0.7,1.4,1.4,0.4,0.7,0.6,0.7,0.4,0.9,0.3,
鳳山,2023/07/11 00:00:00,WS_HR,0.5,0.1,0.5,0.1,0.4,0.4,0.6,0.5,0.4,0.5,0.9,1,0.7,0.4,0.5,0.4,0.8,0.5,0.7,0.4,0.5,0.4,0.7,0.4,
鳳山,2023/07/12 00:00:00,AMB_TEMP,28.1,27.8,27.7,27.4,27.1,27.1,28,29.8,31.7,33.4,34,34.5,34.6,34.7,34.7,34.2,33.4,29.7,28,27.9,28.2,28.7,28.2,27.8,
鳳山,2023/07/12 00:00:00,CH4,2.04,2.02,2.04,1.98,2.01,2,1.99,1.97,1.92,1.92,1.92,1.95,1.95,1.94,1.94,1.93,1.94,1.96,2.03,2.04,2.02,2.02,2.09,2.16,
鳳山,2023/07/12 00:00:00,CO,0.19,0.16,0.16,0.14,0.15,0.17,0.24,0.38,0.36,0.36,0.31,0.43,0.43,0.36,0.33,0.4,0.58,0.46,0.39,0.38,0.35,0.34,0.27,0.23,
鳳山,2023/07/12 00:00:00,NMHC,0.07,0.05,0.06,0.04,0.04,0.04,0.05,0.09,0.08,0.09,0.07,0.13,0.11,0.08,0.07,0.09,0.13,0.1,0.19,0.16,0.16,0.16,0.09,0.07,
鳳山,2023/07/12 00:00:00,NO,1,0.8,1,1,1.1,1,2.1,6.4,5.1,3.3,2.3,1.9,1.7,1.9,1.7,2.4,2.2,2.2,1.3,1,1,1,1,1.1,
鳳山,2023/07/12 00:00:00,NO2,8.3,5.1,5.8,6.1,5.5,5.1,5.6,8.4,8.1,8.4,7.4,13.3,15.5,12,11,12,11.4,10.8,11.8,13.6,12.7,12.2,9.6,9.5,
鳳山,2023/07/12 00:00:00,NOx,9.4,5.9,6.8,7.2,6.7,6.2,7.8,14.8,13.2,11.7,9.8,15.3,17.3,13.9,12.8,14.4,13.7,13,13.2,14.6,13.7,13.2,10.7,10.6,
鳳山,2023/07/12 00:00:00,O3,8.6,10.8,9.8,8.2,6.9,8.9,9.8,8.5,18.9,30,38.8,53.9,67.1,70.9,61,54.7,46.9,40.6,25.5,18.2,21.5,13.3,13.8,12.3,
鳳山,2023/07/12 00:00:00,PM10,10,6,9,9,13,16,11,15,12,13,12,24,21,17,17,18,22,18,16,18,9,18,11,11,
鳳山,2023/07/12 00:00:00,PM2.5,6,3,4,3,4,3,1,2,6,5,5,7,11,11,10,12,8,11,11,10,7,8,7,5,
鳳山,2023/07/12 00:00:00,RAINFALL,0,0,0,0,0,0,0,0,0,0,0,0,0,0,0,0,0,13.5,0,0,0,0,0,0,
鳳山,2023/07/12 00:00:00,RH,88,86,87,87,87,86,81,71,69,63,59,60,62,61,58,60,64,81,94,91,87,87,88,89,
鳳山,2023/07/12 00:00:00,SO2,1,1.3,1.6,1.4,1.4,1.4,1.4,2.7,2.6,2.5,1.9,2.2,2.6,2.4,2.3,2.2,2.4,2.1,1.5,2,1.9,1.9,1.8,1.5,
鳳山,2023/07/12 00:00:00,THC,2.12,2.08,2.11,2.03,2.06,2.05,2.05,2.07,2.01,2.02,2,2.09,2.07,2.03,2.02,2.03,2.08,2.07,2.23,2.21,2.19,2.19,2.19,2.24,
鳳山,2023/07/12 00:00:00,WD_HR,100,104,94,97,101,100,100,89,8,300,212,263,274,265,277,268,284,293,107,101,76,99,95,97,
鳳山,2023/07/12 00:00:00,WIND_DIREC,93,97,87,92,96,104,92,69,332,92,91,228,284,238,272,272,275,39,135,124,100,86,100,99,
鳳山,2023/07/12 00:00:00,WIND_SPEED,0.7,0.7,0.5,0.7,0.6,0.8,0.4,0.4,0.7,0.7,0.8,1,1.4,1.3,1.4,1.3,1.1,0.3,0.3,0.4,0.3,0.4,0.3,0.5,
鳳山,2023/07/12 00:00:00,WS_HR,0.6,0.5,0.5,0.6,0.6,0.7,0.5,0.5,0.1,0.3,0.1,0.3,0.7,1,1,1.1,0.9,0.4,0.4,0.4,0.3,0.3,0.4,0.6,
鳳山,2023/07/13 00:00:00,AMB_TEMP,27.7,27.6,27.5,27.7,27.5,27.5,27.7,29.4,31.4,33,33.9,35.1,35.7,35.4,31.2,29.5,29.1,29.3,29.2,29.1,29.1,29,28.8,28.5,
鳳山,2023/07/13 00:00:00,CH4,2.07,2,2.06,2.05,2.02,2.06,2.05,1.98,1.94,1.93,1.94,1.96,1.97,1.93,1.93,1.92,1.93,2,1.99,2.03,2.15,2.04,2.04,2.03,
鳳山,2023/07/13 00:00:00,CO,0.2,0.16,0.17,0.16,0.15,0.2,0.27,0.35,0.37,0.29,0.41,0.49,0.45,0.34,0.32,0.41,0.46,0.8,0.53,0.43,0.57,0.37,0.33,0.28,
鳳山,2023/07/13 00:00:00,NMHC,0.07,0.04,0.04,0.06,0.06,0.09,0.07,0.07,0.1,0.07,0.14,0.16,0.13,0.08,0.08,0.11,0.15,0.32,0.25,0.19,0.32,0.19,0.16,0.1,
鳳山,2023/07/13 00:00:00,NO,0.8,0.8,0.8,0.8,0.6,0.7,2.8,3.8,3.2,2.4,2.3,2.3,3,3.1,2.9,4.1,3.5,5.6,2.6,0.9,1,0.9,0.8,0.9,
鳳山,2023/07/13 00:00:00,NO2,7.9,6,6.5,5.9,5.4,7,7.8,7.9,8.1,6.7,11,12.1,10.4,8.4,8.5,11.9,13.2,24.6,20.4,17,19.7,12.7,10.1,8.5,
鳳山,2023/07/13 00:00:00,NOx,8.8,6.8,7.3,6.7,6,7.8,10.6,11.8,11.4,9.2,13.4,14.4,13.5,11.6,11.4,16,16.7,30.2,23.1,17.9,20.7,13.6,10.9,9.5,
鳳山,2023/07/13 00:00:00,O3,13.8,16.8,13.1,13.9,16,12.9,8.4,13.8,25.5,38.4,43.7,53.6,47.3,35.1,28,18.9,17.9,9.6,13.5,15.2,10.9,17.6,20.5,18.7,
鳳山,2023/07/13 00:00:00,PM10,8,7,5,4,10,7,18,14,23,17,25,30,24,26,20,14,15,23,20,17,27,16,11,13,
鳳山,2023/07/13 00:00:00,PM2.5,4,5,4,3,3,5,3,4,9,10,12,14,11,14,12,10,9,8,11,10,10,6,6,4,
鳳山,2023/07/13 00:00:00,RAINFALL,0,0,0,0,0,0,0,0,0,0,0,0,0,0,16,0,0,0,0,0,0,0,0,0,
鳳山,2023/07/13 00:00:00,RH,89,89,90,89,88,89,88,83,72,64,60,58,60,62,86,93,91,91,90,88,86,86,85,86,
鳳山,2023/07/13 00:00:00,SO2,1.4,0.9,1,0.8,0.8,0.9,1.1,0.9,1.2,1.3,1.3,1.4,1.3,1.3,1,0.9,0.9,1,1.1,1.2,1.3,1.1,0.9,0.9,
鳳山,2023/07/13 00:00:00,THC,2.15,2.05,2.11,2.12,2.09,2.16,2.13,2.06,2.05,2.01,2.08,2.13,2.11,2.01,2.02,2.04,2.09,2.33,2.25,2.23,2.48,2.24,2.21,2.14,
鳳山,2023/07/13 00:00:00,WD_HR,103,95,88,49,90,102,103,98,100,213,274,284,285,280,275,287,279,107,91,87,84,98,90,109,
鳳山,2023/07/13 00:00:00,WIND_DIREC,106,117,31,104,81,90,98,95,83,272,330,279,296,276,267,284,116,101,107,92,83,119,108,104,
鳳山,2023/07/13 00:00:00,WIND_SPEED,0.5,0.3,0.3,0.4,0.3,0.5,0.5,0.5,0.5,1.1,0.8,1.3,1.6,1.8,0.5,1.6,0.4,0.6,0.5,0.3,0.3,0.3,0.4,0.4,
鳳山,2023/07/13 00:00:00,WS_HR,0.5,0.4,0.3,0.2,0.4,0.4,0.5,0.6,0.3,0,0.5,0.8,1.1,1.6,0.4,0.9,0.4,0.1,0.6,0.3,0.4,0.4,0.4,0.4,
鳳山,2023/07/14 00:00:00,AMB_TEMP,28.2,28.1,27.5,27.6,27.7,27.8,28.3,29.8,31.5,33.2,34.7,35.4,35.7,35.7,35,34.2,29.3,29.6,29.9,30.2,30.6,30.7,30.9,31,
鳳山,2023/07/14 00:00:00,CH4,2.14,2.39,2.52,2.51,2.36,2.24,2.08,2.02,1.99,1.98,1.97,1.96,1.97,#,1.93,1.94,1.95,1.96,1.98,2,2.01,1.97,1.96,1.95,
鳳山,2023/07/14 00:00:00,CO,0.27,0.29,0.24,0.27,0.26,0.29,0.36,0.42,0.51,0.49,0.48,0.45,#,#,#,0.49,0.47,0.81,1.08,0.93,0.98,0.59,0.47,0.29,
鳳山,2023/07/14 00:00:00,NMHC,0.11,0.24,0.12,0.11,0.09,0.14,0.11,0.09,0.13,0.13,0.26,0.2,0.12,#,0.1,0.16,0.12,0.24,0.38,0.49,0.46,0.3,0.13,0.07,
鳳山,2023/07/14 00:00:00,NO,0.6,1.4,1.2,1.2,1.2,1.9,3.1,4.8,6,4.5,3.5,3.1,2.6,3.3,4,4.7,4,5.5,9.3,15.4,13.6,4.4,3.4,1.8,
鳳山,2023/07/14 00:00:00,NO2,8.8,12.4,11.1,10.5,8.8,9.5,9.5,9.4,13,11.7,11.3,10.8,11.3,9.1,9.5,13,13.8,20.4,27.5,31,31.4,24.1,17.8,11,
鳳山,2023/07/14 00:00:00,NOx,9.5,13.9,12.4,11.8,10,11.4,12.6,14.2,19.1,16.3,14.9,14,14,12.5,13.6,17.7,17.8,25.9,36.8,46.5,45,28.6,21.2,12.9,
鳳山,2023/07/14 00:00:00,O3,16.4,10.4,7.3,7.2,11,11,11.6,16.2,22.7,33.4,43.7,50.8,49.9,39.3,30.2,25.6,21.5,15.6,6.4,1,0.9,6.7,10.4,14.6,
鳳山,2023/07/14 00:00:00,PM10,10,16,20,18,20,22,17,23,22,20,23,23,22,#,30,31,23,30,28,24,27,22,19,17,
鳳山,2023/07/14 00:00:00,PM2.5,8,10,9,11,10,11,8,6,8,9,11,7,#,#,7,5,8,12,11,10,8,12,7,4,
鳳山,2023/07/14 00:00:00,RAINFALL,0,0,0,0,0,0,0,0,0,0,0,0,0,0,0,0,9.5,0,0,0,0,0,0,0,
鳳山,2023/07/14 00:00:00,RH,86,87,89,90,90,90,87,79,71,62,56,53,54,61,62,63,91,87,87,85,80,75,75,74,
鳳山,2023/07/14 00:00:00,SO2,0.9,0.4,0.4,0.3,0.5,0.4,0.5,0.5,1.1,1.3,1.5,1.5,1.1,0.9,0.7,0.8,0.6,0.6,0.6,1.3,1.5,1.3,1.2,0.8,
鳳山,2023/07/14 00:00:00,THC,2.26,2.64,2.65,2.63,2.46,2.39,2.2,2.12,2.13,2.12,2.24,2.17,2.1,#,2.04,2.1,2.08,2.21,2.37,2.5,2.48,2.28,2.1,2.03,
鳳山,2023/07/14 00:00:00,WD_HR,88,90,84,81,70,78,316,116,287,289,279,284,283,286,285,279,288,259,243,283,300,273,296,344,
鳳山,2023/07/14 00:00:00,WIND_DIREC,81,80,102,79,26,105,92,295,284,298,276,290,287,286,289,278,278,273,294,304,323,273,278,188,
鳳山,2023/07/14 00:00:00,WIND_SPEED,0.3,0.4,0.5,0.5,0.3,0.5,0.7,0.8,1.9,1.2,1.3,1.2,1.4,1.5,1.7,1.4,0.4,0.3,0.3,0.3,0.3,0.3,0.3,0.3,
鳳山,2023/07/14 00:00:00,WS_HR,0.4,0.4,0.4,0.3,0.3,0.2,0.2,0.1,0.6,0.6,0.8,0.9,1.1,1.5,1.4,1.3,0.7,0.4,0.2,0.3,0.2,0.3,0.3,0.1,
鳳山,2023/07/15 00:00:00,AMB_TEMP,30.3,30,29.9,29.7,29.5,29.5,30,31.2,31.9,33.5,34.1,34.2,35,34.3,34.5,32,31,31.8,31.8,31.5,31.6,31.4,31,30,
鳳山,2023/07/15 00:00:00,CH4,2.04,2.04,2.02,2.08,2.1,1.99,2.03,1.99,1.98,1.95,1.98,2.03,1.99,1.98,1.95,1.95,1.94,1.92,1.94,1.96,1.98,1.94,1.93,1.95,
鳳山,2023/07/15 00:00:00,CO,0.26,0.21,0.16,0.16,0.17,0.18,0.23,0.29,0.3,0.27,0.42,0.54,0.42,0.35,0.33,0.35,0.53,0.55,0.6,0.65,0.69,0.44,0.29,0.18,
鳳山,2023/07/15 00:00:00,NMHC,0.12,0.09,0.05,0.07,0.06,0.06,0.07,0.06,0.07,0.07,0.17,0.18,0.11,0.08,0.09,0.1,0.15,0.14,0.16,0.19,0.2,0.1,0.07,0.08,
鳳山,2023/07/15 00:00:00,NO,1.4,0,0,0,0.4,0.4,1,2,1.8,1.3,1.5,2.1,1.5,1.1,1.9,1.7,2.5,2.1,1.6,2.1,2.2,2.3,1.1,0.4,
鳳山,2023/07/15 00:00:00,NO2,11.4,10.5,8.3,8,8.8,7.7,8.1,8.2,8.3,6.9,13.5,16.9,10.1,8.6,8.9,8.5,14.4,12.2,14,17.1,18.4,15.5,11.4,8.1,
鳳山,2023/07/15 00:00:00,NOx,12.8,10.6,8.3,8.1,9.2,8.1,9.2,10.2,10.2,8.3,15.1,19,11.6,9.8,10.9,10.3,17,14.3,15.7,19.2,20.6,17.9,12.5,8.5,
鳳山,2023/07/15 00:00:00,O3,11.5,12.8,16.2,14.5,12.8,16.1,16.2,21.9,29.6,45.5,57.7,56.5,61.1,46.3,41.3,35.4,29.3,31.6,26.8,21.3,15.6,17.1,18.2,14.1,
鳳山,2023/07/15 00:00:00,PM10,21,25,23,23,18,20,26,29,26,27,31,39,33,26,23,24,22,25,26,29,26,28,23,25,
鳳山,2023/07/15 00:00:00,PM2.5,5,10,9,7,10,9,9,9,6,9,18,19,18,11,10,7,10,10,10,9,12,8,11,9,
鳳山,2023/07/15 00:00:00,RAINFALL,0,0,0,0,0,0,0,0,0,0,0,0,0,0,0,0,1,0,0,0,0,0,0,0,
鳳山,2023/07/15 00:00:00,RH,80,84,85,86,87,87,86,77,73,64,62,63,60,61,56,69,77,73,71,74,69,70,74,79,
鳳山,2023/07/15 00:00:00,SO2,0.7,1.3,1.4,1.4,1.5,1.4,1.5,1.8,1.7,1.8,2,2.2,1.9,1.8,2,1.3,1.1,1.3,1.4,1.4,1.6,1.5,1.5,1.3,
鳳山,2023/07/15 00:00:00,THC,2.17,2.14,2.08,2.16,2.17,2.06,2.11,2.06,2.06,2.03,2.16,2.22,2.11,2.07,2.05,2.06,2.1,2.07,2.11,2.15,2.19,2.05,2.01,2.04,
鳳山,2023/07/15 00:00:00,WD_HR,88,91,77,92,100,85,107,242,92,260,247,284,262,276,283,282,286,291,286,271,265,265,325,121,
鳳山,2023/07/15 00:00:00,WIND_DIREC,66,87,97,81,124,144,121,285,109,256,138,268,287,274,301,287,325,295,304,254,260,272,120,104,
鳳山,2023/07/15 00:00:00,WIND_SPEED,0.3,0.5,0.3,0.3,0.4,0.3,0.4,0.6,0.5,0.8,1.1,0.9,1.4,1.3,1.6,0.8,0.4,0.6,0.3,0.4,0.5,0.3,0.4,0.6,
鳳山,2023/07/15 00:00:00,WS_HR,0.3,0.5,0.2,0.4,0.3,0.2,0.2,0.1,0.1,0.2,0.5,0.7,0.8,0.9,1,0.7,0.4,0.6,0.3,0.4,0.4,0.4,0.2,0.5,
鳳山,2023/07/16 00:00:00,AMB_TEMP,28.4,28.4,28.6,28.6,28.6,28.8,29.6,31,32.2,32.2,31.5,30.8,30.7,31.2,30.3,30.1,31.2,31.6,31.2,31,31.1,31,30.7,30,
鳳山,2023/07/16 00:00:00,CH4,1.95,2,2.24,2.15,2.31,2.31,2.13,2.04,1.95,1.97,1.92,1.91,1.92,1.92,1.95,2,1.93,1.98,2.06,1.99,1.99,2.08,2.15,2.36,
鳳山,2023/07/16 00:00:00,CO,0.14,0.15,0.18,0.22,0.25,0.32,0.39,0.38,0.24,0.38,0.38,0.24,0.25,0.2,0.18,0.17,0.15,0.25,0.34,0.35,0.29,0.45,0.39,0.37,
鳳山,2023/07/16 00:00:00,NMHC,0.01,0.02,0.1,0.08,0.09,0.15,0.13,0.14,0.04,0.14,0.22,0.11,0.06,0.06,0.03,0.05,0.01,0.06,0.08,0.1,0.08,0.18,0.18,0.17,
鳳山,2023/07/16 00:00:00,NO,0.6,0.4,0.7,0.5,0.5,1.3,2,2.7,1.4,1.7,3.3,2.6,2.1,2.9,1.1,1.1,0.8,0.8,0.6,0.5,0.4,0.6,0.6,0.5,
鳳山,2023/07/16 00:00:00,NO2,3.8,5.4,6.6,6.8,7.9,11.3,9.9,11.1,4.7,11.5,8.8,6.1,5.6,5.7,4.4,4,3,4.2,6.9,8,7.8,11.9,13.2,12.2,
鳳山,2023/07/16 00:00:00,NOx,4.4,5.8,7.3,7.3,8.5,12.7,11.9,13.8,6.1,13.2,12.1,8.7,7.7,8.6,5.5,5.1,3.8,5.1,7.6,8.5,8.3,12.6,13.8,12.8,
鳳山,2023/07/16 00:00:00,O3,14.8,15,10.8,10.5,10.6,8.8,13.9,23.1,34.8,34.9,17.3,20.3,19.7,20.8,22.2,21.6,23.3,27.9,38.4,31.4,30.5,18.6,15.2,12.5,
鳳山,2023/07/16 00:00:00,PM10,30,19,28,30,30,32,31,30,27,33,27,24,21,10,8,18,11,12,22,24,27,22,15,30,
鳳山,2023/07/16 00:00:00,PM2.5,5,7,7,10,11,15,13,17,9,13,9,7,5,6,6,4,2,11,20,13,12,12,11,21,
鳳山,2023/07/16 00:00:00,RAINFALL,1,0,0,0,0,0,0,0,0,0,0,0,0,0,0,0,0,0,0,0,0,0,0,0,
鳳山,2023/07/16 00:00:00,RH,90,89,90,90,90,89,86,77,68,69,72,72,72,71,80,85,69,71,76,75,73,74,74,85,
鳳山,2023/07/16 00:00:00,SO2,1,0.4,0.5,0.6,0.3,0.7,0.8,1.4,1.3,1.6,2.5,0.7,0.6,0.7,0.7,0.5,0.5,0.7,0.6,0.4,0.5,0.6,0.7,0.6,
鳳山,2023/07/16 00:00:00,THC,1.97,2.03,2.35,2.24,2.41,2.47,2.27,2.19,2,2.12,2.15,2.03,1.99,1.99,1.99,2.06,1.95,2.05,2.15,2.1,2.08,2.27,2.34,2.53,
鳳山,2023/07/16 00:00:00,WD_HR,84,95,82,89,74,75,300,88,146,120,167,118,128,115,96,90,102,102,101,82,78,56,82,93,
鳳山,2023/07/16 00:00:00,WIND_DIREC,93,98,41,84,67,93,291,196,164,346,121,110,157,120,113,84,25,94,34,81,51,86,97,94,
鳳山,2023/07/16 00:00:00,WIND_SPEED,0.3,0.5,0.3,0.3,0.3,0.3,0.5,0.9,0.9,0.9,2.3,1.9,1.1,1.2,0.8,0.6,0.5,0.6,0.3,0.3,0.3,0.3,0.7,0.3,
鳳山,2023/07/16 00:00:00,WS_HR,0.2,0.3,0.3,0.2,0.3,0.3,0.2,0,0.2,0.1,0.2,0.9,0.5,0.6,0.7,0.6,0.4,0.5,0.3,0.3,0.3,0.3,0.4,0.5,
鳳山,2023/07/17 00:00:00,AMB_TEMP,29.6,29.3,29,28.8,28.9,28.7,29.5,31.2,32.9,34.4,35,35.5,36,35.9,35.3,34.5,33.9,33.1,32.6,32.4,32.4,32.4,31.4,30.9,
鳳山,2023/07/17 00:00:00,CH4,2.37,2.49,2.37,2.11,2.06,2.07,2.04,2.1,2.1,1.94,1.93,1.93,1.94,1.94,1.93,1.92,1.92,1.92,1.92,1.94,1.94,1.96,1.97,2.13,
鳳山,2023/07/17 00:00:00,CO,0.31,0.28,0.21,0.17,0.15,0.19,0.22,0.36,0.33,0.26,0.29,0.28,0.29,0.33,0.27,0.22,0.27,0.33,0.33,0.33,0.34,0.22,0.17,0.21,
鳳山,2023/07/17 00:00:00,NMHC,0.11,0.1,0.04,0.03,0.03,0.05,0.04,0.08,0.08,0.07,0.09,0.09,0.12,0.1,0.07,0.07,0.08,0.1,0.08,0.1,0.11,0.07,0.05,0.07,
鳳山,2023/07/17 00:00:00,NO,0.4,0.1,0.2,0.2,0.3,0.4,2,4.2,3.8,2.4,2.7,2.9,3.2,2.6,2.5,3.2,2.8,2.3,1.7,1.7,1.6,1.2,0.2,0.3,
鳳山,2023/07/17 00:00:00,NO2,11,10.4,9,6.6,5.4,5.8,6.1,7.6,8.5,5.7,6.9,6.8,6.4,7,6,5.5,6.1,7.4,7.1,9.3,11,9.9,6.7,7.1,
鳳山,2023/07/17 00:00:00,NOx,11.5,10.5,9.2,6.8,5.7,6.3,8.2,11.8,12.4,8.1,9.7,9.8,9.6,9.6,8.6,8.8,9,9.7,8.8,11,12.7,11.1,7,7.4,
鳳山,2023/07/17 00:00:00,O3,9.7,7.1,5.7,6.8,7.2,7.4,6.2,9,19.4,27.5,27.1,24.8,22.3,23,22.5,20.9,19.4,18.5,17.8,13.6,13,14.8,15.7,10.7,
鳳山,2023/07/17 00:00:00,PM10,24,26,16,15,15,16,21,16,21,15,16,21,21,21,22,20,22,14,19,25,15,19,21,22,
鳳山,2023/07/17 00:00:00,PM2.5,15,12,11,9,10,8,7,4,3,2,5,6,4,2,2,4,4,0,8,8,5,6,5,7,
鳳山,2023/07/17 00:00:00,RAINFALL,0,0,0,0,0,0,0,0,0,0,0,0,0,0,0,0,0,0,0,0,0,0,0,0,
鳳山,2023/07/17 00:00:00,RH,88,89,90,89,88,87,82,70,61,51,50,49,47,48,49,53,56,59,61,62,59,57,64,71,
鳳山,2023/07/17 00:00:00,SO2,0.4,0.8,0.5,0.5,0.5,0.6,0.8,1.2,0.8,0.6,0.6,0.7,1.5,3.1,2.2,1.2,1,0.9,0.9,0.8,0.9,0.9,0.7,0.8,
鳳山,2023/07/17 00:00:00,THC,2.49,2.6,2.42,2.15,2.1,2.13,2.09,2.19,2.19,2.02,2.03,2.03,2.07,2.05,2.01,2,2.01,2.03,2.01,2.05,2.06,2.03,2.03,2.21,
鳳山,2023/07/17 00:00:00,WD_HR,86,85,94,92,97,95,97,97,109,118,148,168,137,155,155,210,161,122,160,123,178,107,101,116,
鳳山,2023/07/17 00:00:00,WIND_DIREC,83,88,108,100,91,96,88,95,174,111,201,151,86,168,188,207,103,99,90,175,296,108,93,118,
鳳山,2023/07/17 00:00:00,WIND_SPEED,0.4,0.4,0.4,0.5,0.4,0.5,0.8,0.6,1.5,1.8,1.7,1.9,1.6,1.8,2.2,2.7,2.1,1.8,1.5,1.2,0.9,1.1,0.6,0.8,
鳳山,2023/07/17 00:00:00,WS_HR,0.4,0.4,0.4,0.4,0.5,0.5,0.6,0.4,0.5,0.8,0.7,0.5,0.5,0.5,0.5,0.5,0.3,0.5,0.5,0.5,0.1,0.4,0.6,0.5,
鳳山,2023/07/18 00:00:00,AMB_TEMP,30.9,31.2,31,30.5,30.3,29.7,29.3,28.4,30,31.2,33.3,35.3,35.8,35.2,34.7,34.3,33.8,32.4,32,32,30,29.3,29.3,29.2,
鳳山,2023/07/18 00:00:00,CH4,2.06,1.97,1.95,1.92,1.94,1.99,1.97,1.93,1.95,1.94,1.92,1.92,1.91,1.91,#,1.92,1.91,1.9,1.91,1.92,2,1.96,1.98,1.97,
鳳山,2023/07/18 00:00:00,CO,0.17,0.18,0.13,0.11,0.13,0.17,0.24,0.41,0.59,0.61,0.32,0.36,0.39,0.39,#,0.56,0.5,0.49,0.49,0.36,0.23,0.29,0.27,0.2,
鳳山,2023/07/18 00:00:00,NMHC,0.07,0.02,0.03,0.01,0.01,0.03,0.03,0.09,0.13,0.29,0.09,0.11,0.09,0.13,#,0.23,0.27,0.12,0.13,0.12,0.07,0.08,0.12,0.08,
鳳山,2023/07/18 00:00:00,NO,0.2,0.4,0.5,0.4,0.3,0.4,1.2,2.5,5.2,3.9,2.4,2.6,5.8,4.7,#,4.3,4.1,3.5,2.5,1.9,0.6,1,1.2,0.6,
鳳山,2023/07/18 00:00:00,NO2,7.2,4.9,4.2,3.1,3,6.3,7.5,10.2,14.4,11.1,8.3,8.5,10.4,10.1,#,10.6,10.3,13.1,13.7,11.9,6.5,7.2,11.2,7.5,
鳳山,2023/07/18 00:00:00,NOx,7.4,5.4,4.7,3.6,3.4,6.7,8.7,12.7,19.6,15,10.8,11.1,16.2,14.8,#,14.9,14.4,16.7,16.2,13.9,7.2,8.2,12.4,8.1,
鳳山,2023/07/18 00:00:00,O3,13.1,19.2,20.5,22.5,21.5,12.2,15.4,16.4,15.7,23.4,33.1,31.5,19.1,#,23.6,18.3,20.2,16.4,13.7,13.2,18.7,20.3,16.7,19.1,
鳳山,2023/07/18 00:00:00,PM10,18,17,19,6,10,12,13,37,27,x,18,16,14,17,#,15,15,18,15,19,17,12,14,9,
鳳山,2023/07/18 00:00:00,PM2.5,6,7,7,3,1,5,3,15,12,x,11,9,7,#,#,8,8,7,9,8,7,5,7,4,
鳳山,2023/07/18 00:00:00,RAINFALL,0,0,0,0,0,0,0,0,0,0,0,0,0,#,0,0,0,0,0,0,0,0,0,0,
鳳山,2023/07/18 00:00:00,RH,69,69,68,68,67,68,77,88,79,69,61,51,48,50,53,57,59,70,68,67,83,88,87,86,
鳳山,2023/07/18 00:00:00,SO2,0.9,1.5,1.5,1,0.8,1.5,1.3,1.1,2.5,3.3,1.4,1.7,5,3.6,#,3.7,2.7,3,2.5,1.8,1,0.9,1.7,1.5,
鳳山,2023/07/18 00:00:00,THC,2.14,2,1.98,1.94,1.96,2.03,2.01,2.02,2.09,2.24,2.02,2.04,2.01,2.05,#,2.16,2.19,2.03,2.05,2.05,2.08,2.05,2.1,2.06,
鳳山,2023/07/18 00:00:00,WD_HR,109,105,112,133,118,102,151,324,89,98,136,133,290,215,218,291,288,306,346,39,104,294,84,88,
鳳山,2023/07/18 00:00:00,WIND_DIREC,104,115,144,131,7,136,270,86,96,104,158,122,281,180,24,298,312,308,312,89,105,284,110,85,
鳳山,2023/07/18 00:00:00,WIND_SPEED,0.9,1.1,0.9,1.1,0.5,0.5,1.2,0.3,0.8,0.5,1.4,1.1,1.5,1.6,1.1,1.3,1.1,0.9,0.8,0.6,0.4,0.6,0.3,0.4,
鳳山,2023/07/18 00:00:00,WS_HR,0.6,0.6,0.6,0.4,0.4,0.5,0.1,0.3,0.2,0.4,0.5,0.6,0.6,0.2,0.1,0.6,0.4,0.2,0.2,0.3,0.6,0.2,0.1,0.3,
鳳山,2023/07/19 00:00:00,AMB_TEMP,28.9,28.6,28.7,28.6,28.8,29,28.8,29.4,30.5,32.1,33.4,35,34.2,30.8,27,26.8,27.1,27.4,27.6,27.8,27.8,27.6,27.8,27.7,
鳳山,2023/07/19 00:00:00,CH4,2,2.04,2.01,2.01,2,2.03,2.04,2.02,1.98,1.96,1.95,1.95,1.99,1.96,1.97,2.02,2.05,2.13,2.17,2.1,2.1,2.09,2.06,2.04,
鳳山,2023/07/19 00:00:00,CO,0.17,0.13,0.13,0.13,0.14,0.16,0.26,0.4,0.38,0.52,0.4,0.45,0.54,0.28,0.2,0.29,0.36,0.55,0.53,0.49,0.46,0.37,0.27,0.24,
鳳山,2023/07/19 00:00:00,NMHC,0.05,0.03,0.01,0.01,0.04,0.06,0.08,0.09,0.1,0.15,0.13,0.15,0.16,0.09,0.08,0.22,0.2,0.33,0.24,0.2,0.18,0.14,0.08,0.11,
鳳山,2023/07/19 00:00:00,NO,0.3,0.6,0.6,0.6,0.7,0.7,1.9,5.2,5.3,6.2,3.4,2.7,2.1,2.1,1.2,1.2,1.6,2.9,1.7,0.8,0.6,0.9,0.9,0.8,
鳳山,2023/07/19 00:00:00,NO2,5.2,5.7,4.1,3.6,4.5,5.4,7.5,8.5,9.4,12.5,11.3,11.2,13,9.7,8.3,12.1,16.7,24,19.8,16,15.7,11.7,9.5,6.9,
鳳山,2023/07/19 00:00:00,NOx,5.5,6.4,4.8,4.3,5.2,6.1,9.4,13.8,14.8,18.7,14.8,14,15.1,11.8,9.5,13.4,18.3,26.9,21.5,16.8,16.3,12.7,10.4,7.8,
鳳山,2023/07/19 00:00:00,O3,14.7,10.5,12.4,10.4,12.2,11.9,6.4,5.8,9.9,18.1,33.7,45.9,51,30.8,32.3,24.6,23.1,14.5,17.7,18.8,15.8,16.7,18.5,17.2,
鳳山,2023/07/19 00:00:00,PM10,7,10,13,19,15,12,19,20,21,21,22,24,27,20,14,12,9,19,19,17,23,18,14,13,
鳳山,2023/07/19 00:00:00,PM2.5,6,5,5,4,5,9,6,4,15,7,7,15,14,11,8,8,8,13,11,9,8,5,6,8,
鳳山,2023/07/19 00:00:00,RAINFALL,0,0,0,0,0,0,0,0,0,0,0,0,0,1.5,3,1.5,1,0,0,0,0,0,0,0,
鳳山,2023/07/19 00:00:00,RH,87,89,87,86,86,84,85,80,73,65,59,55,60,73,95,94,95,95,93,92,92,92,91,92,
鳳山,2023/07/19 00:00:00,SO2,1.1,0.9,0.9,0.9,1.2,1.3,1.1,1.2,1.2,1.4,1.7,1.9,2.1,1.4,1,1,1.1,1.2,1.3,1.3,1.1,1.2,1,1.2,
鳳山,2023/07/19 00:00:00,THC,2.06,2.08,2.03,2.03,2.05,2.1,2.13,2.12,2.09,2.11,2.09,2.11,2.16,2.06,2.06,2.25,2.26,2.47,2.42,2.31,2.29,2.24,2.14,2.16,
鳳山,2023/07/19 00:00:00,WD_HR,96,94,95,95,78,98,87,100,101,287,270,285,283,69,94,94,96,96,102,100,100,104,102,98,
鳳山,2023/07/19 00:00:00,WIND_DIREC,81,97,96,345,95,102,58,114,110,263,261,291,278,109,89,90,77,109,99,94,74,90,106,128,
鳳山,2023/07/19 00:00:00,WIND_SPEED,0.5,0.5,0.3,0.3,0.3,0.3,0.3,0.7,0.5,0.8,1.3,1.1,1.3,0.6,0.9,0.7,0.5,0.8,0.4,0.5,0.3,0.3,0.4,0.6,
鳳山,2023/07/19 00:00:00,WS_HR,0.5,0.5,0.3,0.5,0.3,0.5,0.3,0.5,0.4,0.3,0.3,0.6,0.9,0.3,0.7,0.6,0.5,0.6,0.3,0.4,0.3,0.3,0.3,0.4,
鳳山,2023/07/20 00:00:00,AMB_TEMP,27.6,27.6,27.5,27.6,27.4,27,27.9,29.8,31.2,32.7,32.9,32.4,32.9,32.1,32,32,30.9,28.9,28.1,27.4,27.3,27,26.7,27,
鳳山,2023/07/20 00:00:00,CH4,2.03,2.03,2.03,2.13,2.07,2.05,2.01,1.97,1.97,1.94,2.01,2.01,1.96,1.95,1.92,1.9,1.9,1.93,2.01,2.1,2.09,1.96,1.94,2.01,
鳳山,2023/07/20 00:00:00,CO,0.2,0.16,0.16,0.19,0.17,0.2,0.26,0.32,0.31,0.31,0.61,0.63,0.41,0.43,0.33,0.33,0.39,0.48,0.34,0.28,0.35,0.22,0.21,0.23,
鳳山,2023/07/20 00:00:00,NMHC,0.06,0.02,0.04,0.07,0.09,0.06,0.05,0.07,0.08,0.09,0.24,0.22,0.11,0.12,0.11,0.07,0.11,0.21,0.13,0.12,0.09,0.05,0.04,0.12,
鳳山,2023/07/20 00:00:00,NO,0.8,0.6,0.4,0.5,0.6,0.9,2.5,4.3,3.6,2.3,3.5,2,2.1,2.7,5.3,3.9,4.9,5.1,2,1.7,1.2,0.8,0.9,0.9,
鳳山,2023/07/20 00:00:00,NO2,6,4.8,4.1,5.4,6.1,6.8,7.2,7.3,7.6,8.3,25.2,20.6,13.2,16.8,9,7.4,10.3,13.8,11.2,10,8.9,6.9,5.2,7,
鳳山,2023/07/20 00:00:00,NOx,6.8,5.4,4.6,6,6.7,7.7,9.7,11.7,11.2,10.7,28.7,22.6,15.3,19.5,14.3,11.4,15.2,19,13.2,11.8,10.1,7.7,6.1,7.9,
鳳山,2023/07/20 00:00:00,O3,15.1,12.2,10.9,9.2,10.8,5.8,7.6,10.5,19.6,40.2,44.1,62,60.4,36.6,13.5,14.8,8.5,4.9,7.1,7.8,7.3,10.2,12.1,7.8,
鳳山,2023/07/20 00:00:00,PM10,13,20,11,10,17,16,21,15,23,18,39,36,19,18,17,15,11,14,8,5,8,6,4,11,
鳳山,2023/07/20 00:00:00,PM2.5,6,4,5,3,3,1,1,5,9,12,14,14,10,11,6,1,5,8,6,2,2,2,4,7,
鳳山,2023/07/20 00:00:00,RAINFALL,0,0,0,0,0,0,0,0,0,0,0,0,0,0,0,0,0,0.5,0,5,0.5,0.5,0.5,0,
鳳山,2023/07/20 00:00:00,RH,91,90,89,89,90,90,87,76,69,65,66,67,64,67,69,70,76,88,94,97,97,97,97,97,
鳳山,2023/07/20 00:00:00,SO2,1.1,0.6,0.6,0.7,0.8,0.8,0.8,1.1,1.2,1.3,2.1,2.7,2.4,1.9,1.4,0.9,1,1.3,1.1,0.7,0.9,0.8,0.7,0.7,
鳳山,2023/07/20 00:00:00,THC,2.1,2.06,2.07,2.21,2.17,2.11,2.07,2.05,2.05,2.04,2.26,2.23,2.08,2.08,2.04,1.98,2.02,2.15,2.15,2.23,2.19,2.02,1.99,2.14,
鳳山,2023/07/20 00:00:00,WD_HR,103,101,88,74,91,101,99,103,114,130,268,268,265,285,275,265,296,91,94,99,103,94,78,93,
鳳山,2023/07/20 00:00:00,WIND_DIREC,117,96,53,96,106,110,117,114,100,107,181,262,259,265,289,257,119,91,93,99,105,76,112,111,
鳳山,2023/07/20 00:00:00,WIND_SPEED,0.7,0.3,0.3,0.4,0.3,0.6,0.9,1,0.9,0.8,0.8,1.1,1,0.9,1.2,1,0.9,0.7,0.8,0.6,0.6,0.4,0.3,0.6,
鳳山,2023/07/20 00:00:00,WS_HR,0.5,0.6,0.3,0.3,0.3,0.5,0.6,0.6,0.5,0.4,0.5,0.9,0.8,0.8,0.7,0.5,0.4,0.2,0.6,0.5,0.3,0.5,0.3,0.4,
鳳山,2023/07/21 00:00:00,AMB_TEMP,26.7,26.5,26.5,26.3,26.4,26.6,27.4,28.4,30.4,32.3,33.9,34.6,35,34.6,34.2,33.7,33.5,33.3,32.5,32.3,32.1,31.1,30.2,30.1,
鳳山,2023/07/21 00:00:00,CH4,1.97,2,2.01,2.06,2.17,2.13,2,2.05,2.04,1.94,1.93,1.95,1.97,1.93,1.92,1.91,1.9,1.92,1.93,1.94,1.97,1.99,1.98,2.03,
鳳山,2023/07/21 00:00:00,CO,0.19,0.17,0.16,0.18,0.22,0.21,0.25,0.35,0.36,0.31,0.34,0.41,0.51,0.32,0.33,0.31,0.37,0.65,0.58,0.7,0.68,0.38,0.23,0.2,
鳳山,2023/07/21 00:00:00,NMHC,0.05,0.04,0.04,0.06,0.13,0.13,0.07,0.08,0.08,0.09,0.1,0.12,0.16,0.09,0.13,0.07,0.1,0.16,0.18,0.23,0.46,0.22,0.11,0.08,
鳳山,2023/07/21 00:00:00,NO,0.8,1,0.9,0.8,1.4,1.3,1.9,4.8,5,3.6,2.7,2,1.7,2.4,5,6.2,6.5,11.2,8.6,10.4,10.1,4.4,1.4,1.1,
鳳山,2023/07/21 00:00:00,NO2,6.5,5.8,5.3,6,7.9,7.9,6,7.1,8.1,5.3,7.7,10.5,16,12,8.6,7.4,7.9,12.3,12.2,12.8,18.8,14.1,8.1,7.1,
鳳山,2023/07/21 00:00:00,NOx,7.3,6.9,6.3,6.8,9.4,9.3,7.9,12,13.1,9,10.5,12.6,17.8,14.5,13.6,13.6,14.4,23.5,20.8,23.2,29,18.6,9.5,8.3,
鳳山,2023/07/21 00:00:00,O3,5.8,6.5,7.5,5.9,3.8,7.7,9.6,8.8,15.5,26.4,37.3,60.4,81.3,42.8,22.1,14.1,10.4,6,5.7,3.7,0.5,2.8,7.9,11.3,
鳳山,2023/07/21 00:00:00,PM10,6,8,9,7,15,12,12,19,18,13,12,21,27,21,19,13,10,11,21,14,21,17,20,17,
鳳山,2023/07/21 00:00:00,PM2.5,2,0,0,0,2,1,0,4,4,4,6,6,11,7,4,2,2,5,5,5,4,5,3,8,
鳳山,2023/07/21 00:00:00,RAINFALL,0,0,0,0,0,0,0,0,0,0,0,0,0,0,0,0,0,0,0,0,0,0,0,0,
鳳山,2023/07/21 00:00:00,RH,96,95,94,94,94,93,89,87,78,63,56,54,54,53,58,61,63,64,68,69,68,78,87,87,
鳳山,2023/07/21 00:00:00,SO2,0.7,0.3,0.1,0.2,0.4,0.4,0.4,0.8,0.9,0.6,0.7,0.7,2.1,1.9,0.7,0.6,0.7,1.3,1,0.5,3.1,2.3,0.4,0.2,
鳳山,2023/07/21 00:00:00,THC,2.03,2.05,2.06,2.13,2.31,2.27,2.08,2.14,2.13,2.04,2.04,2.08,2.14,2.03,2.06,1.99,2.01,2.09,2.11,2.18,2.44,2.22,2.1,2.12,
鳳山,2023/07/21 00:00:00,WD_HR,91,94,89,80,80,84,102,113,87,24,293,296,254,278,275,279,280,277,289,296,286,103,103,92,
鳳山,2023/07/21 00:00:00,WIND_DIREC,92,90,82,80,76,78,108,127,47,60,225,276,249,244,274,274,294,252,299,270,282,102,123,97,
鳳山,2023/07/21 00:00:00,WIND_SPEED,0.4,0.3,0.3,0.3,0.3,0.3,0.5,0.6,0.7,1.1,0.7,1.1,1.7,1.2,1.4,1,1.2,0.6,1.1,0.4,0.4,1.1,0.6,0.3,
鳳山,2023/07/21 00:00:00,WS_HR,0.3,0.4,0.4,0.3,0.3,0.3,0.4,0.5,0.3,0.1,0.4,0.2,0.7,0.8,1.2,0.8,0.6,0.6,0.8,0.6,0.3,0.6,0.6,0.4,
鳳山,2023/07/22 00:00:00,AMB_TEMP,29.9,29.4,29.2,28.8,28.5,28.7,29.5,30.7,32.3,33.7,33.8,33.8,34.4,34.8,34.3,34,33.8,33.1,32.7,32.3,30.9,30.4,30.1,29.9,
鳳山,2023/07/22 00:00:00,CH4,1.97,1.96,2,2.01,2.01,2.07,2.09,2.05,2.01,1.96,1.95,1.96,1.96,1.98,1.95,1.92,1.91,1.92,1.93,1.92,2,1.97,1.98,1.98,
鳳山,2023/07/22 00:00:00,CO,0.2,0.19,0.18,0.17,0.18,0.29,0.44,0.45,0.42,0.38,0.32,0.35,0.39,0.36,0.32,0.27,0.34,0.47,0.49,0.43,0.3,0.23,0.23,0.19,
鳳山,2023/07/22 00:00:00,NMHC,0.05,0.02,0.04,0.05,0.03,0.07,0.14,0.15,0.13,0.1,0.06,0.11,0.1,0.07,0.05,0.04,0.07,0.15,0.14,0.12,0.1,0.07,0.04,0.02,
鳳山,2023/07/22 00:00:00,NO,0.9,0.8,0.7,0.9,0.7,0.8,2.3,4,3.9,3.2,1.9,1.4,3.2,1.9,1.1,2.5,4.2,5.4,6.4,7.2,1.4,0.9,0.8,0.7,
鳳山,2023/07/22 00:00:00,NO2,6.3,4.1,6.4,6.5,4,6,11.2,12.2,11.4,10.3,7.9,8.9,11.3,9.2,8.9,7.6,7.6,8.8,10.2,11.2,10.1,7.3,6.6,5.6,
鳳山,2023/07/22 00:00:00,NOx,7.2,4.9,7.2,7.4,4.7,6.8,13.6,16.2,15.3,13.6,9.8,10.3,14.5,11.1,10.1,10.1,11.8,14.2,16.7,18.5,11.5,8.2,7.4,6.3,
鳳山,2023/07/22 00:00:00,O3,13.1,20.5,16,16.6,20.1,17.2,14,17.1,27.1,34.3,45,56.9,29.7,55.9,53.2,28.4,13.6,10.9,4.8,2.7,11.5,12,12.5,18.4,
鳳山,2023/07/22 00:00:00,PM10,18,12,9,15,11,9,8,14,10,13,16,23,18,21,22,14,13,16,15,14,21,16,14,16,
鳳山,2023/07/22 00:00:00,PM2.5,7,7,7,6,5,3,2,5,9,6,6,14,10,13,11,7,7,10,8,4,10,11,8,4,
鳳山,2023/07/22 00:00:00,RAINFALL,0,0,0,0,0,0,0,0,0,0,0,0,0,0,0,0,0,0,0,0,0,0,0,0,
鳳山,2023/07/22 00:00:00,RH,87,85,85,86,85,84,81,73,66,59,59,59,60,57,58,60,63,69,67,67,84,87,86,84,
鳳山,2023/07/22 00:00:00,SO2,0.2,1.1,1.7,1.3,1.1,1,1.2,1.5,1.8,2,2.1,2,1.8,2.2,2.1,1.6,1.5,1.4,1.7,2.2,1.6,1.1,1.2,1,
鳳山,2023/07/22 00:00:00,THC,2.03,1.99,2.05,2.07,2.05,2.15,2.24,2.21,2.15,2.07,2.02,2.08,2.07,2.05,2.01,1.97,1.99,2.08,2.08,2.05,2.1,2.05,2.03,2.01,
鳳山,2023/07/22 00:00:00,WD_HR,317,280,299,45,85,67,6,41,90,286,148,103,253,251,266,258,280,285,295,292,101,101,99,102,
鳳山,2023/07/22 00:00:00,WIND_DIREC,288,292,84,60,79,56,96,312,160,275,117,86,254,259,263,270,269,265,318,283,109,96,95,92,
鳳山,2023/07/22 00:00:00,WIND_SPEED,1.1,0.5,0.3,0.3,0.3,0.3,0.5,0.5,0.7,0.8,0.9,1.1,1.5,1,1.1,1.2,1,0.9,1,0.3,0.6,0.3,0.4,0.6,
鳳山,2023/07/22 00:00:00,WS_HR,0.1,0.2,0.2,0.1,0.3,0.3,0.1,0.1,0.1,0.2,0.4,0.4,0.8,0.6,0.4,0.7,0.7,0.9,0.9,0.5,0.6,0.4,0.6,0.5,
鳳山,2023/07/23 00:00:00,AMB_TEMP,29.9,29.8,29.7,29.4,29,28.9,29.4,30.6,32.2,33.8,33.6,34.7,34.8,34.2,34,32.9,31.5,28.3,28,28.4,28.8,28.7,28.4,28,
鳳山,2023/07/23 00:00:00,CH4,2.01,1.96,1.99,2.02,2.01,2.02,2.04,1.98,1.96,1.99,2.02,1.97,1.94,1.93,1.92,1.94,1.95,1.99,1.95,1.96,2.03,2.03,2.11,2.3,
鳳山,2023/07/23 00:00:00,CO,0.19,0.15,0.15,0.16,0.16,0.19,0.26,0.24,0.27,0.39,0.4,0.46,0.38,0.31,0.27,0.38,0.38,0.24,0.28,0.4,0.38,0.32,0.29,0.3,
鳳山,2023/07/23 00:00:00,NMHC,0.02,0.01,0.03,0.03,0.03,0.04,0.06,0.04,0.05,0.1,0.11,0.12,0.09,0.05,0.04,0.06,0.08,0.04,0.06,0.1,0.14,0.11,0.09,0.1,
鳳山,2023/07/23 00:00:00,NO,0.6,0.7,0.9,0.6,0.6,0.9,1.3,1.6,1.8,2.4,2.9,1.9,1.9,1.9,2.1,1.8,1.9,1.4,0.9,1.3,0.8,0.9,1,1,
鳳山,2023/07/23 00:00:00,NO2,5.3,3.8,3.7,4.1,4.3,4.3,5.3,4.4,3.9,8.1,13,9.9,9.1,8.1,6.4,6.2,8.3,6.3,6.1,10.3,11.9,9.8,7.7,8.5,
鳳山,2023/07/23 00:00:00,NOx,5.9,4.5,4.7,4.8,5,5.2,6.7,6.1,5.7,10.5,15.9,11.9,11,10,8.6,8,10.2,7.7,7.1,11.6,12.8,10.7,8.7,9.6,
鳳山,2023/07/23 00:00:00,O3,18.8,17.1,16,14.3,13.9,14,12.5,17,23.1,30.7,41.9,53.5,46.7,41.1,33.5,37.1,38.8,26.8,24.5,18.1,16.1,16.7,16.4,11.5,
鳳山,2023/07/23 00:00:00,PM10,12,16,10,10,15,12,17,19,13,16,25,22,18,13,15,12,22,15,11,10,14,16,10,12,
鳳山,2023/07/23 00:00:00,PM2.5,5,5,6,7,8,6,8,10,7,9,11,15,14,11,7,5,7,10,7,5,7,6,6,5,
鳳山,2023/07/23 00:00:00,RAINFALL,0,0,0,0,0,0,0,0,0,0,0,0,0,0,0,0,0,8.5,0,0,0,0,0,0,
鳳山,2023/07/23 00:00:00,RH,85,86,87,87,88,86,85,80,69,64,66,60,58,60,60,66,76,92,92,93,91,89,89,91,
鳳山,2023/07/23 00:00:00,SO2,0.9,0.2,0.3,0.3,0.2,0.1,0.2,0.4,0.3,0.7,1.3,1.5,1.7,1.2,0.9,0.8,0.8,0.3,0.3,0.4,0.6,0.4,0.4,0.4,
鳳山,2023/07/23 00:00:00,THC,2.04,1.98,2.03,2.05,2.05,2.07,2.11,2.03,2.02,2.09,2.13,2.1,2.04,1.99,1.97,2.01,2.04,2.03,2.02,2.07,2.17,2.14,2.21,2.41,
鳳山,2023/07/23 00:00:00,WD_HR,92,96,88,98,88,73,92,93,49,270,257,276,267,262,280,290,294,100,74,290,104,103,98,54,
鳳山,2023/07/23 00:00:00,WIND_DIREC,84,28,88,95,92,18,79,97,316,34,256,253,272,283,266,299,86,120,31,276,109,100,99,75,
鳳山,2023/07/23 00:00:00,WIND_SPEED,0.4,0.3,0.3,0.5,0.5,0.3,0.4,0.9,0.8,0.5,1,1.3,1.4,1.9,1.2,1.5,0.8,0.4,0.3,0.3,0.3,0.4,0.3,0.4,
鳳山,2023/07/23 00:00:00,WS_HR,0.4,0.3,0.3,0.6,0.4,0.2,0.4,0.5,0.2,0.4,0.5,0.6,0.9,1.2,0.9,1.2,0.6,0.6,0.3,0.2,0.3,0.3,0.3,0.3,
鳳山,2023/07/24 00:00:00,AMB_TEMP,27.9,27.5,27.3,27.4,27.6,27.6,28,29.2,31.2,32,33,34.6,35,35.6,35.3,34.8,34.4,33.9,33,32.4,31.6,31.1,30.7,30.6,
鳳山,2023/07/24 00:00:00,CH4,2.33,2.15,2.1,2.09,2.05,2.05,2.06,2.02,1.96,1.95,1.95,1.94,1.95,1.94,1.96,1.96,1.95,1.94,1.95,1.96,1.96,1.97,1.99,2.01,
鳳山,2023/07/24 00:00:00,CO,0.32,0.17,0.16,0.15,0.15,0.19,0.27,0.46,0.49,0.48,0.42,0.39,0.33,0.3,0.35,0.4,0.53,0.52,0.58,0.52,0.24,0.27,0.33,0.31,
鳳山,2023/07/24 00:00:00,NMHC,0.13,0.06,0.03,0.03,0.02,0.09,0.06,0.1,0.13,0.16,0.14,0.15,0.08,0.1,0.14,0.19,0.18,0.15,0.16,0.14,0.08,0.12,0.08,0.1,
鳳山,2023/07/24 00:00:00,NO,0.8,1.2,0.9,1,1,1,2.4,3.8,6.4,5.4,3.8,3.1,2.3,2.3,2.7,2.7,4,3.5,3.6,3.9,1.2,1.8,2.2,1.9,
鳳山,2023/07/24 00:00:00,NO2,9.3,5,4.2,4.1,3.8,4.9,7.6,9.4,10.3,9.5,8.1,7.7,6.4,6.4,9.3,10.6,12.5,11.8,12.6,13.3,9.1,8.4,9.2,8.9,
鳳山,2023/07/24 00:00:00,NOx,10.1,6.2,5.2,5.1,4.9,5.9,10,13.3,16.7,15,12,10.8,8.7,8.7,12,13.3,16.6,15.3,16.2,17.2,10.4,10.2,11.4,10.9,
鳳山,2023/07/24 00:00:00,O3,9.1,11.5,9.6,10.3,11.9,12.3,10.7,13,17.9,23.1,30.3,35.5,40.7,38,31.9,38.3,29.3,32,22.8,17.7,16.8,14.5,10,7.5,
鳳山,2023/07/24 00:00:00,PM10,13,12,15,10,11,19,18,16,20,26,19,18,19,14,21,26,23,23,22,19,17,17,18,20,
鳳山,2023/07/24 00:00:00,PM2.5,5,6,3,0,1,3,4,6,5,9,9,6,5,3,5,13,9,7,5,3,7,7,9,10,
鳳山,2023/07/24 00:00:00,RAINFALL,0,0,0,0,0,0,0,0,0,0,0,0,0,0,0,0,0,0,0,0,0,0,0,0,
鳳山,2023/07/24 00:00:00,RH,91,90,90,89,87,87,86,85,71,65,61,55,53,52,56,54,58,57,59,61,64,67,68,68,
鳳山,2023/07/24 00:00:00,SO2,0.4,0.7,0.7,0.7,0.7,1.1,1.3,1.5,1.7,1.9,1.7,1.6,1.3,1,1.1,1.3,1.3,1.5,1.3,1.5,1.4,1.4,2,2.4,
鳳山,2023/07/24 00:00:00,THC,2.47,2.22,2.14,2.12,2.08,2.15,2.13,2.13,2.1,2.12,2.1,2.1,2.04,2.05,2.1,2.16,2.14,2.1,2.12,2.11,2.05,2.1,2.08,2.12,
鳳山,2023/07/24 00:00:00,WD_HR,91,101,98,100,85,73,106,80,286,286,283,276,297,278,294,283,284,277,277,277,108,277,291,286,
鳳山,2023/07/24 00:00:00,WIND_DIREC,100,111,119,138,56,108,114,291,283,277,288,273,135,282,286,281,276,264,282,135,125,161,344,286,
鳳山,2023/07/24 00:00:00,WIND_SPEED,0.4,0.3,0.3,0.3,0.3,0.4,0.3,0.4,1.5,1.3,1.5,1.6,1,1.5,1.3,1.4,1,1,1.1,0.8,0.3,0.4,0.4,0.6,
鳳山,2023/07/24 00:00:00,WS_HR,0.4,0.4,0.4,0.4,0.3,0.2,0.3,0.1,0.7,1,0.7,0.7,0.2,0.5,0.8,1.1,1,0.6,0.8,0.4,0.4,0.1,0.1,0.5,
鳳山,2023/07/25 00:00:00,AMB_TEMP,30.3,29.8,29.3,29.3,29,28.9,29.1,30.3,31.5,32.4,32.8,33.9,34.8,34.9,34.6,33.9,29.4,29.4,29.7,29.8,29.6,29.4,29.5,29.6,
鳳山,2023/07/25 00:00:00,CH4,2.03,2.08,2.06,2.14,2.09,2.1,2.08,2.03,1.98,1.98,2,1.94,1.94,1.92,1.93,1.93,1.94,1.93,1.97,1.94,2.07,2.09,1.99,2,
鳳山,2023/07/25 00:00:00,CO,0.31,0.29,0.2,0.25,0.21,0.34,0.4,0.58,0.44,0.5,0.56,0.61,0.51,0.24,0.34,0.4,0.49,0.55,0.71,0.51,0.52,0.41,0.29,0.24,
鳳山,2023/07/25 00:00:00,NMHC,0.11,0.14,0.08,0.17,0.1,0.08,0.09,0.15,0.15,0.23,0.2,0.19,0.14,0.07,0.1,0.12,0.15,0.18,0.23,0.17,0.22,0.18,0.1,0.06,
鳳山,2023/07/25 00:00:00,NO,1.9,1.7,0.7,0.8,0.9,1,2.6,4.5,3.5,2.8,3.5,4.2,3.6,2.8,3.1,3.2,4.9,3.7,2.9,1.4,0.9,0.6,0.9,0.4,
鳳山,2023/07/25 00:00:00,NO2,10.7,11.4,8.2,11.3,9.1,8,9.7,11.2,11.8,12.9,14.4,12,10.6,7.4,8,10.4,15.3,18.3,18.5,15.8,18.8,15,11.4,8.3,
鳳山,2023/07/25 00:00:00,NOx,12.6,13.2,9,12.1,10.1,9.1,12.4,15.7,15.4,15.7,18,16.2,14.3,10.3,11.1,13.7,20.3,22.1,21.4,17.2,19.7,15.7,12.3,8.8,
鳳山,2023/07/25 00:00:00,O3,6.3,4.8,6.8,3.6,5.8,8,7.4,13.4,22.6,32.5,29.5,30.9,36.3,34,32.6,29.2,22,17.3,18.2,19.9,11.3,14.8,19.6,21.7,
鳳山,2023/07/25 00:00:00,PM10,25,25,18,31,20,20,20,27,26,25,29,24,22,17,18,20,15,23,23,21,27,26,21,15,
鳳山,2023/07/25 00:00:00,PM2.5,13,17,4,12,11,7,6,8,11,9,11,8,6,4,3,6,9,10,12,9,12,11,9,9,
鳳山,2023/07/25 00:00:00,RAINFALL,0,0,0,0,0,0,0,0,0,0,0,0,0,0,0,1.5,0.5,0,0,0,0,0,0,0,
鳳山,2023/07/25 00:00:00,RH,70,74,77,79,81,83,84,76,73,68,68,63,57,56,55,58,89,87,86,87,87,86,85,84,
鳳山,2023/07/25 00:00:00,SO2,2.4,1.8,1.4,1.8,1.4,1.2,1.4,1.7,2.2,1.4,1.4,1.3,1.6,1.8,0.9,0.8,0.4,0.6,0.7,0.6,0.6,1.3,1.4,1.4,
鳳山,2023/07/25 00:00:00,THC,2.15,2.23,2.15,2.32,2.2,2.18,2.18,2.19,2.14,2.22,2.21,2.14,2.08,2,2.04,2.06,2.1,2.12,2.21,2.12,2.3,2.28,2.1,2.07,
鳳山,2023/07/25 00:00:00,WD_HR,287,304,326,291,274,69,81,327,133,290,284,278,285,288,290,289,268,289,266,324,98,90,306,106,
鳳山,2023/07/25 00:00:00,WIND_DIREC,269,1,306,193,290,92,101,126,61,293,288,264,294,287,280,293,269,7,174,40,86,69,298,47,
鳳山,2023/07/25 00:00:00,WIND_SPEED,0.5,0.3,0.3,0.3,0.3,0.4,0.4,0.8,0.5,1.2,1.3,1.5,1.4,1.5,1.6,0.6,0.7,0.5,0.3,0.4,0.5,0.4,0.5,0.5,
鳳山,2023/07/25 00:00:00,WS_HR,0.6,0.4,0.1,0.5,0.2,0.1,0.2,0.1,0.1,0.5,0.8,1.1,1.1,1.3,1.3,0.9,0.5,0.2,0.3,0.1,0.5,0.3,0.2,0.2,
鳳山,2023/07/26 00:00:00,AMB_TEMP,28.6,27.8,27.3,27.6,27.7,27.5,27.4,27.2,27.1,27.1,27.8,28.6,28.7,29.2,28.8,28.1,27.7,27.4,26.3,25.9,25.9,26,26.1,26.3,
鳳山,2023/07/26 00:00:00,CH4,2.01,2.1,2.2,2.21,2.17,2.13,2.14,2.16,2.22,2.27,2.19,2.05,2.05,2.01,2.02,2.09,2.14,2.12,1.97,1.99,2.05,2.08,2.15,2.05,
鳳山,2023/07/26 00:00:00,CO,0.23,0.26,0.22,0.23,0.22,0.23,0.35,0.66,0.58,0.41,0.37,0.5,0.46,0.34,0.32,0.31,0.49,0.52,0.36,0.47,0.35,0.38,0.36,0.24,
鳳山,2023/07/26 00:00:00,NMHC,0.07,0.13,0.08,0.09,0.08,0.07,0.13,0.23,0.22,0.23,0.17,0.23,0.22,0.1,0.1,0.24,0.29,0.27,0.16,0.13,0.13,0.15,0.12,0.08,
鳳山,2023/07/26 00:00:00,NO,0.6,1.2,1.1,1.3,1.3,1.3,2.4,8.1,11.5,8.3,6.2,6.8,5.2,2.8,1.8,2.9,4.1,4.9,2.8,2.2,2.3,1.8,1.9,1.6,
鳳山,2023/07/26 00:00:00,NO2,7.8,9.9,7.3,7.4,7,6.5,8.2,12.8,12.6,12.2,10,14.8,12.4,8.7,10,12.7,17.4,17.9,15.4,12.9,10.7,10.4,11.6,7.5,
鳳山,2023/07/26 00:00:00,NOx,8.4,11.2,8.4,8.8,8.3,7.9,10.7,20.9,24.2,20.6,16.3,21.7,17.6,11.5,11.8,15.6,21.6,22.8,18.2,15.2,13.1,12.2,13.5,9.2,
鳳山,2023/07/26 00:00:00,O3,20.4,14.6,13.1,10.5,8.2,8.8,5,2.5,2.4,4.2,8.3,12.3,17.9,30.7,28.4,17.5,11.1,6.7,8.5,8.5,7.6,6.7,4.5,7.2,
鳳山,2023/07/26 00:00:00,PM10,15,11,16,14,15,14,16,16,16,15,17,22,21,20,19,21,16,20,15,8,5,11,14,10,
鳳山,2023/07/26 00:00:00,PM2.5,6,9,9,12,12,9,7,8,12,8,9,16,13,14,16,14,11,17,8,7,5,6,6,4,
鳳山,2023/07/26 00:00:00,RAINFALL,2,0.5,0,0,0,0,0.5,1.5,0,0,0.5,1.5,0,0,0.5,0.5,0.5,1,4,1,0.5,0,0,0.5,
鳳山,2023/07/26 00:00:00,RH,89,96,96,95,93,92,92,94,94,94,92,91,93,91,92,94,95,95,95,96,97,97,97,96,
鳳山,2023/07/26 00:00:00,SO2,1,1.2,1,1.2,1.2,1,1.3,1.1,1.1,1.1,1.1,1.3,1,1.1,1,1,1.1,1.3,1.2,1.6,1.7,1.6,1.5,1,
鳳山,2023/07/26 00:00:00,THC,2.08,2.24,2.29,2.31,2.25,2.21,2.28,2.4,2.45,2.51,2.37,2.29,2.28,2.12,2.13,2.34,2.44,2.4,2.14,2.13,2.19,2.24,2.28,2.14,
鳳山,2023/07/26 00:00:00,WD_HR,149,88,82,114,106,115,88,54,102,110,112,142,135,260,116,88,81,109,69,280,115,98,106,143,
鳳山,2023/07/26 00:00:00,WIND_DIREC,89,100,233,120,244,12,33,28,102,98,131,271,149,111,99,77,90,96,94,111,258,103,106,149,
鳳山,2023/07/26 00:00:00,WIND_SPEED,0.3,0.6,0.4,0.4,0.3,0.3,0.3,0.3,0.8,0.5,0.5,0.3,0.5,0.5,0.7,0.3,0.3,0.5,0.3,0.6,0.5,0.4,0.3,0.3,
鳳山,2023/07/26 00:00:00,WS_HR,0.2,0.2,0.1,0.2,0.1,0.2,0.2,0.2,0.5,0.4,0.3,0.2,0.2,0.2,0.5,0.5,0.1,0.5,0.4,0.1,0.1,0.3,0.2,0.2,
鳳山,2023/07/27 00:00:00,AMB_TEMP,26.4,26.2,26.2,26.1,25.9,25.8,26,26.4,26.9,27,26.8,26.5,26.3,25.9,26.1,26.2,26,25.8,25.5,26,26.5,26.3,26.5,26.5,
鳳山,2023/07/27 00:00:00,CH4,2.06,2.14,2.1,2.07,2,2.01,2.02,2.13,2.15,2.13,2.25,2.44,2.13,2.01,2.03,2.05,2.09,2.04,2.02,2,1.94,1.93,1.93,1.94,
鳳山,2023/07/27 00:00:00,CO,0.21,0.21,0.23,0.18,0.15,0.15,0.2,0.41,0.53,0.42,0.37,0.29,0.24,0.17,0.23,0.23,0.24,0.24,0.19,0.14,0.12,0.1,0.1,0.1,
鳳山,2023/07/27 00:00:00,NMHC,0.08,0.07,0.14,0.13,0.05,0.06,0.04,0.09,0.14,0.12,0.16,0.09,0.06,0.03,0.1,0.07,0.1,0.08,0.06,0,0,0,0,0,
鳳山,2023/07/27 00:00:00,NO,2,1.2,1.4,1.3,1.2,1.2,1.4,2.9,4.1,3.6,3.5,3.1,2.2,1.7,1.5,1.6,1.4,1.3,1.3,1.3,1.3,1,0.9,0.8,
鳳山,2023/07/27 00:00:00,NO2,6.1,7,8.3,9,3.8,3.2,3.9,5.1,8,9.2,9.6,8.1,5.9,4.6,5.8,7.4,5.7,5.9,4.7,3.2,3.1,2.1,2.4,2.1,
鳳山,2023/07/27 00:00:00,NOx,8.2,8.2,9.8,10.4,5,4.4,5.3,8,12.1,12.8,13.1,11.3,8.1,6.3,7.4,9,7.1,7.2,6.1,4.5,4.4,3.1,3.3,2.9,
鳳山,2023/07/27 00:00:00,O3,6.2,5,3.6,5.3,10.6,9.7,7.6,5.8,5.6,7.9,8.1,9.9,14.9,17.8,15.5,13.7,16.7,16.7,16.3,24.5,29.3,33.9,32.6,33.7,
鳳山,2023/07/27 00:00:00,PM10,10,7,9,12,9,6,4,10,11,9,11,10,8,3,7,5,13,7,1,1,6,6,4,3,
鳳山,2023/07/27 00:00:00,PM2.5,2,2,2,4,4,3,3,4,6,5,5,8,8,4,6,3,2,3,1,0,0,0,1,0,
鳳山,2023/07/27 00:00:00,RAINFALL,0.5,3,1,0,0,0,0,0,0,0.5,2.5,4,3.5,4,2,4.5,6,4.5,7,0.5,2,1.5,2,2.5,
鳳山,2023/07/27 00:00:00,RH,96,98,98,97,96,96,96,96,95,94,96,97,97,97,97,97,98,98,98,92,89,90,92,91,
鳳山,2023/07/27 00:00:00,SO2,0.9,0.7,0.5,1.1,0.7,0.6,0.6,0.7,0.9,1,1,0.7,0.8,0.6,0.6,0.8,0.6,0.7,0.5,0.6,0.7,0.6,0.6,0.8,
鳳山,2023/07/27 00:00:00,THC,2.15,2.22,2.25,2.21,2.06,2.08,2.07,2.22,2.3,2.26,2.42,2.54,2.2,2.04,2.14,2.13,2.2,2.12,2.09,2.01,1.94,1.91,1.92,1.91,
鳳山,2023/07/27 00:00:00,WD_HR,206,309,277,162,101,130,108,134,92,51,71,66,98,96,89,76,87,105,98,96,119,112,112,121,
鳳山,2023/07/27 00:00:00,WIND_DIREC,11,290,248,142,92,81,153,176,70,94,33,35,126,102,109,95,99,91,93,129,128,111,122,140,
鳳山,2023/07/27 00:00:00,WIND_SPEED,0.6,0.3,0.4,0.3,0.3,0.3,0.3,0.3,0.3,0.4,0.3,0.3,0.7,0.4,0.3,0.4,0.3,0.4,1.1,1.4,3.2,2.5,2.3,2.7,
鳳山,2023/07/27 00:00:00,WS_HR,0.1,0.2,0.4,0.2,0.2,0.3,0.3,0.1,0.3,0.1,0.3,0.3,0.3,0.5,0.3,0.2,0.4,0.3,0.7,1,0.9,1.4,1.3,1.4,
鳳山,2023/07/28 00:00:00,AMB_TEMP,26.5,26.7,26.9,26.8,26.5,26.7,26.3,25,24,24.8,25.3,24.5,25.4,25.5,25.6,26.2,26.2,26.2,27.3,28,28.1,28.2,28.3,28.3,
鳳山,2023/07/28 00:00:00,CH4,1.93,1.92,1.92,1.91,1.91,1.92,1.92,1.92,1.93,1.93,1.92,1.93,1.93,1.96,1.96,1.96,1.96,1.96,1.95,1.94,1.95,1.95,1.94,1.94,
鳳山,2023/07/28 00:00:00,CO,0.09,0.09,0.09,0.09,0.09,0.1,0.12,0.11,0.1,0.12,0.12,0.13,0.14,0.28,0.16,0.19,0.27,0.34,0.23,0.18,0.15,0.14,0.13,0.13,
鳳山,2023/07/28 00:00:00,NMHC,0,0,0,0,0,0,0,0,0,0,0,0,0,0,0.01,0.01,0.03,0.06,0.01,0,0,0,0,0,
鳳山,2023/07/28 00:00:00,NO,0.8,0.9,0.7,0.8,0.8,0.9,1,1,1.2,1,1.2,1,1.3,1.1,1.1,1.4,1.2,1.6,1.2,1.7,1.1,1.1,1.2,0.9,
鳳山,2023/07/28 00:00:00,NO2,1,0.9,0.9,0.8,0.8,1,1.6,1.5,1.4,1.9,2,2.1,2.9,5.5,4,4.2,6.1,7.5,5.4,3.1,2.8,2.5,2.4,2.7,
鳳山,2023/07/28 00:00:00,NOx,1.9,1.9,1.6,1.7,1.6,1.9,2.7,2.6,2.6,3,3.2,3.2,4.3,6.6,5.2,5.6,7.3,9.1,6.7,4.8,4,3.6,3.7,3.7,
鳳山,2023/07/28 00:00:00,O3,33.3,32.4,30,27.2,25.8,26.7,26.5,28.1,28.3,25.4,27.8,27,23.5,21.6,23.4,22.9,26,28.7,24.7,24.4,24.3,23.8,22.9,21.9,
鳳山,2023/07/28 00:00:00,PM10,17,21,18,24,22,21,16,16,9,9,18,#,#,14,9,17,15,13,21,23,23,24,20,30,
鳳山,2023/07/28 00:00:00,PM2.5,0,4,8,7,3,3,4,3,2,1,5,#,6,5,5,4,2,5,7,7,3,2,4,3,
鳳山,2023/07/28 00:00:00,RAINFALL,3,2,4,5,4.5,6.5,15,10.5,6.5,4.5,8.5,7,20.5,23.5,8,1,0.5,5.5,0.5,0,0,0,0,0,
鳳山,2023/07/28 00:00:00,RH,94,95,96,97,97,96,97,97,97,96,96,95,98,99,99,99,97,96,97,96,95,95,94,94,
鳳山,2023/07/28 00:00:00,SO2,0.5,0.4,0.4,0.5,0.4,0.5,0.5,0.7,0.7,0.6,0.5,0.5,0.6,0.8,0.8,0.7,0.6,0.7,0.6,0.7,0.6,0.3,0.5,0.5,
鳳山,2023/07/28 00:00:00,THC,1.9,1.89,1.88,1.88,1.88,1.89,1.9,1.9,1.9,1.91,1.92,1.92,1.94,1.96,1.97,1.98,2,2.03,1.97,1.94,1.94,1.94,1.93,1.95,
鳳山,2023/07/28 00:00:00,WD_HR,131,123,127,124,126,130,132,133,128,126,122,123,121,122,106,99,103,321,130,123,110,135,123,136,
鳳山,2023/07/28 00:00:00,WIND_DIREC,128,130,140,123,132,116,110,120,128,121,124,141,136,135,135,342,138,307,131,115,128,181,128,166,
鳳山,2023/07/28 00:00:00,WIND_SPEED,3.9,3.3,3.2,2.9,3.4,3,3,3,2.4,2.6,2.5,2.4,2,2.2,0.9,1.2,1.3,0.7,1.6,1.5,1.4,1.5,2,1.7,
鳳山,2023/07/28 00:00:00,WS_HR,2,2.2,1.9,1.9,1.8,1.8,1,1.1,1.4,1.4,1.6,1.4,1,0.6,0.7,0.2,0.4,0.5,0.7,0.9,0.8,0.8,0.8,0.7,
鳳山,2023/07/29 00:00:00,AMB_TEMP,28.4,28.2,28.3,28.4,28.4,28.3,28.4,29.4,30.4,30.6,31.4,32.2,32.4,33.3,32.9,32.6,31.8,31.1,30.3,29.9,29.8,29.6,29.4,28.9,
鳳山,2023/07/29 00:00:00,CH4,1.95,1.95,1.94,1.94,1.94,1.93,1.93,1.93,1.92,1.92,1.92,1.93,1.94,1.95,1.93,1.95,1.95,1.93,1.91,1.92,1.93,1.97,2.01,2.03,
鳳山,2023/07/29 00:00:00,CO,0.13,0.15,0.14,0.13,0.12,0.15,0.21,0.28,0.28,0.34,0.31,0.3,0.3,0.45,0.49,0.59,0.57,0.54,0.4,0.34,0.36,0.51,0.42,0.31,
鳳山,2023/07/29 00:00:00,NMHC,0.03,0.01,0.06,0.07,0.01,0,0.04,0.08,0.05,0.06,0.06,0.06,0.05,0.11,0.2,0.15,0.09,0.22,0.09,0.08,0.12,0.21,0.13,0.09,
鳳山,2023/07/29 00:00:00,NO,1,0.2,0.4,0.2,0.3,0.3,0.9,2.3,2.7,2.6,2.3,2.7,2.5,3.2,4.4,4.3,3.7,3.1,1.5,1.9,1.6,1.7,1.9,0.6,
鳳山,2023/07/29 00:00:00,NO2,4.2,3.6,3.9,4,5.6,6.5,6.5,7,6.1,5.5,5.7,5.1,5.6,7.8,9.2,9.3,9,10.4,8.9,10.8,10.5,13,15.6,10.3,
鳳山,2023/07/29 00:00:00,NOx,5.2,3.9,4.3,4.2,6,6.8,7.5,9.3,8.9,8.1,8.1,7.8,8.2,11.1,13.6,13.7,12.8,13.5,10.4,12.7,12.1,14.7,17.5,10.9,
鳳山,2023/07/29 00:00:00,O3,19.6,20.4,19,18,16.8,18.3,17.8,19.6,22.1,23.4,23.8,24.5,23.8,23.9,23.1,18.9,17,16,17.4,13.2,12.1,7.5,4.7,8.3,
鳳山,2023/07/29 00:00:00,PM10,21,23,24,16,14,15,22,24,24,17,22,18,20,21,23,28,29,28,20,18,22,27,23,24,
鳳山,2023/07/29 00:00:00,PM2.5,5,4,4,4,7,10,10,10,8,7,8,7,9,10,12,11,12,14,13,8,8,7,15,9,
鳳山,2023/07/29 00:00:00,RAINFALL,0,0,0,0,0,0,0,0,0,0,0,0,0,0,0,0,0,0,0,0,0,0,0,0,
鳳山,2023/07/29 00:00:00,RH,94,95,92,89,90,92,93,90,85,84,76,69,67,65,70,70,70,77,85,87,86,87,89,91,
鳳山,2023/07/29 00:00:00,SO2,0.6,1,1.1,1.1,1.1,1.1,1.1,1.3,1.4,1.4,1.3,1.6,1.8,3.1,4.7,5.8,5,3.6,1.6,1.6,1.5,2.6,2,1.7,
鳳山,2023/07/29 00:00:00,THC,1.99,1.97,2.01,2.02,1.96,1.94,1.98,2.02,1.98,1.99,1.99,1.99,2,2.07,2.14,2.11,2.05,2.15,2.01,2.01,2.05,2.18,2.15,2.13,
鳳山,2023/07/29 00:00:00,WD_HR,120,131,121,119,139,113,112,125,183,171,167,119,125,162,265,137,133,325,354,336,9,336,28,90,
鳳山,2023/07/29 00:00:00,WIND_DIREC,118,131,113,150,117,113,104,145,200,208,176,99,120,253,188,115,71,348,270,263,63,27,108,100,
鳳山,2023/07/29 00:00:00,WIND_SPEED,1.5,1.3,1.2,1.3,1.1,1.3,1.8,1.4,1.9,1.7,2.5,1.9,1.8,1.2,1.3,1.9,1.2,0.9,0.8,0.9,0.7,0.3,0.3,0.4,
鳳山,2023/07/29 00:00:00,WS_HR,0.7,0.6,0.6,0.5,0.4,0.7,0.8,0.7,0.5,0.6,0.6,0.4,0.6,0.1,0.3,0.2,0.4,0.2,0.2,0.3,0.2,0.3,0.2,0.3,
鳳山,2023/07/30 00:00:00,AMB_TEMP,28.7,28.5,28.7,28.7,28.2,27.8,28.2,29.7,30.5,30.9,31.8,32.4,32.3,32.6,32.3,31.9,31.2,29.1,27.3,27.6,27.9,28,27.8,27.5,
鳳山,2023/07/30 00:00:00,CH4,2.05,2.18,2.14,2.06,2.07,2.05,2.05,2,1.97,1.97,1.96,1.98,2,1.99,1.95,1.93,1.93,1.96,1.98,2,2.04,2.07,2.07,2.27,
鳳山,2023/07/30 00:00:00,CO,0.36,0.28,0.36,0.27,0.24,0.21,0.28,0.38,0.45,0.42,0.34,0.41,0.38,0.34,0.33,0.33,0.42,0.41,0.35,0.4,0.45,0.43,0.38,0.33,
鳳山,2023/07/30 00:00:00,NMHC,0.12,0.07,0.12,0.1,0.07,0.06,0.08,0.09,0.09,0.1,0.07,0.12,0.09,0.06,0.06,0.07,0.15,0.09,0.1,0.12,0.16,0.18,0.15,0.14,
鳳山,2023/07/30 00:00:00,NO,0.4,0.4,0.8,0.9,0.6,0.6,1.3,2.7,3.2,3.1,2.7,2.5,2,1.8,1.8,2.9,3.1,2.8,2.3,1,1,2.2,1.3,0.6,
鳳山,2023/07/30 00:00:00,NO2,10.4,9.3,10.4,9.3,8.5,5.8,5.8,6.6,7.4,6.3,7.1,10.9,9.9,9.7,7.6,9.2,10.6,9.8,10.7,12.4,16.6,24.1,21.8,10.9,
鳳山,2023/07/30 00:00:00,NOx,10.9,9.8,11.2,10.2,9.2,6.5,7.1,9.3,10.6,9.5,9.8,13.4,12,11.6,9.5,12.1,13.7,12.6,13,13.4,17.7,26.4,23.2,11.6,
鳳山,2023/07/30 00:00:00,O3,5.9,6.3,5.7,8.5,6,10.2,10.1,13.6,16.5,20,28.8,39.8,49.7,51.8,34.3,25.1,17.7,19.4,17.5,15.6,9,2.2,3.8,9,
鳳山,2023/07/30 00:00:00,PM10,26,24,24,24,27,23,26,22,19,19,20,25,38,29,21,25,20,13,8,14,10,16,17,11,
鳳山,2023/07/30 00:00:00,PM2.5,6,15,10,11,10,9,7,7,5,6,10,9,12,13,10,9,8,8,4,6,6,8,8,6,
鳳山,2023/07/30 00:00:00,RAINFALL,0,0,0,0,0,0,0,0,0,0,0,0,0,0,0,0,0,2,0,0,0,0,0,0,
鳳山,2023/07/30 00:00:00,RH,91,92,91,92,94,94,93,85,74,72,67,67,71,69,70,72,74,86,96,94,94,94,94,95,
鳳山,2023/07/30 00:00:00,SO2,1.6,1.4,1.4,1,1.2,0.7,0.8,1.1,1,1.1,1.4,1.9,1.9,1.9,1.5,1.4,1.2,1.1,1,1.2,1,1.4,2.1,1.4,
鳳山,2023/07/30 00:00:00,THC,2.18,2.26,2.27,2.17,2.15,2.12,2.14,2.09,2.07,2.07,2.04,2.11,2.1,2.06,2.02,2.01,2.09,2.06,2.09,2.13,2.2,2.26,2.23,2.42,
鳳山,2023/07/30 00:00:00,WD_HR,93,89,303,290,319,92,100,344,283,294,306,274,260,253,267,267,273,292,297,74,68,82,88,76,
鳳山,2023/07/30 00:00:00,WIND_DIREC,102,242,301,281,98,92,90,80,300,271,359,262,276,255,245,294,307,278,71,71,358,51,76,72,
鳳山,2023/07/30 00:00:00,WIND_SPEED,0.5,0.3,0.3,0.4,0.4,0.3,0.3,0.7,0.6,0.9,0.7,1.1,1.2,1.2,0.9,1,0.9,0.6,0.3,0.3,0.3,0.3,0.4,0.3,
鳳山,2023/07/30 00:00:00,WS_HR,0.4,0.2,0.4,0.4,0.1,0.4,0.3,0.2,0.4,0.5,0.4,0.4,0.8,0.9,0.8,0.7,0.7,0.6,0.1,0.3,0.3,0.3,0.4,0.3,
鳳山,2023/07/31 00:00:00,AMB_TEMP,27.2,27.1,27,27,26.9,26.9,27.1,28.6,30.3,31.3,32.7,32.2,30.3,32.1,33.4,33.8,33.2,29,27.9,27,27.6,27.5,27.5,27.6,
鳳山,2023/07/31 00:00:00,CH4,2.21,2.32,2.36,2.26,2.21,2.16,2.12,2.02,1.98,1.98,#,2.05,2.01,1.97,#,#,1.92,1.97,2.03,2.09,2.11,2.1,2.07,2.14,
鳳山,2023/07/31 00:00:00,CO,0.28,0.26,0.24,0.23,0.22,0.23,0.33,0.45,0.52,0.44,#,#,#,0.48,0.5,0.49,0.51,0.39,0.4,0.36,0.43,0.39,0.33,0.37,
鳳山,2023/07/31 00:00:00,NMHC,0.11,0.08,0.06,0.05,0.05,0.07,0.1,0.1,0.12,0.11,#,0.26,0.19,0.13,#,#,0.14,0.12,0.12,0.09,0.15,0.15,0.11,0.15,
鳳山,2023/07/31 00:00:00,NO,0.7,0.7,0.7,0.8,0.9,0.8,1.3,2.9,5,5.6,#,#,#,#,3.3,3,4.3,1.2,1,1,0.8,1,1,0.8,
鳳山,2023/07/31 00:00:00,NO2,9.6,7.2,6.9,6.4,5.6,6.2,7,7.7,11.2,11,#,#,#,#,12.7,9.7,12.5,11.1,11.7,12,12.5,13.4,10.3,10.8,
鳳山,2023/07/31 00:00:00,NOx,10.3,8,7.7,7.3,6.5,7,8.4,10.6,16.3,16.6,#,#,#,#,16,12.7,16.8,12.4,12.8,13,13.4,14.4,11.3,11.6,
鳳山,2023/07/31 00:00:00,O3,8.8,9.7,9.7,11.5,11.2,12.1,11.7,13.9,18,21.5,#,#,40.2,45.2,39.8,36.9,29,37,30.5,29.2,26.7,21.4,20.6,15.8,
鳳山,2023/07/31 00:00:00,PM10,17,15,22,19,17,19,21,23,28,30,32,42,37,35,#,25,26,17,16,16,16,20,16,20,
鳳山,2023/07/31 00:00:00,PM2.5,A,A,A,A,A,A,A,A,A,A,#,18,18,19,#,14,8,4,2,2,6,8,9,8,
鳳山,2023/07/31 00:00:00,RAINFALL,0,0,0,0,0,0,0,0,0,0,0,0,4.5,#,#,0,0,0,0,0,0,0,0,0,
鳳山,2023/07/31 00:00:00,RH,96,96,97,96,97,96,96,90,81,72,67,71,89,80,67,64,65,82,88,90,90,91,92,92,
鳳山,2023/07/31 00:00:00,SO2,0.9,0.7,0.5,0.6,0.5,0.7,0.6,0.9,2.2,1.9,#,#,#,0.9,1.4,1.3,0.7,0.9,0.9,1.1,0.9,0.6,0.8,0.6,
鳳山,2023/07/31 00:00:00,THC,2.33,2.41,2.43,2.32,2.27,2.24,2.23,2.13,2.11,2.1,#,2.32,2.21,2.11,#,#,2.07,2.1,2.16,2.19,2.26,2.26,2.19,2.3,
鳳山,2023/07/31 00:00:00,WD_HR,90,89,91,99,94,97,91,101,293,284,354,#,235,286,281,282,295,106,110,105,97,98,89,85,
鳳山,2023/07/31 00:00:00,WIND_DIREC,100,37,96,106,103,105,101,284,286,97,#,#,235,291,280,278,109,101,97,84,65,79,82,76,
鳳山,2023/07/31 00:00:00,WIND_SPEED,0.4,0.4,0.7,0.4,0.4,0.4,0.3,0.5,1,0.6,#,#,0.5,1.3,1.1,1.1,1.3,1.2,0.8,0.5,0.4,0.5,0.4,0.3,
鳳山,2023/07/31 00:00:00,WS_HR,0.4,0.5,0.4,0.4,0.4,0.3,0.3,0.4,0.3,0.1,0.2,#,0.2,0.7,0.9,0.7,0.4,0.9,0.6,0.5,0.5,0.5,0.4,0.3,
鳳山,2023/08/01 00:00:00,AMB_TEMP,27.3,26.9,26.9,26.8,26.7,26.7,27.1,28.7,30.3,31.2,32.1,32,32.5,32.6,33,32.9,32.8,32.1,31.4,30.6,28.9,28.8,28.3,28.4,
鳳山,2023/08/01 00:00:00,CH4,2.15,2.15,2.08,2.06,2.04,2.1,2.13,2.08,2.03,2,2.01,2,2,1.99,2.01,#,1.97,1.95,1.94,2.01,2.07,2.14,2.17,2.08,
鳳山,2023/08/01 00:00:00,CO,0.28,0.23,0.2,0.18,0.18,0.22,0.34,0.44,0.46,0.59,0.59,0.6,0.51,0.41,0.5,#,0.62,0.77,0.68,0.61,0.37,0.38,0.34,0.31,
鳳山,2023/08/01 00:00:00,NMHC,0.1,0.07,0.03,0.03,0.03,0.06,0.09,0.09,0.11,0.14,0.17,0.22,0.13,0.09,0.11,#,0.15,0.19,0.16,0.17,0.1,0.1,0.08,0.08,
鳳山,2023/08/01 00:00:00,NO,0.8,0.6,0.5,0.5,0.5,0.6,2.4,5.1,5,3.2,7,3.7,2.4,1.6,1.5,#,2,2.6,2.6,2.3,0.4,0.4,0.3,0.3,
鳳山,2023/08/01 00:00:00,NO2,8.7,7,5.7,5,4.7,5,6.9,7.8,10,11.7,19.4,17.5,16.8,13,12.8,#,13.5,13.1,13.5,14.5,10,8.7,8.3,7.2,
鳳山,2023/08/01 00:00:00,NOx,9.6,7.7,6.2,5.6,5.2,5.6,9.4,13,15,14.9,26.4,21.2,19.2,14.6,14.3,#,15.6,15.7,16.1,16.9,10.5,9.2,8.7,7.6,
鳳山,2023/08/01 00:00:00,O3,15.7,13.1,12,10.3,9.3,6.5,5.4,8,18.9,32.5,30.6,42.6,55,62.5,#,63.2,49.5,33.9,26.3,25.7,37.6,34.7,33.4,35.4,
鳳山,2023/08/01 00:00:00,PM10,21,16,26,19,21,26,28,23,29,31,44,36,40,36,#,#,32,29,28,32,22,26,27,22,
鳳山,2023/08/01 00:00:00,PM2.5,8,8,8,6,2,3,11,8,9,16,16,22,21,12,21,#,13,12,7,9,12,15,19,16,
鳳山,2023/08/01 00:00:00,RAINFALL,0,0,0,0,0,0,0,0,0,0,0,0,0,0,#,0,0,0,0,0,0,0,0,0,
鳳山,2023/08/01 00:00:00,RH,93,94,92,91,91,91,89,85,76,71,71,72,71,69,69,68,67,68,67,79,90,91,92,91,
鳳山,2023/08/01 00:00:00,SO2,0.6,0.9,0.9,1,1,0.8,0.8,1.6,2.2,4.3,3.9,3,2.9,2.1,1.9,#,2.1,1.5,1.2,1.6,1.2,1.2,1.3,1.3,
鳳山,2023/08/01 00:00:00,THC,2.25,2.23,2.12,2.1,2.08,2.17,2.23,2.18,2.15,2.15,2.19,2.23,2.14,2.08,2.13,#,2.13,2.15,2.11,2.18,2.17,2.25,2.26,2.17,
鳳山,2023/08/01 00:00:00,WD_HR,94,93,99,94,103,93,90,94,90,113,236,274,259,262,282,285,278,286,286,276,101,90,87,91,
鳳山,2023/08/01 00:00:00,WIND_DIREC,55,60,93,82,108,99,89,113,96,102,254,292,85,232,295,295,286,279,254,105,98,92,78,138,
鳳山,2023/08/01 00:00:00,WIND_SPEED,0.3,0.3,0.4,0.4,0.4,0.4,0.4,0.5,0.7,0.8,1.1,0.7,1,1,1.1,1.2,1,1,0.5,0.6,0.7,0.4,0.3,0.3,
鳳山,2023/08/01 00:00:00,WS_HR,0.5,0.3,0.4,0.4,0.3,0.3,0.4,0.4,0.3,0.4,0.4,0.2,0.3,0.5,0.7,0.8,0.8,0.8,0.5,0.1,0.7,0.5,0.3,0.2,
鳳山,2023/08/02 00:00:00,AMB_TEMP,28.5,28.9,28.6,28.5,28.4,28.5,28.9,29.4,30.1,31.6,32.5,32.3,33.1,32.5,32.1,32.1,31.7,30.9,30.4,30.1,30.1,30.2,30,29.9,
鳳山,2023/08/02 00:00:00,CH4,2.09,2.1,2.16,2.11,2.13,2.12,2.05,2.04,2.06,2.02,2.03,1.94,1.93,1.93,1.92,1.91,1.91,1.92,1.91,1.91,1.92,1.92,1.94,1.94,
鳳山,2023/08/02 00:00:00,CO,0.33,0.31,0.28,0.23,0.24,0.26,0.36,0.59,0.62,0.49,0.61,0.54,0.44,0.36,0.34,0.33,0.43,0.56,0.54,0.45,0.36,0.37,0.28,0.21,
鳳山,2023/08/02 00:00:00,NMHC,0.09,0.11,0.14,0.09,0.09,0.1,0.11,0.17,0.18,0.13,0.24,0.17,0.11,0.07,0.06,0.06,0.09,0.12,0.11,0.1,0.07,0.07,0.04,0.02,
鳳山,2023/08/02 00:00:00,NO,0.5,0.6,0.5,0.7,0.8,1.8,4.1,11.2,9.9,4.6,5.5,6.1,4,3.4,3.8,3.4,3.3,2.8,3.5,2.2,2.4,2.1,1,0.8,
鳳山,2023/08/02 00:00:00,NO2,7.5,8.2,9.2,10.5,10.8,11.8,11.1,14.3,14.7,11.9,17.1,11.2,9.8,9.3,10.7,8,9.1,9.9,10,9,8.7,7.5,7.2,5.4,
鳳山,2023/08/02 00:00:00,NOx,8,8.9,9.7,11.2,11.7,13.7,15.2,25.5,24.6,16.6,22.6,17.3,13.8,12.8,14.6,11.5,12.5,12.7,13.5,11.3,11.2,9.6,8.2,6.3,
鳳山,2023/08/02 00:00:00,O3,32,28.7,22.3,19.2,14.1,10.3,8.3,6.3,10.7,27,26.2,20.1,24.6,29.1,30.4,29,27.3,34.4,25.5,24.6,21.5,22.7,27,28.8,
鳳山,2023/08/02 00:00:00,PM10,17,22,36,35,37,30,27,34,36,34,30,31,34,37,43,46,43,42,38,35,31,32,28,30,
鳳山,2023/08/02 00:00:00,PM2.5,16,16,17,17,17,11,10,13,17,15,16,4,7,9,13,13,9,13,10,7,9,8,8,10,
鳳山,2023/08/02 00:00:00,RAINFALL,0,0,0,0,0,0,0,0,0,0,0,0,0,0,0,0,0,0,0,0,0,0,0,0,
鳳山,2023/08/02 00:00:00,RH,89,89,91,92,92,92,91,89,86,72,70,73,70,73,75,74,75,79,83,87,86,86,86,86,
鳳山,2023/08/02 00:00:00,SO2,1.2,0.5,0.6,0.8,1.4,1.2,0.9,1.3,0.8,0.6,0.9,1.1,1.1,1.2,0.9,0.9,0.7,0.7,0.4,0.4,0.2,0.2,0.5,0.4,
鳳山,2023/08/02 00:00:00,THC,2.19,2.21,2.31,2.21,2.23,2.23,2.17,2.22,2.25,2.16,2.27,2.12,2.05,2.01,1.99,1.98,2.01,2.05,2.03,2.02,2,2,1.99,1.97,
鳳山,2023/08/02 00:00:00,WD_HR,8,305,307,287,286,291,281,280,291,281,291,283,283,283,283,285,282,284,279,285,291,289,289,293,
鳳山,2023/08/02 00:00:00,WIND_DIREC,36,239,285,288,295,293,280,282,291,278,286,289,278,274,279,290,276,286,280,301,290,280,302,300,
鳳山,2023/08/02 00:00:00,WIND_SPEED,0.3,0.3,0.7,1,0.5,0.8,1.3,1,0.9,0.9,1.2,2.2,1.5,1.9,2.2,2.2,2.1,2.2,1.6,1.1,1.2,1.1,1.1,1.3,
鳳山,2023/08/02 00:00:00,WS_HR,0.1,0.2,0.2,0.7,0.7,0.6,0.6,0.8,0.5,0.9,0.8,1.4,1.3,1.4,1.7,1.8,1.6,1.6,1.5,1.3,1.1,0.9,0.9,1,
鳳山,2023/08/03 00:00:00,AMB_TEMP,29.8,29.7,29.8,29.7,29.7,29.7,29.9,30.2,30.7,31.1,31.7,32,33.1,33.2,32.8,32.1,31.6,31.1,30.8,30.6,30.6,30.4,30.4,30.2,
鳳山,2023/08/03 00:00:00,CH4,1.95,1.94,1.93,1.93,1.93,1.93,1.94,1.92,1.91,1.91,1.91,1.92,1.92,1.91,1.91,1.91,1.91,1.91,1.91,1.91,1.92,1.92,1.93,1.93,
鳳山,2023/08/03 00:00:00,CO,0.18,0.16,0.15,0.14,0.15,0.2,0.32,0.54,0.51,0.5,0.5,0.53,0.43,0.3,0.32,0.38,0.38,0.54,0.45,0.36,0.34,0.28,0.22,0.15,
鳳山,2023/08/03 00:00:00,NMHC,0,0,0,0,0,0,0.03,0.11,0.1,0.11,0.12,0.13,0.11,0.05,0.08,0.11,0.09,0.14,0.1,0.06,0.06,0.04,0.01,0,
鳳山,2023/08/03 00:00:00,NO,0.7,0.3,0.3,0.4,0.7,0.8,1.3,3.5,4.7,6,4.7,4.5,4.7,3.1,3.8,3.7,4.3,5,3.9,2.3,2.6,2.2,1.2,0.8,
鳳山,2023/08/03 00:00:00,NO2,3.8,1.9,2.4,1.8,2.5,3.2,6,10.3,9.3,9.4,7.6,8,7.6,5.4,5.9,5.7,9.4,12.8,15,9.7,10.3,10.2,6.5,4.2,
鳳山,2023/08/03 00:00:00,NOx,4.5,2.3,2.7,2.2,3.3,4.1,7.3,13.9,14.1,15.5,12.3,12.6,12.3,8.5,9.7,9.5,13.7,17.9,19,12.1,13,12.4,7.7,5,
鳳山,2023/08/03 00:00:00,O3,38.3,38.3,35.5,33.2,31.1,34.1,32.7,22.4,16,16.1,15.9,20.4,20,21.4,17.4,16.2,15.2,13.7,12.9,17.3,14.4,14.1,18.1,21.7,
鳳山,2023/08/03 00:00:00,PM10,27,26,28,23,23,25,22,28,26,21,20,19,19,18,17,13,18,18,19,18,17,18,23,22,
鳳山,2023/08/03 00:00:00,PM2.5,11,10,9,6,7,9,8,6,6,5,3,5,7,6,3,1,0,3,3,4,5,4,2,1,
鳳山,2023/08/03 00:00:00,RAINFALL,0,0,0,0,0,0,0,0,0,0,0,0,0,0,0,0,0,0,0,0,0,0,0,0,
鳳山,2023/08/03 00:00:00,RH,87,86,85,87,89,88,88,89,87,85,74,71,67,67,69,73,78,85,88,89,88,89,89,90,
鳳山,2023/08/03 00:00:00,SO2,0.3,1.3,1.1,1,1,1.1,1.1,1.2,1.2,1.1,1.2,1.2,1.4,1.2,1.1,1.2,1.1,1.4,1.6,1.2,1.2,1,0.8,1,
鳳山,2023/08/03 00:00:00,THC,1.95,1.93,1.92,1.92,1.92,1.93,1.98,2.04,2.02,2.03,2.04,2.06,2.04,1.97,2,2.03,2.01,2.06,2.02,1.98,1.99,1.97,1.95,1.92,
鳳山,2023/08/03 00:00:00,WD_HR,286,287,291,291,293,294,293,287,290,281,285,290,295,281,288,285,283,288,296,295,296,283,287,282,
鳳山,2023/08/03 00:00:00,WIND_DIREC,283,291,284,271,286,291,290,286,297,286,279,291,298,269,294,272,271,301,309,280,285,288,273,278,
鳳山,2023/08/03 00:00:00,WIND_SPEED,1.3,1.6,1.6,1.2,0.7,1.4,1.4,1.4,1,1.6,1.2,1.4,1.5,1.4,1.9,1.4,1.5,1.7,1.4,1,0.9,1.1,1.3,1.8,
鳳山,2023/08/03 00:00:00,WS_HR,1.1,1.3,1.2,1,0.9,1,1.1,1.1,1,0.9,1,1.1,1.1,1.2,1.2,1.1,1.1,1,1,0.9,0.9,1,0.8,1.1,
鳳山,2023/08/04 00:00:00,AMB_TEMP,29.9,30,30,30,30,30.1,30.2,30.5,30.8,31.1,32.1,32,32.5,32.5,31.3,31.2,31.2,30.9,30.6,30.2,30.2,30.2,30.3,30.2,
鳳山,2023/08/04 00:00:00,CH4,1.93,1.93,1.91,1.91,1.91,1.91,1.91,1.92,1.92,1.91,1.91,1.9,1.91,1.91,1.91,1.92,1.93,1.93,1.92,1.91,1.9,1.91,1.91,1.91,
鳳山,2023/08/04 00:00:00,CO,0.14,0.12,0.11,0.11,0.12,0.14,0.21,0.36,0.34,0.3,0.32,0.35,0.31,0.23,0.23,0.3,0.39,0.51,0.44,0.38,0.38,0.36,0.27,0.21,
鳳山,2023/08/04 00:00:00,NMHC,0,0,0,0,0,0,0.01,0.05,0.07,0.06,0.06,0.08,0.06,0.04,0.04,0.07,0.09,0.14,0.1,0.08,0.1,0.09,0.05,0.02,
鳳山,2023/08/04 00:00:00,NO,0.7,0.7,0.5,0.6,0.5,0.7,1.3,2.5,3,3.1,3.4,3.6,3.9,3,2.8,2.9,3.7,4,3,2.9,2.6,2.7,1.6,1,
鳳山,2023/08/04 00:00:00,NO2,3.4,3.1,2.5,2.2,3.4,3.4,4.7,6.3,6.6,6.4,5.1,5.7,5.7,4.2,4.8,6.8,8.8,11,9.7,9.8,9.9,8.5,6.8,5.7,
鳳山,2023/08/04 00:00:00,NOx,4.1,3.9,3.1,2.9,3.9,4.1,6.1,8.9,9.7,9.6,8.5,9.3,9.7,7.2,7.7,9.7,12.6,15,12.7,12.7,12.6,11.2,8.5,6.8,
鳳山,2023/08/04 00:00:00,O3,19.5,18.4,19.6,18.9,17.5,21,17.2,17.3,18.1,18.6,19.1,19.8,20.6,21,23.4,22.5,20.8,16.8,16.6,16.5,16.3,16.7,18.1,20.1,
鳳山,2023/08/04 00:00:00,PM10,28,29,30,31,32,31,28,35,37,42,49,39,43,40,27,38,28,37,35,30,34,33,25,25,
鳳山,2023/08/04 00:00:00,PM2.5,0,0,2,5,8,5,2,7,6,11,13,13,9,10,5,5,7,6,6,7,5,8,8,4,
鳳山,2023/08/04 00:00:00,RAINFALL,0,0,0,0,0,0,0,0,0,0,0,0,0,0,0,0,0,0,0,0,0,0,0,0,
鳳山,2023/08/04 00:00:00,RH,91,91,90,89,90,90,90,89,89,88,84,78,79,76,74,81,79,85,87,86,89,89,88,87,
鳳山,2023/08/04 00:00:00,SO2,1,0.5,0.4,0.6,0.5,0.5,0.7,0.5,0.6,0.5,0.6,0.6,0.6,0.6,0.4,0.6,0.6,0.7,0.6,0.7,0.8,0.7,0.7,0.6,
鳳山,2023/08/04 00:00:00,THC,1.92,1.92,1.9,1.9,1.9,1.91,1.93,1.98,1.99,1.98,1.98,1.99,1.98,1.96,1.96,2,2.03,2.07,2.03,2,2.01,2,1.97,1.94,
鳳山,2023/08/04 00:00:00,WD_HR,284,296,300,291,298,297,295,298,289,285,282,290,287,285,285,294,290,281,269,284,286,289,300,312,
鳳山,2023/08/04 00:00:00,WIND_DIREC,297,303,306,304,286,302,307,301,294,274,277,274,283,298,283,294,300,272,284,277,274,264,307,308,
鳳山,2023/08/04 00:00:00,WIND_SPEED,1.6,1.8,1.6,1.6,1.4,1.5,2.1,2,2.1,2.3,2.4,1.8,2.4,2.4,2.3,1.5,1.3,1.4,1.4,1.4,1.1,0.8,0.7,0.8,
鳳山,2023/08/04 00:00:00,WS_HR,1.1,1.2,1.2,1.2,1.1,1.3,1.2,1.3,1.6,1.5,1.6,1.5,1.6,1.7,1.7,1.3,1.1,0.8,0.8,1,0.8,0.6,0.5,0.4,
鳳山,2023/08/05 00:00:00,AMB_TEMP,30.4,30.3,30.2,30.1,29.4,29.2,29.4,29.8,30.4,31.4,31.2,31.8,32.5,33.1,32.4,32,32.1,31.7,31.1,30.9,30.8,30.2,29.8,29.8,
鳳山,2023/08/05 00:00:00,CH4,1.91,1.91,1.92,1.93,1.94,1.92,1.92,1.93,1.93,1.93,1.93,1.93,1.93,1.93,1.93,1.93,1.94,1.94,1.94,1.93,1.93,1.94,1.93,1.93,
鳳山,2023/08/05 00:00:00,CO,0.18,0.14,0.13,0.13,0.12,0.15,0.19,0.29,0.35,0.36,0.34,0.37,0.31,0.28,0.23,0.3,0.39,0.43,0.43,0.37,0.38,0.36,0.26,0.19,
鳳山,2023/08/05 00:00:00,NMHC,0.01,0,0,0,0,0,0,0.15,0.06,0.09,0.06,0.07,0.05,0.04,0.02,0.04,0.09,0.1,0.07,0.07,0.06,0.06,0.03,0.01,
鳳山,2023/08/05 00:00:00,NO,0.7,0.3,0.1,0.2,0.1,0.4,0.5,1,2,2.9,2,2.9,3,2.2,1.7,1.7,2.1,2.4,1.8,1.7,1.6,1.8,1.3,0.6,
鳳山,2023/08/05 00:00:00,NO2,3.8,4.2,3.2,2.9,3,4,4.3,5.4,7.6,7.2,6,6.4,5.9,4.6,4.6,5.2,6.1,7.4,7.1,6.9,6.5,7.2,6.6,5.3,
鳳山,2023/08/05 00:00:00,NOx,4.6,4.5,3.3,3.2,3.1,4.4,4.8,6.5,9.6,10.1,8.1,9.3,8.9,6.9,6.3,7,8.2,9.8,9,8.6,8.2,9,7.9,6,
鳳山,2023/08/05 00:00:00,O3,20.6,19.9,21.4,21.1,21,24.6,21.3,19.3,18.1,20.2,21.2,20.3,21,25.3,26.9,24.3,21.8,20.5,18.5,20.3,19.7,16.5,16,18.6,
鳳山,2023/08/05 00:00:00,PM10,26,33,40,40,31,36,34,30,38,38,40,42,37,34,32,41,40,43,45,42,31,32,28,32,
鳳山,2023/08/05 00:00:00,PM2.5,5,7,8,15,7,9,9,11,11,10,9,11,11,11,10,13,12,17,15,13,13,7,5,9,
鳳山,2023/08/05 00:00:00,RAINFALL,0,0,0,0,6.5,2,0,0,0,0,0,0,0,0,0,0,0,0,0,0,0,1,0.5,0,
鳳山,2023/08/05 00:00:00,RH,87,88,90,92,95,97,95,92,90,87,88,86,84,78,80,83,82,84,87,87,86,90,92,92,
鳳山,2023/08/05 00:00:00,SO2,0.4,0.4,0.2,0.5,0.3,0.2,0.2,0.2,0.4,0.3,0.4,0.4,0.3,0.3,0.2,0.5,0.3,0.4,0.3,0.3,0.2,0.2,0.3,0.4,
鳳山,2023/08/05 00:00:00,THC,1.93,1.92,1.91,1.91,1.93,1.92,1.93,2.09,2,2.03,2,2.01,1.99,1.98,1.96,1.98,2.03,2.05,2.02,2.01,2,2.01,1.97,1.95,
鳳山,2023/08/05 00:00:00,WD_HR,302,300,306,293,288,284,296,290,292,285,293,276,285,285,283,285,293,293,288,293,282,299,293,297,
鳳山,2023/08/05 00:00:00,WIND_DIREC,287,288,313,300,294,301,283,284,286,274,280,265,288,297,267,310,294,297,260,304,284,306,291,283,
鳳山,2023/08/05 00:00:00,WIND_SPEED,1.1,0.8,0.9,1.2,1.5,1.4,1.4,1.3,1.2,1.6,1.6,2,2.6,2.1,2.3,1.5,1.4,1.5,1.2,1.2,0.7,0.9,0.9,1.1,
鳳山,2023/08/05 00:00:00,WS_HR,0.8,0.7,1,0.8,0.9,1.1,1.1,1.1,1,1.2,1.4,1.3,1.5,1.4,1.4,1.2,1.1,1.1,0.8,1,0.8,0.5,0.7,0.8,
鳳山,2023/08/06 00:00:00,AMB_TEMP,29.9,29.5,29.1,28.9,29.2,29.3,29.5,29.8,29.9,29.9,30.6,31,31.4,31.8,31.9,31.8,31.4,31.2,30.9,30.7,30.6,30.5,30.3,30.1,
鳳山,2023/08/06 00:00:00,CH4,1.93,1.95,1.95,1.94,1.94,1.91,1.92,1.92,1.93,1.94,1.93,1.92,1.91,1.91,1.92,1.92,1.93,1.93,1.94,1.95,1.95,1.95,1.95,1.94,
鳳山,2023/08/06 00:00:00,CO,0.15,0.14,0.12,0.13,0.13,0.15,0.21,0.29,0.37,0.36,0.34,0.37,0.27,0.22,0.23,0.25,0.32,0.43,0.47,0.42,0.38,0.32,0.26,0.19,
鳳山,2023/08/06 00:00:00,NMHC,0,0,0,0.01,0,0,0.02,0.04,0.07,0.08,0.09,0.09,0.04,0.03,0.04,0.04,0.06,0.08,0.11,0.09,0.09,0.06,0.03,0.01,
鳳山,2023/08/06 00:00:00,NO,0.4,1,0.8,0.7,0.5,0.7,1.2,1.3,2.1,2.3,2.6,2.8,2.2,2.1,2.4,2.2,2,2.9,3.2,2.5,3,1.8,1.3,1,
鳳山,2023/08/06 00:00:00,NO2,3.7,3,2.4,2.8,2.6,2.8,3.1,4.4,5.5,7.2,6,6.5,4.7,3.5,4,4.2,4.3,6.9,7.5,7.5,8.3,7.3,7,5.1,
鳳山,2023/08/06 00:00:00,NOx,4.2,4,3.3,3.6,3.1,3.5,4.3,5.7,7.7,9.6,8.7,9.4,6.9,5.6,6.5,6.5,6.3,9.8,10.7,10,11.3,9.1,8.4,6.1,
鳳山,2023/08/06 00:00:00,O3,17.5,17.6,18,17.7,19.4,25.2,18,17.1,17.9,19,22.6,22.9,21.4,16.5,15.4,17,16.7,14.9,12.9,13.5,16.6,18.7,19,19.9,
鳳山,2023/08/06 00:00:00,PM10,28,29,26,29,29,33,36,37,40,37,34,43,33,41,44,35,39,36,41,37,36,30,38,39,
鳳山,2023/08/06 00:00:00,PM2.5,8,5,6,6,6,5,11,11,11,12,12,8,9,7,8,11,11,10,16,11,10,13,11,12,
鳳山,2023/08/06 00:00:00,RAINFALL,0,0.5,6.5,0,0.5,0,0,0,0,1,0,0,0,0,0,0,0,0,0,0,0,0,0,0,
鳳山,2023/08/06 00:00:00,RH,91,93,94,96,95,94,93,92,92,94,90,89,87,86,86,86,86,87,87,88,88,89,90,91,
鳳山,2023/08/06 00:00:00,SO2,0.4,0.9,0.9,0.9,1,0.8,0.8,1,0.8,0.8,0.9,1.1,0.9,0.8,0.9,0.8,1,1,1,1.1,1,0.8,1,1,
鳳山,2023/08/06 00:00:00,THC,1.93,1.95,1.95,1.96,1.94,1.92,1.95,1.97,2.01,2.03,2.03,2.02,1.96,1.95,1.97,1.97,1.99,2.02,2.06,2.05,2.05,2.02,1.99,1.96,
鳳山,2023/08/06 00:00:00,WD_HR,296,303,299,299,294,297,298,299,299,297,295,286,293,293,291,286,288,283,292,296,299,302,300,307,
鳳山,2023/08/06 00:00:00,WIND_DIREC,301,300,283,300,296,303,296,291,300,291,293,278,280,287,285,284,285,288,303,275,305,310,302,304,
鳳山,2023/08/06 00:00:00,WIND_SPEED,1,0.5,0.6,1.1,1.1,1.3,1.2,1.2,1.1,1,1.5,1.6,2,1.4,2,1.8,1.6,1.1,0.8,0.7,0.9,1.2,0.8,0.6,
鳳山,2023/08/06 00:00:00,WS_HR,0.8,0.6,0.7,0.6,0.7,0.8,0.9,1,0.8,0.8,1,1,1.3,1.3,1.5,1.3,1.2,0.9,0.7,0.6,0.8,0.9,0.7,0.7,
鳳山,2023/08/07 00:00:00,AMB_TEMP,30,30,28.2,27.4,26.6,26.3,26.6,27.4,26.8,25.9,26.1,26.6,28.6,29.1,28.6,28.1,29.3,29.5,29.2,29,28.6,27.6,27.4,27.1,
鳳山,2023/08/07 00:00:00,CH4,1.93,1.94,2.12,2.1,1.98,2,2.02,2.06,2.03,2.03,2.03,2.02,1.98,1.99,1.99,1.97,1.97,1.96,1.97,1.98,1.98,2.02,2,2.04,
鳳山,2023/08/07 00:00:00,CO,0.15,0.12,0.13,0.11,0.11,0.13,0.26,0.39,0.38,0.27,0.4,0.36,0.29,0.33,0.4,0.35,0.54,0.79,0.8,0.7,0.47,0.44,0.26,0.22,
鳳山,2023/08/07 00:00:00,NMHC,0,0,0,0,0,0.02,0.06,0.07,0.07,0.14,0.19,0.29,0.14,0.1,0.11,0.11,0.17,0.22,0.22,0.21,0.12,0.12,0.06,0.07,
鳳山,2023/08/07 00:00:00,NO,0.7,0.3,0.5,0.5,0.5,0.7,1.1,2.3,2.4,2.1,2.7,4.5,3.8,2,3.6,2.9,5.1,7,4.3,5.5,1.7,2,0.7,0.4,
鳳山,2023/08/07 00:00:00,NO2,4.8,4.1,3.8,3.6,2.7,3.3,6.3,7.7,9.4,9.6,14.4,15.2,10.8,8.5,15.1,12.7,15.3,17.7,17.8,22.3,13.8,11.6,6.7,7.4,
鳳山,2023/08/07 00:00:00,NOx,5.6,4.5,4.4,4.1,3.3,4.1,7.5,10,11.8,11.7,17.2,19.7,14.6,10.5,18.8,15.6,20.5,24.7,22.2,27.9,15.6,13.6,7.4,7.9,
鳳山,2023/08/07 00:00:00,O3,19.5,19.2,15.2,16.1,19.5,20.8,14.8,13.7,14.2,14,10.8,11.3,20.4,27.1,19.5,16,14.3,12.8,10.3,6.1,12.2,14.2,15.9,14.2,
鳳山,2023/08/07 00:00:00,PM10,37,31,15,19,7,11,13,15,13,11,8,7,19,19,12,15,21,32,35,28,21,18,18,9,
鳳山,2023/08/07 00:00:00,PM2.5,10,10,5,1,4,3,1,4,3,3,2,3,7,8,9,6,9,10,11,11,7,6,4,1,
鳳山,2023/08/07 00:00:00,RAINFALL,0,0,1.5,2.5,6.5,3.5,0,0,35,30,23.5,2,0,0.5,1,3,0,0,0,0,1.5,1.5,0.5,0,
鳳山,2023/08/07 00:00:00,RH,91,90,93,96,97,98,98,94,98,100,100,100,95,93,96,98,95,93,95,96,95,98,99,99,
鳳山,2023/08/07 00:00:00,SO2,0.7,0.3,0.3,0.4,0.4,0.4,0.6,0.5,0.6,0.6,0.5,0.6,0.5,0.8,0.7,0.6,0.7,0.9,0.7,0.9,0.7,0.5,0.5,0.5,
鳳山,2023/08/07 00:00:00,THC,1.94,1.94,2.12,2.11,1.98,2.03,2.09,2.14,2.11,2.17,2.23,2.31,2.13,2.1,2.11,2.09,2.15,2.19,2.2,2.2,2.11,2.14,2.07,2.12,
鳳山,2023/08/07 00:00:00,WD_HR,305,320,100,118,90,89,96,109,92,101,69,109,105,113,121,75,358,279,311,324,351,319,62,93,
鳳山,2023/08/07 00:00:00,WIND_DIREC,306,345,92,202,191,88,97,214,98,109,78,138,91,140,230,69,268,318,293,310,41,25,59,109,
鳳山,2023/08/07 00:00:00,WIND_SPEED,0.7,0.9,1.3,0.8,0.9,0.3,0.5,1,0.7,0.9,0.4,0.3,1.2,0.5,0.5,0.4,0.7,0.6,0.4,0.3,0.3,0.3,0.3,0.5,
鳳山,2023/08/07 00:00:00,WS_HR,0.7,0.4,0.7,0.4,0.2,0.4,0.3,0.5,0.3,0.8,0.1,0.5,0.7,0.5,0.1,0.4,0,0.6,0.2,0.1,0.1,0.4,0.3,0.4,
鳳山,2023/08/08 00:00:00,AMB_TEMP,26.7,26.6,26.6,26.9,26.7,26.9,27.3,27.3,27.4,27.7,28.1,28.9,30.2,30.8,30.9,30.6,32.1,31.3,30.5,29.9,29.7,27.9,27.2,27.3,
鳳山,2023/08/08 00:00:00,CH4,2.06,2.07,2.13,2.06,2.06,2.29,2.25,2.09,2.11,2.06,2.11,2.09,2.03,2,1.99,1.98,1.97,1.97,1.98,1.98,2.04,2.02,2.03,2.16,
鳳山,2023/08/08 00:00:00,CO,0.17,0.15,0.13,0.14,0.17,0.29,0.57,0.66,0.94,0.63,0.41,0.49,0.3,0.27,0.25,0.4,0.59,0.89,0.98,0.77,0.52,0.41,0.27,0.41,
鳳山,2023/08/08 00:00:00,NMHC,0.04,0.01,0,0,0.02,0.1,0.25,0.21,0.31,0.32,0.15,0.17,0.1,0.06,0.07,0.12,0.14,0.26,0.26,0.2,0.2,0.14,0.05,0.18,
鳳山,2023/08/08 00:00:00,NO,0.6,1,1.1,1,1,1.1,3.4,7.3,11,10.1,7.3,6.9,4.2,2.6,2.2,3,6.5,6.6,6.6,4.2,1.3,1.7,1.1,1.1,
鳳山,2023/08/08 00:00:00,NO2,4.8,4.6,2.9,3.1,6.3,9.9,14.5,13.1,19.4,17,12.4,13.4,8.3,7,6.5,12.1,12.2,13.8,17.6,13.8,12.3,9.6,6,9.8,
鳳山,2023/08/08 00:00:00,NOx,5.4,5.6,4.1,4.2,7.4,11,18,20.4,30.5,27.1,19.7,20.3,12.6,9.7,8.7,15.1,18.8,20.5,24.3,18.1,13.6,11.4,7.2,10.9,
鳳山,2023/08/08 00:00:00,O3,16.2,15.3,16.2,15.5,16.3,9,4.3,8.7,3.4,5.2,9.1,9.9,20.2,24.6,25.9,24.3,22.5,20.2,15,14.9,13.5,17.2,19.4,12.2,
鳳山,2023/08/08 00:00:00,PM10,12,11,8,13,7,12,11,7,18,31,26,25,24,21,20,23,27,26,24,21,25,17,10,15,
鳳山,2023/08/08 00:00:00,PM2.5,1,4,5,2,0,1,2,4,6,11,9,9,9,7,9,7,8,7,8,8,9,6,4,5,
鳳山,2023/08/08 00:00:00,RAINFALL,0,0,0,6,2,0,0.5,5.5,0,0,0,0,0,0,0,0,0,0,0,0,0,8,0,1,
鳳山,2023/08/08 00:00:00,RH,98,98,98,97,100,100,100,99,99,99,97,94,89,85,78,81,73,75,81,88,89,94,97,99,
鳳山,2023/08/08 00:00:00,SO2,0.3,1,0.9,0.8,0.7,0.9,0.9,1.2,1,1.2,1.3,1.8,1.6,1.3,1.1,1.2,1.1,1.2,1.1,1.2,1,0.9,0.8,0.7,
鳳山,2023/08/08 00:00:00,THC,2.11,2.09,2.13,2.07,2.09,2.4,2.51,2.31,2.43,2.39,2.27,2.27,2.14,2.07,2.06,2.11,2.12,2.24,2.25,2.19,2.25,2.17,2.09,2.35,
鳳山,2023/08/08 00:00:00,WD_HR,98,98,99,116,58,29,70,85,67,89,98,98,102,111,103,308,290,299,286,318,80,278,86,58,
鳳山,2023/08/08 00:00:00,WIND_DIREC,96,99,93,269,74,42,68,93,96,59,84,100,103,109,327,109,305,293,278,28,108,95,67,241,
鳳山,2023/08/08 00:00:00,WIND_SPEED,0.8,1,0.4,0.8,0.3,0.3,0.3,0.7,0.5,0.5,0.5,0.5,0.7,0.9,0.7,0.4,1.2,0.6,0.3,0.3,0.3,0.3,0.3,0.7,
鳳山,2023/08/08 00:00:00,WS_HR,0.5,0.6,0.7,0.2,0.2,0.2,0.2,0.2,0.2,0.3,0.7,0.5,0.6,0.4,0.4,0.1,0.8,0.6,0.3,0.2,0.3,0.1,0.3,0.1,
鳳山,2023/08/09 00:00:00,AMB_TEMP,27.5,27.5,27.2,27,26.8,26.5,26.7,27,27,27.5,28.4,30.3,31,31.7,32.4,32.6,32,31.4,30.6,30.2,30.1,29.9,29.5,29.4,
鳳山,2023/08/09 00:00:00,CH4,2.01,2.01,2.02,2.11,2.17,2.22,2.11,2.03,2.02,2.08,1.99,1.97,1.95,1.97,1.96,1.95,1.95,1.95,1.97,1.96,1.96,1.96,1.95,1.99,
鳳山,2023/08/09 00:00:00,CO,0.23,0.17,0.15,0.16,0.18,0.2,0.29,0.47,0.45,0.32,0.29,0.25,0.29,0.41,0.34,0.37,0.45,0.65,0.76,0.58,0.48,0.43,0.28,0.21,
鳳山,2023/08/09 00:00:00,NMHC,0.03,0.03,0.03,0.05,0.04,0.02,0.04,0.09,0.1,0.13,0.15,0.08,0.06,0.12,0.09,0.11,0.17,0.18,0.19,0.14,0.12,0.11,0.06,0.03,
鳳山,2023/08/09 00:00:00,NO,1,0.1,0.6,0.5,0.3,0.7,0.9,2.6,4,4.5,4.2,2.4,1.6,10.4,3.7,4,7.9,5.7,5.2,3,2.4,1.9,0.9,0.7,
鳳山,2023/08/09 00:00:00,NO2,8.1,4,3.6,4,4.2,6.2,6.7,10.1,12.8,10,8.9,5.9,6.8,20.6,9.9,12.1,15.6,14,15.8,14.7,13.4,11.7,12.4,16,
鳳山,2023/08/09 00:00:00,NOx,9.1,4.1,4.2,4.6,4.5,6.9,7.7,12.7,16.8,14.6,13.1,8.3,8.5,31.1,13.7,16.2,23.5,19.8,21.1,17.7,15.9,13.6,13.3,16.7,
鳳山,2023/08/09 00:00:00,O3,22.4,23.2,21.9,19.9,17.7,14.9,12.6,11.2,10.9,12.6,16,24.6,29.3,21.3,27.4,22.6,16.9,16.9,14.2,15.6,16.5,17.7,14.5,10,
鳳山,2023/08/09 00:00:00,PM10,1,7,8,9,8,10,16,15,13,12,11,x,19,20,19,20,25,26,24,15,24,21,23,24,
鳳山,2023/08/09 00:00:00,PM2.5,3,3,6,7,4,5,4,6,7,6,6,#,5,9,5,4,11,10,6,7,4,0,5,7,
鳳山,2023/08/09 00:00:00,RAINFALL,5,0.5,0,0,0,5.5,0,7.5,0,0,0,0,1.5,0,0,0,0,0,0,0,0,0,0,0,
鳳山,2023/08/09 00:00:00,RH,99,99,98,98,99,99,99,98,99,97,94,87,79,83,70,68,73,74,81,86,87,89,92,92,
鳳山,2023/08/09 00:00:00,SO2,0.8,1.2,1,1,1,1.1,1.2,1.5,1.4,1.3,1.2,1.3,1,1.7,1.5,1.1,1.7,1.5,1.2,1.4,1.3,1.3,1.4,1.4,
鳳山,2023/08/09 00:00:00,THC,2.05,2.05,2.06,2.17,2.22,2.25,2.16,2.13,2.13,2.22,2.15,2.06,2.02,2.1,2.06,2.07,2.13,2.14,2.17,2.11,2.09,2.08,2.02,2.03,
鳳山,2023/08/09 00:00:00,WD_HR,108,103,93,94,99,100,94,96,101,100,104,96,162,165,273,284,266,269,288,295,277,313,29,88,
鳳山,2023/08/09 00:00:00,WIND_DIREC,111,88,84,95,98,99,92,91,100,109,104,84,44,254,274,282,259,294,312,310,287,309,84,115,
鳳山,2023/08/09 00:00:00,WIND_SPEED,0.5,0.3,0.3,0.6,0.5,0.6,0.3,0.4,1.2,0.9,1,0.5,0.5,1,0.9,1,1.2,0.8,1,0.5,0.5,0.3,0.3,0.4,
鳳山,2023/08/09 00:00:00,WS_HR,0.2,0.2,0.2,0.5,0.3,0.3,0.3,0.3,0.7,0.7,0.6,0.4,0.2,0.3,0.6,0.4,0.7,0.8,0.7,0.5,0.5,0.3,0.2,0.3,
鳳山,2023/08/10 00:00:00,AMB_TEMP,28.1,27.5,27.2,26.9,26.8,26.4,26.1,26,26.3,26.5,26.5,26.3,26.8,27.1,26.5,26.9,27.2,27.1,27.2,26.6,26.5,#,26.6,26.7,
鳳山,2023/08/10 00:00:00,CH4,2.05,2.02,1.99,2.02,2.06,2.04,2,2.03,2.05,2.09,2.03,2.03,2.09,2.09,2.03,2.06,2.1,2.09,2.12,2.04,2.04,#,2.07,2.12,
鳳山,2023/08/10 00:00:00,CO,0.2,0.15,0.13,0.14,0.15,0.17,0.21,0.42,0.54,0.36,0.36,0.37,0.39,0.43,0.34,0.47,0.76,1.04,1.21,0.74,0.54,#,0.41,0.39,
鳳山,2023/08/10 00:00:00,NMHC,0.03,0.01,0,0.02,0.02,0.01,0.03,0.08,0.15,0.13,0.14,0.19,0.21,0.15,0.17,0.29,0.28,0.35,0.46,0.23,0.14,#,0.13,0.17,
鳳山,2023/08/10 00:00:00,NO,0.7,0.7,0.7,0.6,0.7,1.3,1.1,1.3,3.7,3.8,3.4,3.1,3.6,3.6,2.7,3.5,7,9.4,10.8,7.2,2,#,1,1.1,
鳳山,2023/08/10 00:00:00,NO2,9.7,4,2.8,2.8,3.1,3.2,4,7.5,12.5,11.7,11.5,14.2,14.6,13.5,16,19.6,23.8,32.7,39.3,24.5,16.1,#,11.3,11.9,
鳳山,2023/08/10 00:00:00,NOx,10.5,4.8,3.6,3.4,3.8,4.5,5.2,8.8,16.3,15.6,14.9,17.3,18.3,17.1,18.7,23.1,30.8,42.2,50.2,31.8,18.1,#,12.3,13,
鳳山,2023/08/10 00:00:00,O3,17.1,20.6,21.6,20.8,19.1,21.1,20.2,15.3,10.6,10.2,14.1,15.8,15.7,17.4,17.8,15.7,11.7,5.7,2,7.6,13.5,#,13,10.1,
鳳山,2023/08/10 00:00:00,PM10,14,10,7,5,4,12,8,5,9,14,13,9,10,11,11,17,15,18,25,11,13,11,17,21,
鳳山,2023/08/10 00:00:00,PM2.5,5,2,2,2,1,2,1,0,5,6,6,6,6,6,2,6,8,11,18,6,8,9,11,10,
鳳山,2023/08/10 00:00:00,RAINFALL,18.5,0,0,0,0.5,12,21,0.5,5,0,21.5,11.5,1.5,0.5,2,0.5,0.5,0,0.5,17.5,0.5,#,0,0,
鳳山,2023/08/10 00:00:00,RH,95,97,96,97,98,99,99,100,99,99,99,100,100,100,99,98,98,99,99,100,100,#,99,100,
鳳山,2023/08/10 00:00:00,SO2,1.5,1,0.8,0.9,0.9,0.8,0.8,1,1,1,1.1,1,1,1,1.2,1.3,1.3,1.2,1.9,1.6,1.3,#,0.9,1.2,
鳳山,2023/08/10 00:00:00,THC,2.09,2.04,2,2.05,2.09,2.06,2.04,2.12,2.21,2.23,2.18,2.23,2.31,2.24,2.21,2.36,2.39,2.45,2.59,2.28,2.19,#,2.21,2.3,
鳳山,2023/08/10 00:00:00,WD_HR,110,103,110,93,95,98,83,99,114,99,108,90,98,294,98,68,56,4,30,92,89,#,60,78,
鳳山,2023/08/10 00:00:00,WIND_DIREC,50,106,96,92,97,103,96,91,98,118,74,81,86,352,88,320,336,22,358,117,54,109,54,103,
鳳山,2023/08/10 00:00:00,WIND_SPEED,0.3,0.6,0.4,0.6,0.4,0.9,0.5,0.7,0.6,0.4,0.7,0.5,0.5,0.5,0.3,0.3,0.3,0.3,0.3,0.4,0.3,0.4,0.3,0.3,
鳳山,2023/08/10 00:00:00,WS_HR,0.2,0.5,0.3,0.5,0.5,0.3,0.3,0.5,0.3,0.7,0.3,0.5,0.4,0.1,0.2,0.2,0.1,0.2,0.2,0.3,0.2,#,0.3,0.2,
鳳山,2023/08/11 00:00:00,AMB_TEMP,26.8,26.9,27,26.9,27.1,26.6,25.9,26,26.6,27.2,27.1,26.7,26.7,27.6,28.5,28.9,28.3,28.1,27.9,27.6,27.4,27.2,27.4,27.5,
鳳山,2023/08/11 00:00:00,CH4,2.11,2.11,2.01,2.02,2.02,2.12,2.04,2,2.11,2.14,2.06,2.02,2.04,2.05,2.08,2.04,1.98,1.96,2.01,2.06,2.28,2.42,2.21,2.08,
鳳山,2023/08/11 00:00:00,CO,0.23,0.15,0.14,0.17,0.18,0.17,0.25,0.42,0.47,0.59,0.55,0.54,0.45,0.39,0.49,0.72,0.47,0.44,0.54,0.54,0.42,0.46,0.4,0.27,
鳳山,2023/08/11 00:00:00,NMHC,0.07,0.02,0.02,0.04,0.03,0.04,0.03,0.08,0.11,0.18,0.31,0.31,0.32,0.2,0.25,0.79,0.2,0.21,0.21,0.24,0.13,0.15,0.11,0.06,
鳳山,2023/08/11 00:00:00,NO,1,0.4,0.5,0.4,0.7,0.6,1.1,1.2,3.5,6.1,7.7,5.3,4.9,5.9,7.4,11.2,4.7,2.4,1.5,1.8,1.2,1.7,1.9,0.9,
鳳山,2023/08/11 00:00:00,NO2,7.9,3.7,4.7,4.6,4.7,5.2,5.1,7.5,9.6,12.7,18.9,19.9,18.6,14.8,19.1,28.4,15.2,13.1,13.4,16.5,12.4,11.3,11.2,7.6,
鳳山,2023/08/11 00:00:00,NOx,9,4.1,5.2,5.1,5.4,5.9,6.2,8.7,13.2,18.9,26.7,25.2,23.6,20.8,26.6,39.6,19.9,15.6,15,18.3,13.7,13.1,13.2,8.6,
鳳山,2023/08/11 00:00:00,O3,15.9,16.3,15.1,15.7,15.8,16.3,16.7,16.1,10.6,8.1,8.5,9.8,9.8,12.8,12.1,10.5,13.4,14.2,11.9,8.5,9.7,5.5,7.9,12.2,
鳳山,2023/08/11 00:00:00,PM10,14,17,21,15,15,10,7,6,7,17,18,21,9,10,20,18,22,16,21,23,17,19,21,21,
鳳山,2023/08/11 00:00:00,PM2.5,5,2,6,6,4,4,2,0,3,8,7,10,6,5,10,6,8,5,3,7,5,8,6,3,
鳳山,2023/08/11 00:00:00,RAINFALL,0,0,0,9.5,0,12.5,19.5,0,0,0,0,1,1,0,0,0,0,0,0,0,0,0,0,0,
鳳山,2023/08/11 00:00:00,RH,100,99,99,100,100,100,100,100,100,98,97,98,99,98,94,91,92,95,96,96,96,97,95,96,
鳳山,2023/08/11 00:00:00,SO2,1.6,0.5,0.6,0.5,0.4,0.8,0.4,0.4,0.4,0.6,2.2,3,8.9,2.3,8,4.8,2.7,1.2,1.5,11.1,1.9,1,2.3,1.2,
鳳山,2023/08/11 00:00:00,THC,2.19,2.14,2.04,2.07,2.06,2.17,2.08,2.09,2.23,2.33,2.38,2.34,2.37,2.26,2.34,2.84,2.19,2.18,2.23,2.31,2.41,2.58,2.33,2.15,
鳳山,2023/08/11 00:00:00,WD_HR,100,112,74,61,67,97,101,91,102,91,87,94,74,83,334,301,93,110,100,83,86,75,96,82,
鳳山,2023/08/11 00:00:00,WIND_DIREC,90,117,327,58,76,66,92,98,109,244,85,70,81,54,342,99,84,113,92,74,110,64,97,77,
鳳山,2023/08/11 00:00:00,WIND_SPEED,0.4,0.8,0.3,0.3,0.3,0.4,0.7,0.7,0.6,0.4,0.3,0.3,0.4,0.3,0.3,0.4,0.5,0.7,0.5,0.6,0.3,0.3,0.4,0.4,
鳳山,2023/08/11 00:00:00,WS_HR,0.3,0.4,0.2,0.2,0.2,0.4,0.2,0.3,0.5,0.2,0.3,0.3,0.3,0.2,0.1,0.1,0.5,0.7,0.4,0.5,0.4,0.3,0.2,0.3,
鳳山,2023/08/12 00:00:00,AMB_TEMP,27.6,27.5,27.2,26.9,26.8,26.8,27.1,28.3,30,32.1,33.5,34.1,34.3,34.1,33.4,33.2,32.4,31.6,30.7,30.3,27.8,27,27.1,27.2,
鳳山,2023/08/12 00:00:00,CH4,2.04,2.01,2.04,2.13,2.24,2.47,2.45,2.29,2.13,2.03,1.97,1.93,1.92,1.93,1.92,1.92,1.91,1.92,1.94,1.93,1.96,1.97,1.98,2.08,
鳳山,2023/08/12 00:00:00,CO,0.21,0.25,0.2,0.27,0.25,0.24,0.36,0.36,0.42,0.47,0.42,0.35,0.3,0.28,0.26,0.26,0.3,0.45,0.42,0.31,0.29,0.23,0.22,0.2,
鳳山,2023/08/12 00:00:00,NMHC,0.04,0.11,0.06,0.11,0.15,0.1,0.12,0.08,0.09,0.11,0.12,0.1,0.06,0.07,0.05,0.03,0.06,0.1,0.1,0.08,0.04,0.03,0.04,0.04,
鳳山,2023/08/12 00:00:00,NO,0.9,0.6,0.8,1.3,0.8,0.5,2.5,2.9,4.1,3.1,4.9,3.9,3.7,3.4,3.4,3,3.7,4.6,2,0.9,1.2,0.5,0.6,0.6,
鳳山,2023/08/12 00:00:00,NO2,6.2,13.8,17.5,19.4,11.6,7.7,8.4,7.6,10.1,11.1,13.3,7.5,6.4,7.4,6.7,7.2,8.6,14.1,9.6,7.1,5.9,5.2,5.5,5.1,
鳳山,2023/08/12 00:00:00,NOx,7.1,14.4,18.4,20.8,12.4,8.2,10.9,10.6,14.2,14.3,18.3,11.5,10.2,10.8,10.2,10.2,12.4,18.8,11.6,8,7.2,5.8,6.2,5.7,
鳳山,2023/08/12 00:00:00,O3,13,9.6,5.6,2.7,7.1,11.3,8.3,12.9,20,28.7,23.7,24.5,21.5,21.3,20.9,20.1,18.3,12.8,15.4,20.2,21,20.8,18.9,18.8,
鳳山,2023/08/12 00:00:00,PM10,22,21,13,12,13,16,16,23,17,21,21,19,21,21,19,22,26,21,31,28,20,13,8,4,
鳳山,2023/08/12 00:00:00,PM2.5,4,4,3,4,5,4,3,4,5,6,4,7,6,4,4,10,11,10,16,12,10,7,4,5,
鳳山,2023/08/12 00:00:00,RAINFALL,0,0,0,0,0,0,0,0,0,0,0,0,0,0,0,0,0,0,0,0,21.5,2.5,0,0,
鳳山,2023/08/12 00:00:00,RH,96,97,98,99,100,100,99,94,86,68,62,60,59,59,62,61,66,70,77,83,96,99,99,98,
鳳山,2023/08/12 00:00:00,SO2,0.8,1.9,1.7,1.5,1.4,1.2,1.4,1.7,2.5,4,2.9,1.4,1.1,1.2,1.1,1.3,1.5,2.5,2.3,1.3,1.1,1.1,1.7,1.4,
鳳山,2023/08/12 00:00:00,THC,2.09,2.13,2.11,2.25,2.4,2.58,2.58,2.38,2.22,2.15,2.1,2.04,1.99,2.01,1.98,1.96,1.98,2.03,2.04,2.02,2.01,2.01,2.03,2.13,
鳳山,2023/08/12 00:00:00,WD_HR,109,10,47,69,68,89,79,113,97,123,245,277,272,276,258,263,172,223,108,114,123,94,89,96,
鳳山,2023/08/12 00:00:00,WIND_DIREC,62,21,63,69,81,107,99,138,113,155,246,303,252,278,260,152,106,167,101,108,129,85,103,88,
鳳山,2023/08/12 00:00:00,WIND_SPEED,0.3,0.3,0.3,0.3,0.3,0.3,0.4,0.4,0.4,0.4,0.9,1.1,1.2,1.1,0.8,1,0.7,0.6,1,0.6,0.8,0.6,0.5,0.3,
鳳山,2023/08/12 00:00:00,WS_HR,0.3,0.2,0.3,0.1,0.3,0.3,0.3,0.3,0.1,0.1,0.4,0.5,0.8,0.8,0.4,0.2,0.2,0.1,0.6,0.6,0.3,0.5,0.4,0.4,
鳳山,2023/08/13 00:00:00,AMB_TEMP,27.2,27.3,27.2,27.1,27.1,27,27.5,28.4,29.8,28.5,27.1,27.3,27.9,30.5,31.8,32,32.2,31,30.2,29.7,29.7,29.5,29.4,29.1,
鳳山,2023/08/13 00:00:00,CH4,2.12,2.16,2.23,2.23,2.31,2.31,2.34,2.32,2.5,2.34,2.09,1.99,2.03,2,1.92,1.92,1.92,1.92,1.93,1.93,1.94,1.96,2.04,2.02,
鳳山,2023/08/13 00:00:00,CO,0.24,0.21,0.18,0.17,0.2,0.22,0.32,0.36,0.38,0.38,0.33,0.35,0.3,0.28,0.29,0.33,0.39,0.42,0.52,0.45,0.44,0.38,0.35,0.23,
鳳山,2023/08/13 00:00:00,NMHC,0.04,0.06,0.04,0.04,0.06,0.06,0.09,0.08,0.09,0.09,0.07,0.1,0.07,0.03,0.05,0.08,0.08,0.14,0.17,0.15,0.15,0.11,0.09,0.05,
鳳山,2023/08/13 00:00:00,NO,0.7,0.5,0.6,0.6,0.6,0.8,2.1,2.9,3.1,2.1,1.5,2,2.2,1.9,1.6,2.8,4.5,2.9,2.9,2.2,2,2.2,1.1,0.9,
鳳山,2023/08/13 00:00:00,NO2,6.2,7,4.9,5.1,5.9,6.1,7.3,6.1,7.2,8.6,8.6,9.1,7.3,5.9,5.5,8.2,7.7,8.7,10.6,12,12.9,14.3,15.6,8.7,
鳳山,2023/08/13 00:00:00,NOx,7,7.5,5.5,5.7,6.6,7,9.4,9,10.4,10.8,10.1,11.2,9.6,7.9,7.1,11,12.3,11.7,13.6,14.3,15,16.5,16.8,9.6,
鳳山,2023/08/13 00:00:00,O3,15.1,13.4,10.9,9.4,7.4,9.5,6.4,9.8,16.3,19.6,17.5,17.2,21.3,29.1,28.5,24.2,20.9,20.4,18,14.3,13.7,11.2,8.6,15.5,
鳳山,2023/08/13 00:00:00,PM10,8,12,15,10,18,21,20,23,29,22,14,10,13,12,27,25,24,29,29,24,22,26,28,21,
鳳山,2023/08/13 00:00:00,PM2.5,4,2,2,4,7,9,8,10,12,9,7,4,5,5,6,7,9,6,7,11,10,7,11,7,
鳳山,2023/08/13 00:00:00,RAINFALL,0,0,0,0,0,0,0,0,0,8,0.5,0,0,0,0,0,0,0,0,0,0,0,0,0.5,
鳳山,2023/08/13 00:00:00,RH,99,98,97,98,97,98,96,92,89,96,99,99,95,85,73,71,71,77,86,89,90,90,91,93,
鳳山,2023/08/13 00:00:00,SO2,1.1,1,0.9,0.9,0.9,0.8,0.8,1.8,3.8,3.1,1,0.9,0.8,1.4,1.4,1.1,0.9,0.9,0.8,0.9,0.9,0.8,1.3,1.1,
鳳山,2023/08/13 00:00:00,THC,2.16,2.23,2.27,2.28,2.38,2.38,2.44,2.41,2.6,2.44,2.17,2.1,2.11,2.04,1.98,2.01,2.01,2.07,2.11,2.09,2.1,2.08,2.14,2.08,
鳳山,2023/08/13 00:00:00,WD_HR,30,90,85,82,83,88,88,111,104,96,101,90,101,113,259,257,279,264,297,358,322,22,125,88,
鳳山,2023/08/13 00:00:00,WIND_DIREC,355,81,91,33,77,83,71,85,94,85,141,95,98,271,254,247,311,308,271,305,277,27,165,319,
鳳山,2023/08/13 00:00:00,WIND_SPEED,0.3,0.4,0.3,0.3,0.3,0.3,0.4,0.5,0.7,0.5,0.4,0.3,0.5,0.6,1.3,1,0.8,0.4,0.3,0.3,0.3,0.3,0.4,0.3,
鳳山,2023/08/13 00:00:00,WS_HR,0.2,0.3,0.3,0.3,0.3,0.3,0.3,0.4,0.5,0.2,0.3,0.3,0.5,0.3,0.4,0.4,0.6,0.4,0.2,0.2,0.1,0.2,0.2,0.1,
鳳山,2023/08/14 00:00:00,AMB_TEMP,28,27.9,28.1,27.9,27.4,27.2,27.6,28.1,29,29.4,31.4,28,27.3,28.7,29.5,29.7,29.2,29.4,29.2,29,28.8,28.8,28.4,28.1,
鳳山,2023/08/14 00:00:00,CH4,2,2.03,2.18,2.57,2.39,2.12,2.07,2.06,2.05,2.03,#,2,1.99,1.96,1.98,2,2.02,2.01,2.05,2.15,2.14,2.3,2.34,2.45,
鳳山,2023/08/14 00:00:00,CO,0.19,0.21,0.21,0.24,0.21,0.23,0.3,0.48,0.43,0.33,#,0.32,0.28,0.24,0.25,0.28,0.36,0.36,0.58,0.96,1.28,1.39,0.73,0.44,
鳳山,2023/08/14 00:00:00,NMHC,0.04,0.04,0.09,0.07,0.04,0.04,0.06,0.11,0.1,0.08,#,0.11,0.12,0.05,0.08,0.1,0.11,0.12,0.23,0.49,0.5,0.66,0.4,0.2,
鳳山,2023/08/14 00:00:00,NO,0.9,0.9,0.7,0.7,0.8,1,1.3,3.1,4.7,3.8,#,#,2.5,2.2,2.1,1.9,2,2,1.4,4.3,10.8,18.5,6.9,3.2,
鳳山,2023/08/14 00:00:00,NO2,6.8,9.6,10.1,7.5,6.3,5.7,6.1,9.2,9.7,9.5,#,#,7.7,6.6,7.4,8,10,9,14,23.6,27.5,26.2,19.6,16.1,
鳳山,2023/08/14 00:00:00,NOx,7.7,10.5,10.9,8.2,7.1,6.7,7.5,12.4,14.5,13.3,#,#,10.3,8.8,9.5,10,12.1,11,15.4,27.9,38.3,44.8,26.5,19.4,
鳳山,2023/08/14 00:00:00,O3,19.2,13.8,10.9,5.8,5.3,10.5,8.3,7.2,10.8,16.7,A,16.8,18.6,24.5,26.2,23.6,#,#,14.5,4.2,2,1.1,1.1,2.1,
鳳山,2023/08/14 00:00:00,PM10,11,13,16,22,20,22,17,21,16,15,#,14,9,6,7,16,#,21,14,29,21,26,29,21,
鳳山,2023/08/14 00:00:00,PM2.5,7,9,7,7,8,10,10,8,8,8,#,11,8,3,2,5,#,11,8,12,12,10,13,10,
鳳山,2023/08/14 00:00:00,RAINFALL,0,0,0,0,1,0,0,0,0,0,#,14,0,0,0,0,#,0,0,0,0,0,0,0,
鳳山,2023/08/14 00:00:00,RH,96,97,96,98,98,99,96,94,91,90,83,95,99,94,90,88,89,89,90,90,91,92,94,95,
鳳山,2023/08/14 00:00:00,SO2,0.7,0.8,0.9,0.7,0.8,0.9,0.9,0.9,1,1.5,#,0.8,0.5,0.6,0.9,0.9,0.7,1.1,1.4,2.2,1.9,1.4,1.1,0.9,
鳳山,2023/08/14 00:00:00,THC,2.05,2.08,2.27,2.65,2.43,2.17,2.14,2.18,2.16,2.12,#,2.12,2.12,2.02,2.07,2.11,2.14,2.14,2.29,2.65,2.64,2.97,2.75,2.66,
鳳山,2023/08/14 00:00:00,WD_HR,11,61,85,86,98,81,96,97,99,107,283,116,101,109,110,97,117,110,92,42,31,63,85,88,
鳳山,2023/08/14 00:00:00,WIND_DIREC,67,69,83,91,250,45,73,115,103,90,145,231,81,125,109,113,134,91,90,12,31,85,87,75,
鳳山,2023/08/14 00:00:00,WIND_SPEED,0.3,0.3,0.7,0.4,0.6,0.3,0.3,0.4,0.5,0.3,0.7,1.1,0.5,0.9,0.8,0.7,1,0.5,0.4,0.3,0.3,0.5,0.3,0.3,
鳳山,2023/08/14 00:00:00,WS_HR,0.2,0.2,0.5,0.4,0.3,0.3,0.2,0.3,0.4,0.3,0.2,0.3,0.4,0.5,0.5,0.7,0.4,0.5,0.2,0.2,0.3,0.3,0.2,0.3,
鳳山,2023/08/15 00:00:00,AMB_TEMP,27.9,27.4,26.9,26.7,26.8,26.6,26.7,26.8,26.3,26.6,29,31.2,30.2,31.9,30,28.6,28.7,29.4,29.4,28.7,28.8,28.8,28.6,28.2,
鳳山,2023/08/15 00:00:00,CH4,2.33,2.09,2.11,2.07,2.01,2,2.05,2.09,2.05,2.06,2.06,2.02,2.01,1.94,1.95,2.01,2.06,2.04,2.02,2.11,2.17,2.08,2.15,2.17,
鳳山,2023/08/15 00:00:00,CO,0.26,0.18,0.17,0.18,0.16,0.18,0.27,0.47,0.41,0.37,0.3,0.37,0.45,0.35,0.35,0.3,0.4,0.53,0.68,1.07,1.54,1.1,0.75,0.45,
鳳山,2023/08/15 00:00:00,NMHC,0.08,0.05,0.02,0.02,0.01,0.01,0.04,0.09,0.09,0.11,0.1,0.13,0.15,0.09,0.07,0.1,0.17,0.25,0.23,0.41,0.57,0.41,0.35,0.27,
鳳山,2023/08/15 00:00:00,NO,1.6,0.1,0.2,0.3,0.3,0.4,1.1,4.3,4,5.3,4.9,2.8,7,3.1,3.5,1.9,1.7,1.7,1.1,5.3,15.3,9.8,3.5,2.8,
鳳山,2023/08/15 00:00:00,NO2,10.2,4.6,4.1,3.9,3.6,4.3,6,7.7,8.9,9.4,7.6,8.1,19.8,9.6,9.2,9.7,11.1,13.9,16.5,25.7,27.2,22.7,19.4,14.9,
鳳山,2023/08/15 00:00:00,NOx,11.8,4.8,4.3,4.2,4,4.7,7.1,12.1,12.9,14.8,12.5,11,26.9,12.8,12.7,11.7,12.8,15.6,17.7,31.1,42.6,32.5,22.9,17.7,
鳳山,2023/08/15 00:00:00,O3,3.4,5,4.3,6.1,12,12.2,8.3,5.7,5.6,6.5,15.4,25,22,25.7,18.8,17.8,16.5,14.4,11.9,3.4,1.4,2.6,2.7,3.7,
鳳山,2023/08/15 00:00:00,PM10,21,15,24,20,9,12,17,20,10,10,21,21,23,25,18,17,19,20,23,27,40,24,25,29,
鳳山,2023/08/15 00:00:00,PM2.5,10,5,5,7,5,6,6,4,8,8,7,7,15,8,9,5,3,9,11,12,24,13,11,8,
鳳山,2023/08/15 00:00:00,RAINFALL,0,0,3,1,0.5,0,0,3.5,0.5,0,0,0,0.5,0,1.5,0,0,0,0,0,0,0,0,0,
鳳山,2023/08/15 00:00:00,RH,95,94,97,98,99,99,98,98,99,99,91,83,89,81,92,94,93,90,90,94,94,93,94,96,
鳳山,2023/08/15 00:00:00,SO2,0.7,1.1,1.2,1,0.9,1,1.3,1.3,1.1,1.1,1.7,1.9,1.7,1.1,1.2,1.1,1.5,1.3,1.5,1.4,1.5,1.5,1.2,1.3,
鳳山,2023/08/15 00:00:00,THC,2.42,2.15,2.14,2.1,2.03,2.02,2.1,2.19,2.15,2.18,2.16,2.16,2.17,2.04,2.03,2.12,2.24,2.3,2.25,2.53,2.75,2.5,2.51,2.45,
鳳山,2023/08/15 00:00:00,WD_HR,94,100,105,132,92,115,83,109,109,103,107,108,112,288,300,99,104,75,64,36,350,324,66,94,
鳳山,2023/08/15 00:00:00,WIND_DIREC,91,111,109,236,106,125,94,106,74,129,116,81,94,289,112,97,99,79,62,345,322,321,82,96,
鳳山,2023/08/15 00:00:00,WIND_SPEED,0.5,0.7,0.6,0.6,0.4,0.7,0.4,0.6,0.3,0.5,0.6,0.5,0.5,1.2,0.8,0.6,0.5,0.3,0.3,0.3,0.3,0.3,0.3,0.3,
鳳山,2023/08/15 00:00:00,WS_HR,0.4,0.4,0.6,0.1,0.2,0.2,0.3,0.3,0.3,0.3,0.5,0.1,0.2,0.8,0.3,0.6,0.5,0.3,0.3,0.3,0.2,0.2,0.3,0.3,
鳳山,2023/08/16 00:00:00,AMB_TEMP,27.9,27.6,27.5,27.4,27.2,26.8,26.7,27.7,29.7,30.1,28.2,28.2,28.4,30.2,29.9,28.6,28.2,27.6,27.1,27.2,27.2,27.2,27.2,27.2,
鳳山,2023/08/16 00:00:00,CH4,2.11,2.09,2.08,2.09,2.1,2.15,2.09,2.07,2.01,2.05,1.98,1.98,2.02,1.95,1.98,2.01,2,2.03,2.04,2.13,2.19,2.2,2.28,2.16,
鳳山,2023/08/16 00:00:00,CO,0.3,0.22,0.18,0.17,0.18,0.22,0.29,0.56,0.62,0.37,0.38,0.4,0.48,0.43,0.33,0.32,0.41,0.66,0.53,0.67,0.6,0.54,0.59,0.43,
鳳山,2023/08/16 00:00:00,NMHC,0.13,0.08,0.04,0.04,0.04,0.04,0.05,0.13,0.17,0.16,0.14,0.15,0.16,0.11,0.11,0.13,0.17,0.22,0.19,0.28,0.29,0.22,0.26,0.17,
鳳山,2023/08/16 00:00:00,NO,0.4,0.1,0.4,0.3,0.5,0.7,1.5,5,6.2,4,2.6,3.4,3.2,2.8,2.6,2.1,2.1,3.9,2.6,1.1,2.9,1.4,2.1,1.3,
鳳山,2023/08/16 00:00:00,NO2,8.4,6.2,5,3.9,4.6,4.7,5.8,8,10.7,8.8,8.6,10.8,13.1,9.2,8,9.2,10.9,18.3,19.2,19.3,20.4,16.8,16.6,11.5,
鳳山,2023/08/16 00:00:00,NOx,8.9,6.4,5.5,4.3,5.1,5.5,7.3,13.1,16.9,12.9,11.3,14.3,16.4,12.1,10.6,11.4,13.1,22.3,21.8,20.4,23.4,18.3,18.7,12.9,
鳳山,2023/08/16 00:00:00,O3,5.8,4.7,4.2,4,2.4,4.3,6.3,5.2,13.2,13.5,13,13.6,15.9,18.4,20.4,15.1,13.3,8.7,7.3,5.3,2.6,4,2.2,7,
鳳山,2023/08/16 00:00:00,PM10,21,17,20,28,26,21,19,25,27,30,22,26,19,26,23,16,10,12,13,17,24,24,26,17,
鳳山,2023/08/16 00:00:00,PM2.5,7,6,4,9,8,8,9,10,16,11,8,10,10,8,6,6,7,9,10,12,16,12,12,12,
鳳山,2023/08/16 00:00:00,RAINFALL,0,0,0,0,0.5,6,3,0,0,0,3.5,6.5,1,0,0,0,1,0.5,1.5,0,0,0,0,0,
鳳山,2023/08/16 00:00:00,RH,97,98,95,94,96,99,99,95,91,88,94,97,98,92,90,92,93,96,99,99,99,99,99,97,
鳳山,2023/08/16 00:00:00,SO2,1.1,0.7,0.6,0.5,0.6,0.5,0.6,0.8,1.1,1,0.8,0.8,0.9,0.7,0.7,0.9,0.9,0.7,1.4,1.2,1.4,1.3,0.8,0.7,
鳳山,2023/08/16 00:00:00,THC,2.25,2.18,2.13,2.13,2.15,2.2,2.15,2.21,2.19,2.22,2.13,2.14,2.19,2.07,2.09,2.15,2.18,2.26,2.24,2.42,2.49,2.43,2.55,2.34,
鳳山,2023/08/16 00:00:00,WD_HR,104,98,89,90,110,83,100,84,97,113,110,110,96,291,77,94,114,80,76,90,89,75,83,279,
鳳山,2023/08/16 00:00:00,WIND_DIREC,102,75,112,95,132,347,105,73,348,112,99,80,85,297,90,102,84,308,77,100,76,76,102,181,
鳳山,2023/08/16 00:00:00,WIND_SPEED,0.4,0.4,0.3,0.3,0.6,0.5,0.5,0.3,0.3,0.7,0.5,0.8,0.3,0.9,0.7,0.6,0.7,0.4,0.3,0.3,0.3,0.3,0.4,0.3,
鳳山,2023/08/16 00:00:00,WS_HR,0.3,0.3,0.4,0.3,0.4,0.2,0.3,0.2,0.2,0.3,0.4,0.4,0.3,0.6,0.2,0.4,0.6,0.1,0.3,0.3,0.2,0.2,0.2,0.1,
鳳山,2023/08/17 00:00:00,AMB_TEMP,27.2,26.9,26.9,27,26.9,25.7,25.3,24.4,24.9,25.5,25.7,25.8,25.8,25.6,25.6,25.8,26.3,26.6,26.3,26.2,26.1,26.2,26.5,26.3,
鳳山,2023/08/17 00:00:00,CH4,2.1,2.21,2.24,2.26,2.32,2.04,2.08,2.03,2.08,2.14,#,2.17,2.14,2.04,2.02,2.03,2.05,2.12,2.14,2.15,2.27,2.24,2.22,2.34,
鳳山,2023/08/17 00:00:00,CO,0.29,0.32,0.31,0.31,0.23,0.19,0.24,0.43,0.71,0.75,0.67,0.84,0.8,0.39,0.38,0.39,0.41,0.56,0.61,0.87,0.88,1.12,0.92,1.01,
鳳山,2023/08/17 00:00:00,NMHC,0.15,0.19,0.16,0.14,0.12,0.03,0.05,0.08,0.2,0.28,#,0.37,0.35,0.13,0.15,0.12,0.15,0.23,0.25,0.31,0.39,0.44,0.33,0.42,
鳳山,2023/08/17 00:00:00,NO,0.7,0.6,0.6,0.7,0.6,0.8,0.6,4.1,2.6,2.4,2.7,3.8,31.7,5.7,2.4,1.8,2.9,1.9,1.5,2.4,1.3,5.4,3.1,5.9,
鳳山,2023/08/17 00:00:00,NO2,6.6,8.4,8.3,8.6,6.7,4.6,6.8,12.6,22.2,27.8,23,33.2,46.5,42.2,18.1,17.7,21,18.9,18.8,24.7,26.8,27.2,20,24.7,
鳳山,2023/08/17 00:00:00,NOx,7.3,9,9,9.3,7.3,5.5,7.5,16.8,24.9,30.2,25.7,37,78.2,47.9,20.5,19.6,23.9,20.8,20.4,27.2,28.1,32.6,23.2,30.7,
鳳山,2023/08/17 00:00:00,O3,11.3,8.8,7,4.4,4,33.3,29.5,33.7,23.8,14.5,18.1,11.5,1.9,8,30,34.5,28.6,28,23.2,13.5,8.1,4.1,4.2,1.1,
鳳山,2023/08/17 00:00:00,PM10,21,22,23,22,18,7,6,5,7,7,7,18,17,9,15,7,19,27,18,22,27,27,21,20,
鳳山,2023/08/17 00:00:00,PM2.5,11,9,11,6,5,3,0,0,2,6,5,7,9,6,4,0,1,15,9,12,11,15,9,8,
鳳山,2023/08/17 00:00:00,RAINFALL,0,0,0,0,1.5,22.5,20.5,61.5,9.5,0.5,0.5,0.5,0.5,2,0,0,0,0,0,0,0,0,0,0,
鳳山,2023/08/17 00:00:00,RH,96,98,98,98,99,100,100,100,100,100,100,100,100,100,100,99,98,97,99,99,99,99,98,99,
鳳山,2023/08/17 00:00:00,SO2,0.6,0.6,0.4,0.5,0.5,0.5,0.3,0.5,0.5,0.6,0.7,0.7,1.3,1.4,0.8,0.7,1.4,3.3,1.4,0.9,1,1.3,0.9,0.8,
鳳山,2023/08/17 00:00:00,THC,2.26,2.4,2.41,2.41,2.45,2.08,2.14,2.12,2.29,2.42,#,2.55,2.5,2.18,2.18,2.16,2.21,2.36,2.4,2.47,2.67,2.69,2.56,2.77,
鳳山,2023/08/17 00:00:00,WD_HR,38,37,30,50,84,314,95,250,356,83,56,47,356,20,303,38,94,92,71,47,60,321,340,50,
鳳山,2023/08/17 00:00:00,WIND_DIREC,52,283,74,77,301,272,123,350,335,97,28,309,11,272,297,132,105,77,55,66,13,104,340,83,
鳳山,2023/08/17 00:00:00,WIND_SPEED,0.3,0.3,0.3,0.3,0.4,0.3,0.5,0.3,0.3,0.3,0.3,0.3,0.3,0.3,0.3,0.3,0.4,0.3,0.3,0.3,0.3,0.3,0.3,0.3,
鳳山,2023/08/17 00:00:00,WS_HR,0.1,0.2,0.2,0.2,0.2,0.3,0.3,0.2,0.1,0.2,0.1,0.1,0.1,0.1,0.2,0.1,0.3,0.3,0.2,0.2,0.1,0.1,0.1,0.2,
鳳山,2023/08/18 00:00:00,AMB_TEMP,26.3,26.3,26.2,25.9,25.9,26,26,25.9,26.2,26.3,27.4,29.3,28.7,28.5,28.2,28.5,28.9,28.3,27.7,27.5,27.3,27.4,27.6,27.4,
鳳山,2023/08/18 00:00:00,CH4,2.37,2.46,2.65,2.73,2.67,2.56,2.54,2.51,2.5,2.59,2.33,2.08,2.01,2,1.98,1.97,1.97,1.96,1.97,1.97,1.99,1.99,1.98,2.03,
鳳山,2023/08/18 00:00:00,CO,0.48,0.54,0.54,0.43,0.4,0.53,0.76,0.89,0.82,0.72,0.68,0.53,0.63,0.7,0.37,0.38,0.48,0.43,0.47,0.35,0.35,0.33,0.26,0.24,
鳳山,2023/08/18 00:00:00,NMHC,0.16,0.2,0.25,0.17,0.14,0.18,0.26,0.3,0.27,0.27,0.27,0.18,0.16,0.11,0.09,0.09,0.15,0.1,0.1,0.1,0.12,0.07,0.03,0.06,
鳳山,2023/08/18 00:00:00,NO,1.7,1.3,1.9,1.3,1.1,1.6,2.8,5.8,7.4,4.6,13,5.6,3.5,7,2.4,2.5,3.8,2,2.1,1.3,0.8,1,1,1,
鳳山,2023/08/18 00:00:00,NO2,9.3,13.5,18.2,11.6,7.9,10.5,18,23.1,21.6,23.4,24.4,16.2,15.7,17.7,10.4,11.4,17.3,12.5,9.1,9,8.7,7.8,7,5.8,
鳳山,2023/08/18 00:00:00,NOx,11.1,14.8,20.1,13,9.1,12.2,20.9,28.9,29,28,37.4,21.8,19.2,24.7,12.9,13.9,21.1,14.5,11.2,10.4,9.5,8.8,8.1,6.8,
鳳山,2023/08/18 00:00:00,O3,8.3,5.6,2.4,9,13.3,13.6,8.2,4.4,12.8,12.9,13.7,32.9,32.5,22.7,28.6,26.8,23,25.7,26.3,26.9,25.2,28.5,30.5,27.8,
鳳山,2023/08/18 00:00:00,PM10,20,24,22,32,28,22,24,32,24,29,30,29,21,19,18,16,15,14,13,21,11,10,12,10,
鳳山,2023/08/18 00:00:00,PM2.5,6,14,11,21,13,16,15,17,18,18,17,7,9,11,8,5,7,6,6,6,4,3,1,1,
鳳山,2023/08/18 00:00:00,RAINFALL,0,0,0,0,0,1.5,0,2,0,0,0,0,0,0,0,0,0,0,0,0,0,0,0,0,
鳳山,2023/08/18 00:00:00,RH,99,99,100,100,100,100,100,100,100,100,97,89,90,90,92,90,89,91,93,93,94,94,94,95,
鳳山,2023/08/18 00:00:00,SO2,0.9,0.9,1.8,1.2,0.8,0.7,1.1,1.3,4.4,5,4.3,2.8,2,5.7,1.3,0.9,1.7,1.6,0.6,0.9,0.6,0.7,0.6,0.3,
鳳山,2023/08/18 00:00:00,THC,2.54,2.67,2.91,2.91,2.81,2.75,2.81,2.81,2.78,2.87,2.61,2.26,2.18,2.12,2.07,2.07,2.13,2.07,2.08,2.08,2.12,2.07,2.02,2.1,
鳳山,2023/08/18 00:00:00,WD_HR,117,349,69,78,26,353,24,74,73,81,131,135,115,112,114,101,30,105,121,105,109,115,97,86,
鳳山,2023/08/18 00:00:00,WIND_DIREC,335,63,83,51,333,325,63,115,71,128,117,189,55,118,217,64,337,113,108,102,110,90,104,90,
鳳山,2023/08/18 00:00:00,WIND_SPEED,0.3,0.3,0.3,0.3,0.3,0.3,0.3,0.3,0.4,0.3,0.7,1.2,0.9,1.3,0.8,0.5,0.6,1.1,1,0.8,1.1,0.7,0.7,0.4,
鳳山,2023/08/18 00:00:00,WS_HR,0,0.2,0.2,0.2,0.1,0.1,0.2,0.2,0.2,0.2,0.1,0.6,0.4,0.6,0.6,0.5,0.1,0.6,0.5,0.7,0.6,0.5,0.5,0.3,
鳳山,2023/08/19 00:00:00,AMB_TEMP,26.8,26.5,26.4,26.2,26.2,26,26.6,28.1,28.5,27.1,27.8,29.6,30.7,30.9,30,28.9,27.2,27.2,27.4,26.9,26.8,26.8,26.7,26.5,
鳳山,2023/08/19 00:00:00,CH4,2.22,2.17,2.21,2.3,2.51,3.04,2.87,2.58,2.27,2.03,1.94,1.92,1.91,1.94,1.93,1.93,1.95,1.95,1.98,1.98,2.05,2.11,2.1,2.19,
鳳山,2023/08/19 00:00:00,CO,0.24,0.19,0.18,0.18,0.19,0.29,0.4,0.36,0.44,0.52,0.34,0.35,0.26,0.53,0.78,0.33,0.44,0.52,0.61,0.48,0.5,0.39,0.49,0.52,
鳳山,2023/08/19 00:00:00,NMHC,0.06,0.09,0.07,0.06,0.06,0.09,0.13,0.09,0.11,0.14,0.11,0.16,0.07,0.1,0.1,0.11,0.17,0.16,0.18,0.15,0.16,0.15,0.17,0.21,
鳳山,2023/08/19 00:00:00,NO,1.1,1,0.8,0.7,0.9,1.1,2.2,3,2.7,2.9,4,2.9,2.5,6.9,6.3,2.4,2.8,3.2,2.5,2,1.9,1.5,1.9,2.8,
鳳山,2023/08/19 00:00:00,NO2,6.2,7.3,5.6,5.2,4.2,6.1,8.3,7.4,9.9,13.3,10.1,9.8,4.9,12.3,14.1,10.8,14.1,15.4,17.5,16.9,16.7,15.3,12.9,15.2,
鳳山,2023/08/19 00:00:00,NOx,7.3,8.4,6.4,6,5.1,7.3,10.5,10.5,12.7,16.2,14.2,12.8,7.5,19.2,20.5,13.3,16.9,18.6,20.1,18.9,18.7,16.8,14.8,18,
鳳山,2023/08/19 00:00:00,O3,18.8,17.6,20.2,18.3,18.2,7.8,8.2,16.3,16.7,14,20.9,32.1,27,18.7,11.7,15.1,15.5,14,6.3,6.6,5.3,6.4,7.3,3.9,
鳳山,2023/08/19 00:00:00,PM10,10,17,12,15,15,18,22,21,15,18,16,19,17,13,19,11,11,19,18,13,12,22,16,18,
鳳山,2023/08/19 00:00:00,PM2.5,0,1,1,1,4,3,4,7,4,8,8,8,6,7,5,4,2,2,4,4,8,11,9,6,
鳳山,2023/08/19 00:00:00,RAINFALL,0,0,0,0,0,0,0,0,0,1,0,0,0,0,0,1.5,1,0,0,0,0,0,0,0,
鳳山,2023/08/19 00:00:00,RH,98,97,95,94,94,97,93,87,88,93,94,89,85,73,77,90,99,98,98,98,98,99,97,98,
鳳山,2023/08/19 00:00:00,SO2,1.4,4.6,3.1,2.3,0.9,0.6,1.2,3.7,5.1,1.6,1.4,0.8,0.6,2.4,7.6,1.1,0.4,0.7,1,3.9,6.4,22,10.2,2.3,
鳳山,2023/08/19 00:00:00,THC,2.29,2.27,2.28,2.37,2.58,3.14,3.01,2.68,2.39,2.18,2.06,2.09,1.99,2.05,2.04,2.04,2.13,2.12,2.16,2.14,2.22,2.27,2.28,2.41,
鳳山,2023/08/19 00:00:00,WD_HR,80,79,79,77,79,81,73,98,115,102,112,140,117,114,103,123,337,30,98,90,83,88,344,53,
鳳山,2023/08/19 00:00:00,WIND_DIREC,86,76,23,54,71,81,78,167,100,95,121,162,121,265,95,294,296,12,123,61,78,76,325,75,
鳳山,2023/08/19 00:00:00,WIND_SPEED,0.5,0.5,0.3,0.3,0.3,0.3,0.9,0.7,0.4,1,1.2,0.8,1.4,1,0.8,0.9,0.3,0.3,0.4,0.3,0.4,0.3,0.3,0.3,
鳳山,2023/08/19 00:00:00,WS_HR,0.4,0.3,0.2,0.3,0.3,0.3,0.4,0.4,0.4,0.3,0.8,0.4,0.7,0.4,0.3,0.3,0.2,0.1,0.3,0.2,0.3,0.2,0.2,0.2,
鳳山,2023/08/20 00:00:00,AMB_TEMP,26.4,26.4,26.5,26.4,26.4,26.3,26.4,27.3,29.9,31.6,33.1,33.3,34.2,33.9,33.3,32.7,32,31.1,30.4,29.9,29.9,29.7,29.6,29.5,
鳳山,2023/08/20 00:00:00,CH4,2.36,2.33,2.24,2.14,2.11,2.13,2.39,2.28,2,1.93,1.92,1.89,1.89,1.88,1.89,1.89,1.88,1.87,1.88,1.89,1.9,1.92,1.92,1.91,
鳳山,2023/08/20 00:00:00,CO,0.43,0.27,0.21,0.18,0.16,0.19,0.25,0.28,0.28,0.34,0.5,0.36,0.25,0.23,0.23,0.27,0.27,0.31,0.34,0.27,0.29,0.34,0.33,0.22,
鳳山,2023/08/20 00:00:00,NMHC,0.19,0.13,0.06,0.03,0.02,0.04,0.07,0.05,0.05,0.03,0.1,0.05,0.04,0.02,0.05,0.07,0.03,0.04,0.06,0.05,0.07,0.07,0.07,0.04,
鳳山,2023/08/20 00:00:00,NO,2.3,1,0.8,0.6,0.6,0.9,1.5,2.4,2.2,2.4,5.3,5.4,3.3,4.1,2.8,3,3.4,3.6,2.9,1.5,1.4,2,4.4,1.7,
鳳山,2023/08/20 00:00:00,NO2,14.5,10.3,7.5,6.3,4.7,4.8,5.1,4.8,3.4,5,11.9,8.5,7.1,7.2,5.6,5.8,6,7.7,10.4,10.3,9.7,14.5,18.2,10.8,
鳳山,2023/08/20 00:00:00,NOx,16.9,11.4,8.3,7,5.4,5.7,6.7,7.3,5.7,7.4,17.3,13.9,10.4,11.3,8.5,8.9,9.4,11.3,13.3,11.9,11.2,16.6,22.6,12.6,
鳳山,2023/08/20 00:00:00,O3,3.3,5,5.8,4.5,4.1,3.8,6.2,10.8,18.4,25.9,24.7,22.2,25,20.5,23.3,20.7,16.3,13.5,10.4,12.1,10.4,5.1,2.6,7.8,
鳳山,2023/08/20 00:00:00,PM10,20,18,11,15,19,17,20,9,6,16,21,12,16,10,10,10,12,9,11,10,10,11,10,8,
鳳山,2023/08/20 00:00:00,PM2.5,6,5,5,3,3,2,2,2,3,5,3,5,3,5,4,0,4,5,4,3,2,1,2,1,
鳳山,2023/08/20 00:00:00,RAINFALL,0,0,0,0,0,0,0,0,0,0,0,0,0,0,0,0,0,0,0,0,0,0,0,0,
鳳山,2023/08/20 00:00:00,RH,98,98,98,97,97,96,97,94,78,69,64,61,59,61,63,65,68,73,80,87,88,88,89,90,
鳳山,2023/08/20 00:00:00,SO2,1.4,1.4,0.9,1.1,0.9,1.2,1.4,1.3,1.9,8.5,5.6,4.6,1.3,1.1,1.1,1.1,1,1.2,1.9,2,1.5,1.3,1.2,1.3,
鳳山,2023/08/20 00:00:00,THC,2.55,2.47,2.31,2.18,2.14,2.18,2.46,2.34,2.05,1.97,2.02,1.95,1.94,1.91,1.95,1.97,1.91,1.92,1.95,1.95,1.97,2,2,1.96,
鳳山,2023/08/20 00:00:00,WD_HR,78,74,87,89,90,105,85,108,104,115,142,260,246,236,262,271,304,254,163,90,101,345,0,36,
鳳山,2023/08/20 00:00:00,WIND_DIREC,78,85,85,100,101,94,98,77,194,120,110,261,293,241,277,271,294,345,149,107,93,2,286,108,
鳳山,2023/08/20 00:00:00,WIND_SPEED,0.3,0.3,0.3,0.4,0.3,0.6,0.7,0.5,0.9,1.1,1,1.2,1.2,0.9,1.3,1.2,1,0.7,1,0.6,0.3,0.3,0.4,0.6,
鳳山,2023/08/20 00:00:00,WS_HR,0.2,0.2,0.3,0.3,0.3,0.3,0.3,0.3,0.3,0.6,0.4,0.2,0.3,0.3,0.7,0.7,0.3,0.2,0.1,0.3,0.1,0.1,0.1,0,
鳳山,2023/08/21 00:00:00,AMB_TEMP,29,28.7,27.9,27.8,27.5,27.4,27.7,29.2,31.2,32.5,33.8,35,35.1,34.6,33.8,33.4,32.6,31.8,31.1,30.7,30.4,30.1,29.7,29,
鳳山,2023/08/21 00:00:00,CH4,1.91,1.95,2.03,2.08,2.15,2.15,2.08,2,1.95,1.96,1.94,1.9,1.9,1.89,1.89,1.89,1.89,1.89,1.9,1.9,1.89,1.9,1.99,2.1,
鳳山,2023/08/21 00:00:00,CO,0.15,0.14,0.12,0.12,0.14,0.16,0.24,0.35,0.39,0.56,0.6,0.44,0.33,0.25,0.26,0.36,0.35,0.46,0.55,0.42,0.35,0.2,0.2,0.23,
鳳山,2023/08/21 00:00:00,NMHC,0.01,0,0.03,0.02,0.04,0.05,0.04,0.06,0.06,0.14,0.2,0.14,0.07,0.04,0.07,0.1,0.11,0.13,0.21,0.15,0.08,0.01,0.04,0.05,
鳳山,2023/08/21 00:00:00,NO,1.2,0.4,0.4,0.1,0.5,0.5,1.2,3.2,3.8,3.3,3.5,7.4,8.7,15.9,9.7,8.1,11.5,3.3,3.9,3,1.7,0.6,0.5,0.4,
鳳山,2023/08/21 00:00:00,NO2,10.5,5.4,5.4,4.9,5,5,6.2,7.2,7.3,12.6,15.3,12.6,11.8,13.5,11,12.1,11.5,9.6,13.6,12.1,10.1,11,7,8.5,
鳳山,2023/08/21 00:00:00,NOx,11.7,5.8,5.8,5,5.5,5.5,7.4,10.5,11.1,16,18.9,20.1,20.5,29.5,20.8,20.3,23,13,17.5,15.1,11.8,11.6,7.5,8.9,
鳳山,2023/08/21 00:00:00,O3,9.1,12.7,12.2,11.7,8.6,10.4,8.1,10.9,16.5,30.9,32.3,17.3,16.2,12.8,12.9,16.3,19.7,17.6,12.8,14,15.6,15.4,14.5,9.8,
鳳山,2023/08/21 00:00:00,PM10,7,7,4,3,12,12,15,11,10,17,15,12,8,17,11,19,10,8,13,11,10,8,11,12,
鳳山,2023/08/21 00:00:00,PM2.5,0,0,2,2,1,1,3,2,2,2,3,2,1,1,0,0,0,0,2,2,3,4,2,2,
鳳山,2023/08/21 00:00:00,RAINFALL,0,0.5,0,0,0,0,0,0,0,0,0,0,0,0,0,0,0,0,0,0,0,0,0,0,
鳳山,2023/08/21 00:00:00,RH,89,91,96,96,98,98,96,91,82,69,63,56,55,57,59,62,67,71,74,77,84,88,89,91,
鳳山,2023/08/21 00:00:00,SO2,1.4,0.9,0.8,0.6,0.6,0.9,0.6,0.9,1.1,1.2,1.2,1.5,1.3,1.5,1.6,1.4,1.3,1,1,1.2,0.9,1.1,0.9,1.4,
鳳山,2023/08/21 00:00:00,THC,1.93,1.96,2.06,2.11,2.2,2.21,2.13,2.07,2.02,2.11,2.15,2.05,1.98,1.94,1.97,2,2,2.03,2.11,2.06,1.98,1.92,2.04,2.16,
鳳山,2023/08/21 00:00:00,WD_HR,112,89,42,71,95,82,92,99,171,228,277,267,277,254,262,274,274,245,279,282,300,115,101,90,
鳳山,2023/08/21 00:00:00,WIND_DIREC,91,265,74,22,102,95,75,94,221,283,277,255,265,262,296,239,300,252,290,259,75,94,93,94,
鳳山,2023/08/21 00:00:00,WIND_SPEED,0.6,0.7,0.3,0.3,0.3,0.5,0.3,0.4,0.6,0.7,1.1,1.3,1.3,1.4,1.4,1.2,1,0.8,0.8,0.6,0.6,0.5,0.8,0.6,
鳳山,2023/08/21 00:00:00,WS_HR,0.4,0.3,0.2,0.2,0.2,0.3,0.3,0.3,0,0.1,0.5,0.9,1,0.9,1.1,0.9,0.6,0.3,0.4,0.4,0,0.5,0.4,0.5,
鳳山,2023/08/22 00:00:00,AMB_TEMP,28.7,28.5,28.3,28.1,27.9,27.7,28.1,29.9,31.5,32.4,32.9,34,34.7,34.8,34.3,34.2,33.4,32.4,31.4,31,30.8,30.3,29.6,28.9,
鳳山,2023/08/22 00:00:00,CH4,2.08,2.03,2.01,2.06,2.08,2.18,2.12,2.06,1.98,1.96,1.92,1.9,1.9,1.9,1.9,1.9,1.9,1.91,1.91,1.91,1.91,1.94,2.01,2.02,
鳳山,2023/08/22 00:00:00,CO,0.22,0.18,0.16,0.17,0.18,0.22,0.27,0.41,0.39,0.5,0.58,0.49,0.4,0.53,0.32,0.37,0.41,0.51,0.52,0.48,0.47,0.27,0.2,0.19,
鳳山,2023/08/22 00:00:00,NMHC,0.03,0.02,0.03,0.03,0.03,0.06,0.06,0.1,0.11,0.12,0.17,0.15,0.09,0.1,0.08,0.1,0.12,0.15,0.14,0.12,0.11,0.1,0.05,0.04,
鳳山,2023/08/22 00:00:00,NO,0.5,1.2,1,1,1,1.3,2.8,5.1,5.1,5,7.4,5.4,5.9,5.8,7.9,5.7,7.5,6.8,5.3,4.7,3.8,2.5,1.1,1,
鳳山,2023/08/22 00:00:00,NO2,7.7,4.8,4.9,5.4,5,7.2,6.5,7.3,8.5,13.7,14.6,8.9,8.6,6.1,7.4,7.4,8.9,9.1,9.8,8.5,9.2,6.8,5.8,6.6,
鳳山,2023/08/22 00:00:00,NOx,8.3,6,5.9,6.4,6.1,8.6,9.3,12.4,13.6,18.8,22.1,14.4,14.5,11.9,15.4,13.1,16.5,15.9,15.2,13.2,13,9.3,7,7.6,
鳳山,2023/08/22 00:00:00,O3,10,11.9,12.4,10.1,10.3,6.6,5.9,9.3,18.6,27,21.9,22.5,20.2,17.5,16.1,14.9,12.7,10.7,9.5,11.3,11.3,11.5,12.2,14.7,
鳳山,2023/08/22 00:00:00,PM10,10,9,7,17,11,16,13,19,14,24,9,9,12,x,12,10,10,9,8,8,12,9,12,8,
鳳山,2023/08/22 00:00:00,PM2.5,6,4,1,0,0,2,3,6,3,10,7,3,0,5,2,0,1,0,1,5,4,3,3,1,
鳳山,2023/08/22 00:00:00,RAINFALL,0,0,0,0,0,0,0,0,0,0,0,0,0,0,0,0,0,0,0,0,0,0,0,0,
鳳山,2023/08/22 00:00:00,RH,91,90,90,91,91,92,90,84,72,68,66,63,61,59,59,59,63,64,70,74,74,84,87,79,
鳳山,2023/08/22 00:00:00,SO2,1.6,1.6,1.4,1.5,1.5,1.5,1.7,2,2.7,1.8,1.6,1.4,1.3,1.4,1.2,1.4,1.5,1.4,1.5,1.4,1.3,1.2,1.4,1.8,
鳳山,2023/08/22 00:00:00,THC,2.11,2.06,2.05,2.09,2.12,2.25,2.19,2.17,2.09,2.08,2.1,2.06,2,2,1.99,2.01,2.03,2.07,2.06,2.04,2.03,2.04,2.07,2.07,
鳳山,2023/08/22 00:00:00,WD_HR,88,97,103,100,93,92,96,96,51,277,278,279,278,287,295,295,263,278,281,297,298,95,109,104,
鳳山,2023/08/22 00:00:00,WIND_DIREC,87,97,104,98,83,93,103,138,82,287,258,290,281,284,300,282,256,268,302,286,301,97,103,106,
鳳山,2023/08/22 00:00:00,WIND_SPEED,0.4,0.5,0.3,0.7,0.3,0.5,0.5,0.5,0.6,1,1.2,1.5,1.1,1.6,1.5,1,1.3,1.2,1,0.8,0.7,0.7,0.9,0.6,
鳳山,2023/08/22 00:00:00,WS_HR,0.3,0.4,0.4,0.5,0.4,0.4,0.5,0.3,0.1,0.3,0.5,1,0.9,1.2,1.2,1,0.6,0.8,0.8,0.5,0.4,0.3,0.7,0.4,
鳳山,2023/08/23 00:00:00,AMB_TEMP,28.7,28.3,28.2,28,27.6,27.4,27.9,29.5,31.1,32.6,32.6,32.9,34.3,34.5,33.9,33.2,33.1,32.4,31.8,31.4,30.6,30,29.8,29.8,
鳳山,2023/08/23 00:00:00,CH4,2.06,2.11,2.23,2.25,2.09,2.14,2.02,2,1.95,1.93,1.96,1.93,1.92,1.92,1.94,1.91,1.89,1.91,1.91,1.91,1.99,2.12,2.13,2.15,
鳳山,2023/08/23 00:00:00,CO,0.19,0.16,0.16,0.15,0.14,0.16,0.22,0.33,0.33,0.31,0.56,0.47,0.31,0.26,0.27,0.28,0.39,0.5,0.62,0.51,0.27,0.3,0.32,0.29,
鳳山,2023/08/23 00:00:00,NMHC,0.04,0.03,0.06,0.04,0.02,0.02,0.04,0.07,0.06,0.06,0.18,0.17,0.09,0.05,0.07,0.06,0.1,0.12,0.15,0.11,0.06,0.08,0.1,0.12,
鳳山,2023/08/23 00:00:00,NO,0.9,1.2,1.1,1,1.1,1.1,1.9,5.9,5.7,4.8,5.5,4.6,3.9,4.1,4.8,4.7,8.7,5.9,3.6,4.7,1.6,1,1.1,1.1,
鳳山,2023/08/23 00:00:00,NO2,5.6,9.4,8.2,5.8,4.9,5.9,5.6,8.4,8.2,9.7,19.3,16.5,12.7,12.4,11.7,10,11.9,9.4,12.3,10.3,7.5,8.6,8.9,9.5,
鳳山,2023/08/23 00:00:00,NOx,6.5,10.7,9.3,6.9,6,7.1,7.5,14.3,14,14.5,24.8,21.1,16.6,16.5,16.6,14.8,20.7,15.4,15.9,15,9.2,9.6,10.1,10.7,
鳳山,2023/08/23 00:00:00,O3,15.3,10.7,10.1,10.5,9.6,7.4,8.4,7.8,15.9,23.4,24.3,27.7,36,29.9,30.7,25.6,12.6,13.2,15.4,11.4,23.4,26.2,16.8,13,
鳳山,2023/08/23 00:00:00,PM10,8,7,11,10,12,16,12,12,13,15,22,#,19,18,14,15,12,11,11,9,16,21,17,13,
鳳山,2023/08/23 00:00:00,PM2.5,2,1,0,0,0,0,3,6,7,4,9,#,8,4,4,4,1,0,0,0,3,12,7,11,
鳳山,2023/08/23 00:00:00,RAINFALL,0,0,0,0,0,0,0,0,0,0,0,0,0,0,0,0,0,0,0,0,0,0,0,0,
鳳山,2023/08/23 00:00:00,RH,80,86,88,89,88,88,85,76,72,66,67,66,60,58,61,65,63,65,70,70,77,88,88,88,
鳳山,2023/08/23 00:00:00,SO2,1.5,2.6,2.1,0.8,1.1,1,1,4.3,3.3,1.5,1.7,1.5,1.4,1.5,1.8,1.2,1.1,1.1,0.9,0.9,1,1.5,1.1,1,
鳳山,2023/08/23 00:00:00,THC,2.11,2.15,2.3,2.3,2.12,2.17,2.07,2.08,2.02,1.99,2.15,2.11,2.02,1.98,2.01,1.98,2,2.03,2.07,2.03,2.06,2.21,2.24,2.28,
鳳山,2023/08/23 00:00:00,WD_HR,99,99,94,84,95,100,98,108,297,199,284,271,258,252,269,278,258,271,283,278,96,97,68,86,
鳳山,2023/08/23 00:00:00,WIND_DIREC,99,35,85,99,83,100,105,86,312,108,280,262,286,263,259,300,271,220,294,85,89,119,44,84,
鳳山,2023/08/23 00:00:00,WIND_SPEED,0.7,0.3,0.3,0.3,0.5,1.2,0.5,0.5,1,1.1,0.8,1.1,1.2,1.3,1.5,1.5,1.1,0.7,0.6,0.4,0.7,0.4,0.3,0.4,
鳳山,2023/08/23 00:00:00,WS_HR,0.4,0.4,0.4,0.2,0.6,0.6,0.6,0.6,0.1,0.1,0.3,0.6,0.6,0.6,0.7,1,0.7,0.7,0.5,0.4,0.7,0.5,0.2,0.3,
鳳山,2023/08/24 00:00:00,AMB_TEMP,29.3,29.3,29.2,28.6,28.5,28.2,28.5,29.9,31.3,31.6,32,33.4,35,35.2,34.1,32.8,30.5,28.8,28.5,27.7,27.7,28.1,28.1,27.9,
鳳山,2023/08/24 00:00:00,CH4,2.09,2.03,2.06,2.18,2.26,2.33,2.45,2.18,2.08,2.07,2.01,1.94,1.94,1.92,1.89,1.91,2.01,1.96,1.96,1.97,2.04,2.02,2,1.98,
鳳山,2023/08/24 00:00:00,CO,0.2,0.18,0.17,0.19,0.2,0.25,0.32,0.37,0.44,0.64,0.63,0.46,0.35,0.27,0.25,0.37,0.34,0.33,0.32,0.29,0.27,0.27,0.22,0.16,
鳳山,2023/08/24 00:00:00,NMHC,0.05,0.03,0.05,0.05,0.06,0.08,0.09,0.08,0.09,0.17,0.16,0.13,0.08,0.06,0.05,0.1,0.14,0.09,0.07,0.07,0.06,0.06,0.05,0.01,
鳳山,2023/08/24 00:00:00,NO,1.1,0.6,0.6,0.6,0.7,1,3.3,4.3,3.3,3.8,3.8,6.3,5,11,4.4,5,1.1,0.9,1,1,0.8,0.9,0.6,0.7,
鳳山,2023/08/24 00:00:00,NO2,7.8,5.1,5,6.1,7.3,8,8.8,8,9.7,19.1,22.5,19.8,14.7,10.5,6.1,11.8,13.1,11.2,10.5,8.7,9.7,10.1,6.7,5,
鳳山,2023/08/24 00:00:00,NOx,9,5.8,5.6,6.8,8,9.1,12.1,12.4,13.1,23,26.3,26.1,19.7,21.6,10.5,16.8,14.3,12.1,11.5,9.8,10.6,11.1,7.3,5.7,
鳳山,2023/08/24 00:00:00,O3,16.2,18.3,19,12.5,7.7,6.2,4.6,11.2,21.3,24.2,34.9,37.3,34.4,20,19.6,14.5,24.5,27.2,25.8,23.4,15.8,14.2,18,15.1,
鳳山,2023/08/24 00:00:00,PM10,11,10,11,12,16,16,21,19,21,34,39,24,15,12,10,14,25,19,11,11,11,10,11,12,
鳳山,2023/08/24 00:00:00,PM2.5,6,2,5,8,5,9,10,7,10,22,28,13,9,4,1,2,4,3,3,2,0,1,0,0,
鳳山,2023/08/24 00:00:00,RAINFALL,0,0,0,0,0,0,0,0,0,0,0,0,0,0,0,0,0,0,0,0,0,0,0,0,
鳳山,2023/08/24 00:00:00,RH,88,87,87,91,92,93,92,85,74,72,70,63,55,52,57,61,73,76,76,88,90,87,86,86,
鳳山,2023/08/24 00:00:00,SO2,1.2,1.1,1.3,1.3,1.3,1.2,1.1,1.4,2.2,3.2,4.1,3.6,2.3,1.7,1,1.1,1.1,1.1,1.2,1.3,1.3,1.7,1.1,1.2,
鳳山,2023/08/24 00:00:00,THC,2.15,2.07,2.12,2.24,2.33,2.42,2.55,2.27,2.18,2.25,2.18,2.08,2.03,1.99,1.95,2.02,2.16,2.06,2.04,2.05,2.11,2.09,2.05,2,
鳳山,2023/08/24 00:00:00,WD_HR,98,91,97,99,84,90,90,102,65,280,159,279,272,278,271,272,99,113,93,97,94,88,85,113,
鳳山,2023/08/24 00:00:00,WIND_DIREC,100,98,107,64,55,74,112,101,77,255,124,206,297,283,253,68,118,119,90,99,106,74,103,129,
鳳山,2023/08/24 00:00:00,WIND_SPEED,0.3,0.5,0.4,0.3,0.3,0.4,0.4,0.7,0.4,0.7,0.8,1.1,1.3,1.6,1,0.5,1.2,0.5,0.4,0.7,0.5,0.3,0.3,0.3,
鳳山,2023/08/24 00:00:00,WS_HR,0.4,0.4,0.3,0.5,0.3,0.4,0.3,0.4,0.2,0.2,0.1,0.3,0.7,1,1,0.5,0.7,0.7,0.3,0.4,0.4,0.3,0.2,0.2,
鳳山,2023/08/25 00:00:00,AMB_TEMP,27.6,27.5,27.3,26.9,27,26.7,27.3,29.2,31.3,32.9,34.1,34.5,35.3,35.3,34.8,34.5,34,32.9,29.7,28.4,28.3,28.5,28.7,28.2,
鳳山,2023/08/25 00:00:00,CH4,2.05,2.06,2.06,2.04,2.07,2.09,2.04,2,1.96,1.95,1.94,1.98,2,1.99,2.01,1.99,1.95,1.96,2.02,2,2.04,2.11,2.13,2.21,
鳳山,2023/08/25 00:00:00,CO,0.16,0.15,0.14,0.14,0.15,0.16,0.24,0.4,0.43,0.36,0.39,0.52,0.49,0.38,0.4,0.47,0.55,0.62,0.45,0.31,0.32,0.43,0.37,0.29,
鳳山,2023/08/25 00:00:00,NMHC,0.02,0.02,0.01,0.02,0.03,0.03,0.04,0.07,0.13,0.1,0.12,0.18,0.13,0.09,0.11,0.13,0.17,0.16,0.11,0.06,0.09,0.13,0.1,0.08,
鳳山,2023/08/25 00:00:00,NO,0.5,0.6,0.2,0.5,0.5,0.8,1.6,3.8,5.4,3.8,3.6,2.3,2.1,1.6,1.8,2.4,5.2,3.2,1.8,0.8,0.8,1,0.8,0.7,
鳳山,2023/08/25 00:00:00,NO2,6.5,4.6,3.6,4.1,5.4,5.9,6.6,7.7,9.1,9.5,10.7,13.6,12.1,10,10.3,11.4,15.4,12.5,10.1,7.6,8.1,11.3,9.9,9.6,
鳳山,2023/08/25 00:00:00,NOx,7.1,5.3,3.9,4.6,6,6.8,8.3,11.5,14.5,13.3,14.3,15.9,14.3,11.7,12.2,13.9,20.6,15.7,12,8.4,8.9,12.3,10.7,10.3,
鳳山,2023/08/25 00:00:00,O3,10.6,11.8,12.8,10.3,7.1,7.9,8.6,12.4,18,25.6,38.7,53.6,67.7,59.8,59,49.5,30.5,31.2,39.8,36.9,33.2,26.7,27.9,22.3,
鳳山,2023/08/25 00:00:00,PM10,9,9,10,14,15,15,17,9,24,19,24,30,35,33,32,29,16,20,26,18,19,22,22,18,
鳳山,2023/08/25 00:00:00,PM2.5,0,0,0,0,0,1,0,3,3,4,5,12,14,9,9,13,13,8,9,7,10,18,10,13,
鳳山,2023/08/25 00:00:00,RAINFALL,0,0,0,0,0,0,0,0,0,0,0,0,0,0,0,0,0,0,1.5,0,0,0,0,0,
鳳山,2023/08/25 00:00:00,RH,88,86,83,88,89,87,75,67,69,64,57,59,59,58,60,59,59,64,87,91,91,90,89,91,
鳳山,2023/08/25 00:00:00,SO2,1.9,1.3,1,0.8,0.8,1,0.9,1,1.2,1.5,1.8,1.8,1.7,1.9,1.8,1.6,1.4,1.5,1.1,1,1.1,12.1,7.6,3.5,
鳳山,2023/08/25 00:00:00,THC,2.08,2.09,2.08,2.07,2.11,2.13,2.09,2.08,2.1,2.05,2.07,2.17,2.14,2.09,2.13,2.13,2.13,2.13,2.14,2.07,2.14,2.25,2.24,2.3,
鳳山,2023/08/25 00:00:00,WD_HR,100,94,105,92,94,97,98,100,117,300,277,278,294,290,288,276,283,287,126,114,121,98,104,102,
鳳山,2023/08/25 00:00:00,WIND_DIREC,118,101,132,93,76,102,109,14,185,278,270,284,296,304,285,284,279,276,196,101,147,99,98,78,
鳳山,2023/08/25 00:00:00,WIND_SPEED,0.4,0.3,0.3,0.3,0.3,0.5,0.6,0.3,0.6,0.8,1.2,0.9,1.3,1.3,1.4,1.3,1.1,0.8,0.5,0.7,0.5,0.6,0.5,0.5,
鳳山,2023/08/25 00:00:00,WS_HR,0.3,0.3,0.3,0.2,0.3,0.4,0.4,0.4,0.1,0.1,0.7,0.4,1,1,1,1,0.7,0.7,0.3,0.3,0.3,0.3,0.4,0.5,
鳳山,2023/08/26 00:00:00,AMB_TEMP,27.9,27.9,28,27.9,27.7,27.4,28.1,29.1,30.9,32.7,33,33.5,34.5,34.4,33.4,32.5,30.3,28.6,27.8,26.8,27,27.3,27.7,28.1,
鳳山,2023/08/26 00:00:00,CH4,2.2,2.2,2.18,2.13,2.08,2.15,2.17,2.23,2.11,2,2.07,1.99,1.97,1.94,1.94,1.95,1.99,2.01,2.04,2.01,2.03,2.05,2.03,2.03,
鳳山,2023/08/26 00:00:00,CO,0.27,0.27,0.23,0.2,0.22,0.24,0.31,0.43,0.44,0.38,0.51,0.39,0.34,0.39,0.31,0.41,0.39,0.36,0.32,0.26,0.28,0.26,0.26,0.26,
鳳山,2023/08/26 00:00:00,NMHC,0.05,0.06,0.06,0.05,0.05,0.04,0.07,0.1,0.1,0.09,0.24,0.13,0.08,0.07,0.06,0.09,0.1,0.07,0.06,0.04,0.04,0.03,0.04,0.05,
鳳山,2023/08/26 00:00:00,NO,0.7,0.5,0.4,0.5,0.4,0.3,0.7,1.9,2.7,2.8,2.2,3,2.5,2.4,2.2,1.9,1.3,0.5,0.5,0.5,0.6,0.6,0.6,0.6,
鳳山,2023/08/26 00:00:00,NO2,8.6,8.5,6.7,5.8,6.1,5.6,6.6,8.8,9.9,11,17.5,18.8,10.3,8.3,8.1,10,9.5,9,10.2,8.3,7.7,6.8,6.6,6.5,
鳳山,2023/08/26 00:00:00,NOx,9.4,9.1,7.2,6.3,6.6,5.9,7.3,10.7,12.7,13.8,19.8,21.9,12.8,10.7,10.3,12,10.8,9.5,10.7,8.8,8.3,7.5,7.2,7.1,
鳳山,2023/08/26 00:00:00,O3,20.5,19.1,21.8,25,24.4,18.1,18.6,21.3,29.3,36.6,51.9,46.2,49.9,37.8,44.1,46.7,38.3,31.5,31.4,27.3,26.1,24.5,24.6,24.5,
鳳山,2023/08/26 00:00:00,PM10,19,14,22,12,8,21,19,27,23,20,38,26,19,17,21,25,25,17,17,15,12,12,15,14,
鳳山,2023/08/26 00:00:00,PM2.5,14,13,10,5,3,7,11,17,12,8,17,9,13,9,7,15,13,10,7,5,3,4,5,4,
鳳山,2023/08/26 00:00:00,RAINFALL,0,0,0,0,0,0,0,0,0,0,0,0,0,0,0,0,0,0,0.5,0.5,0,0,0,0,
鳳山,2023/08/26 00:00:00,RH,92,91,90,89,89,91,89,87,75,62,64,63,58,56,60,65,77,88,91,95,94,91,89,87,
鳳山,2023/08/26 00:00:00,SO2,1.9,0.9,0.7,0.4,0.9,0.4,0.5,0.7,1.2,1.8,2.4,2.8,1.8,1,0.9,0.8,0.6,0.7,0.7,0.4,0.4,0.1,0.2,0.2,
鳳山,2023/08/26 00:00:00,THC,2.26,2.27,2.25,2.19,2.14,2.2,2.25,2.34,2.22,2.1,2.32,2.13,2.06,2.02,2.01,2.05,2.1,2.09,2.11,2.06,2.08,2.09,2.08,2.09,
鳳山,2023/08/26 00:00:00,WD_HR,102,94,82,101,111,71,93,89,91,300,204,231,262,272,254,279,89,99,106,111,108,100,90,91,
鳳山,2023/08/26 00:00:00,WIND_DIREC,100,100,56,98,136,97,80,102,280,322,218,207,276,274,255,256,100,89,104,107,113,100,99,136,
鳳山,2023/08/26 00:00:00,WIND_SPEED,0.5,0.5,0.3,0.4,0.5,0.5,0.3,0.5,1.1,0.9,0.7,0.9,1.4,1.2,1.5,0.9,1,0.9,1,0.7,0.4,0.6,0.5,0.4,
鳳山,2023/08/26 00:00:00,WS_HR,0.4,0.5,0.3,0.4,0.3,0.2,0.3,0.4,0.1,0.1,0.2,0.3,0.8,1.1,1.3,0.7,0.3,0.7,0.8,0.6,0.4,0.5,0.4,0.2,
鳳山,2023/08/27 00:00:00,AMB_TEMP,28,28.1,28.3,27.9,27.2,27.2,27.5,28.8,30.9,32.9,33.1,34.1,34.4,34.5,34.1,33.4,32.8,30.2,30.3,30.3,30.3,29.7,29.2,28.9,
鳳山,2023/08/27 00:00:00,CH4,2.02,2.05,2.03,2.11,2.05,2.11,2.06,2.11,2.04,1.99,1.92,1.91,1.91,1.91,1.91,1.91,1.91,1.99,1.98,2.01,2.02,2.15,2.16,2.15,
鳳山,2023/08/27 00:00:00,CO,0.23,0.23,0.2,0.22,0.18,0.24,0.23,0.29,0.44,1.02,0.36,0.31,0.28,0.26,0.28,0.28,0.35,0.3,0.38,0.39,0.38,0.33,0.24,0.25,
鳳山,2023/08/27 00:00:00,NMHC,0.1,0.13,0.04,0.1,0.05,0.09,0.05,0.05,0.09,0.12,0.09,0.09,0.04,0.04,0.06,0.05,0.06,0.05,0.07,0.11,0.11,0.08,0.04,0.05,
鳳山,2023/08/27 00:00:00,NO,0.4,0.2,0.5,0.6,0.4,0.5,1,1.6,3.1,9.3,4.6,3.1,2.6,2,2,2,2.3,1.1,0.9,0.9,0.5,0.5,0.4,0.4,
鳳山,2023/08/27 00:00:00,NO2,6.1,6.3,5.3,7.9,5.6,6.8,6.1,4.7,8.3,24.1,9.6,7.5,6.5,5.1,5.1,4.5,6.5,7,9.6,16.2,13.8,12.4,8,6.9,
鳳山,2023/08/27 00:00:00,NOx,6.5,6.5,5.8,8.6,6.1,7.3,7.1,6.4,11.4,33.5,14.2,10.6,9.1,7.2,7.1,6.6,8.9,8.1,10.5,17.1,14.4,12.9,8.4,7.3,
鳳山,2023/08/27 00:00:00,O3,23.2,21.7,23.2,15.7,14.1,9.7,10.6,13.2,20.6,20.5,23.7,33.4,31,30.4,28,29.5,27.4,29,25.4,21,21.1,20.2,20.4,16.8,
鳳山,2023/08/27 00:00:00,PM10,12,16,16,15,15,17,16,15,19,43,13,11,14,14,11,12,14,16,22,21,15,22,18,22,
鳳山,2023/08/27 00:00:00,PM2.5,6,5,1,7,6,2,1,1,5,19,5,3,3,6,5,2,1,2,11,15,6,10,8,5,
鳳山,2023/08/27 00:00:00,RAINFALL,0,0,0,0,0,0,0,0,0,0,0,0,0,0,0,0,0,0,0,0,0,0,0,0,
鳳山,2023/08/27 00:00:00,RH,87,87,82,83,88,87,86,75,65,59,58,55,56,57,56,57,59,73,72,70,71,76,82,88,
鳳山,2023/08/27 00:00:00,SO2,0.6,0.9,0.8,1.8,0.8,0.7,0.9,1.5,4.1,13.3,2.7,1.8,1.7,1.2,1.3,1.1,1.1,1.3,1.7,1.5,1.6,1.3,1.1,0.9,
鳳山,2023/08/27 00:00:00,THC,2.13,2.19,2.08,2.22,2.11,2.21,2.12,2.16,2.14,2.12,2.02,2.01,1.96,1.96,1.98,1.97,1.98,2.05,2.06,2.13,2.14,2.24,2.21,2.21,
鳳山,2023/08/27 00:00:00,WD_HR,75,70,293,84,101,98,112,99,97,291,276,260,266,282,285,280,285,91,103,88,97,102,100,97,
鳳山,2023/08/27 00:00:00,WIND_DIREC,20,280,320,83,80,96,122,102,309,300,263,244,262,272,266,281,107,68,267,95,99,106,102,89,
鳳山,2023/08/27 00:00:00,WIND_SPEED,0.3,0.3,0.3,0.4,0.3,0.4,0.5,0.6,0.6,1,1.2,1.2,1.5,1.4,1.6,0.9,0.9,0.7,0.3,0.8,0.5,0.8,0.6,0.3,
鳳山,2023/08/27 00:00:00,WS_HR,0.2,0.2,0.1,0.2,0.3,0.3,0.4,0.4,0.2,0.5,0.6,0.9,1,1.2,1.1,0.7,0.5,0.7,0.3,0.4,0.5,0.5,0.6,0.5,
鳳山,2023/08/28 00:00:00,AMB_TEMP,28.9,28.3,27.9,27.7,27.3,26.9,27.3,29.1,31.1,32.8,33,34,35.2,35.6,34.5,33.9,33.6,32.5,31.8,30.1,29.5,29.3,29.6,29.3,
鳳山,2023/08/28 00:00:00,CH4,2.07,2.14,2.34,2.31,2.2,2.1,2.08,2.04,1.99,1.97,2.03,#,1.95,1.94,1.92,1.94,1.96,1.96,1.97,2,2.01,2.01,2.02,2.02,
鳳山,2023/08/28 00:00:00,CO,0.21,0.22,0.21,0.19,0.17,0.16,0.25,0.35,0.33,0.41,0.62,0.66,#,0.33,0.34,0.36,0.44,0.59,0.56,0.36,0.32,0.27,0.28,0.24,
鳳山,2023/08/28 00:00:00,NMHC,0.04,0.05,0.05,0.05,0.03,0.01,0.04,0.07,0.06,0.08,0.23,#,0.13,0.09,0.09,0.09,0.1,0.14,0.13,0.1,0.08,0.07,0.07,0.06,
鳳山,2023/08/28 00:00:00,NO,0.4,0.6,0.4,0.5,0.7,0.7,1.7,3.9,4.2,3.1,3.1,4.4,#,4,3.6,3.4,2.7,2.6,1.5,0.8,0.6,0.7,0.7,0.5,
鳳山,2023/08/28 00:00:00,NO2,5.8,7.4,7.2,6,5.6,4.7,6.2,7.5,8.1,9.7,22.1,22.9,#,10,8.7,10.8,14.8,15.2,13.6,10.7,11.5,9.5,10.4,7.7,
鳳山,2023/08/28 00:00:00,NOx,6.3,8,7.6,6.5,6.4,5.4,7.9,11.5,12.3,12.9,25.2,27.3,#,14.1,12.3,14.2,17.6,17.8,15.2,11.5,12.1,10.3,11.1,8.3,
鳳山,2023/08/28 00:00:00,O3,20.6,12.5,8.2,7.6,6.3,7.6,7.5,10.7,18.9,32,#,#,35.4,26.4,28.1,33.6,41.8,42.4,34.8,35.9,32,31.9,30.8,29.9,
鳳山,2023/08/28 00:00:00,PM10,10,20,21,16,13,18,19,20,17,18,29,#,16,6,10,18,16,21,16,18,21,21,15,16,
鳳山,2023/08/28 00:00:00,PM2.5,6,7,6,5,2,3,4,4,4,2,#,#,12,6,3,5,9,7,6,8,13,10,11,9,
鳳山,2023/08/28 00:00:00,RAINFALL,0,0,0,0,0,0,0,0,0,0,0,#,0,0,0,0,0,0,0,0,0,0,0,0,
鳳山,2023/08/28 00:00:00,RH,88,91,92,92,91,89,88,77,68,60,62,56,51,47,51,54,56,61,64,73,78,80,76,77,
鳳山,2023/08/28 00:00:00,SO2,0.9,0.7,0.5,0.6,0.6,0.5,0.9,1.9,2.2,1.7,2.3,3.6,#,1.3,0.9,1,1.5,1.2,0.9,1,1.8,1.3,1.6,1,
鳳山,2023/08/28 00:00:00,THC,2.12,2.2,2.39,2.36,2.24,2.12,2.13,2.12,2.06,2.06,2.27,#,2.09,2.03,2.02,2.04,2.07,2.11,2.11,2.11,2.1,2.09,2.1,2.09,
鳳山,2023/08/28 00:00:00,WD_HR,91,82,91,93,103,105,97,98,119,289,283,291,284,281,277,266,254,278,132,98,107,104,100,109,
鳳山,2023/08/28 00:00:00,WIND_DIREC,94,44,109,101,91,100,98,97,94,122,317,304,286,274,240,268,259,288,106,76,100,92,80,110,
鳳山,2023/08/28 00:00:00,WIND_SPEED,0.3,0.3,0.5,0.6,0.7,0.4,0.4,0.9,0.7,1.1,1.5,1,1.3,1,1.3,1,1.2,0.6,1.2,0.6,0.4,0.4,0.4,0.5,
鳳山,2023/08/28 00:00:00,WS_HR,0.3,0.3,0.4,0.4,0.4,0.5,0.4,0.5,0.5,0.3,0.4,0.5,0.6,0.9,0.9,0.8,0.9,0.7,0,0.7,0.4,0.4,0.4,0.5,
鳳山,2023/08/29 00:00:00,AMB_TEMP,28.9,28.6,28.5,28.6,28.2,27.9,28.1,29.7,31.5,33.5,34.2,35,35.5,34.8,31.3,27.2,28.1,27,27.5,27.7,28.1,28.1,27.8,27.6,
鳳山,2023/08/29 00:00:00,CH4,2.03,2.02,2.05,2.04,2.04,2.07,2.09,2.01,1.97,1.94,1.94,1.96,2.02,2,2.02,2.03,1.99,1.98,2,2.02,2.01,2.12,2.16,2.43,
鳳山,2023/08/29 00:00:00,CO,0.22,0.19,0.18,0.18,0.19,0.22,0.3,0.43,0.39,0.38,0.43,0.38,0.46,0.43,0.38,0.45,0.55,0.38,0.52,0.53,0.36,0.58,0.59,0.38,
鳳山,2023/08/29 00:00:00,NMHC,0.04,0.03,0.03,0.03,0.06,0.06,0.07,0.09,0.11,0.1,0.14,0.11,0.2,0.11,0.12,0.17,0.17,0.12,0.19,0.19,0.11,0.3,0.33,0.18,
鳳山,2023/08/29 00:00:00,NO,0.3,0.5,0.6,0.7,0.7,0.7,1.4,3.1,4.5,4.6,2.6,1.9,2.3,2.1,1.6,2.3,3,1.1,0.9,0.9,0.8,1.5,1.9,0.8,
鳳山,2023/08/29 00:00:00,NO2,6.9,4.6,4.6,4.4,5.5,6.4,7.9,8.1,9.1,9.3,10.5,9.6,12,10.6,12.3,16.6,17.7,11.3,14.5,15.4,10.6,17.9,20.9,12.1,
鳳山,2023/08/29 00:00:00,NOx,7.3,5.1,5.2,5.1,6.3,7.2,9.4,11.2,13.6,13.9,13.2,11.5,14.3,12.8,14,18.9,20.8,12.5,15.4,16.3,11.4,19.4,22.8,12.9,
鳳山,2023/08/29 00:00:00,O3,29.3,26.2,23.5,24.6,22.4,14.2,13.1,16.2,20.6,27.6,46.1,57.3,61.1,56.3,51,33,26.2,24.4,22.8,22.5,30.6,15.6,13,18,
鳳山,2023/08/29 00:00:00,PM10,14,19,18,19,16,13,25,15,17,19,17,20,32,35,37,16,16,19,23,19,16,23,25,23,
鳳山,2023/08/29 00:00:00,PM2.5,8,12,10,11,8,8,9,7,8,6,4,6,12,12,16,9,11,6,15,14,11,12,16,19,
鳳山,2023/08/29 00:00:00,RAINFALL,0,0,0,0,0,0,0,0,0,0,0,0,0,0,1.5,30.5,1.5,0,0,0,0,1,0.5,0,
鳳山,2023/08/29 00:00:00,RH,79,83,86,82,86,89,89,78,68,58,54,52,55,58,75,99,98,96,95,95,92,95,99,98,
鳳山,2023/08/29 00:00:00,SO2,1,0.9,1.1,1,1.2,1.4,1.3,1.4,1.8,1.7,1.7,1.6,2,2.3,2.4,1.2,1.1,1.1,1.4,1.4,1.1,2,4,2.1,
鳳山,2023/08/29 00:00:00,THC,2.08,2.06,2.09,2.08,2.11,2.14,2.17,2.11,2.08,2.05,2.09,2.07,2.23,2.12,2.14,2.21,2.16,2.11,2.2,2.22,2.13,2.43,2.5,2.62,
鳳山,2023/08/29 00:00:00,WD_HR,100,103,100,88,104,89,98,86,105,255,294,278,287,278,248,316,179,103,81,60,83,117,316,101,
鳳山,2023/08/29 00:00:00,WIND_DIREC,101,101,95,92,92,91,110,79,119,103,25,275,292,272,92,291,114,121,106,53,91,54,98,92,
鳳山,2023/08/29 00:00:00,WIND_SPEED,1,0.5,0.4,0.6,0.4,0.4,0.3,0.4,0.8,0.7,0.8,0.7,1.8,1.6,1.9,0.9,0.6,0.3,0.3,0.3,0.3,0.3,0.4,0.4,
鳳山,2023/08/29 00:00:00,WS_HR,0.6,0.6,0.6,0.3,0.4,0.4,0.3,0.3,0.1,0.1,0.4,0.1,1.3,1.2,0.4,0.3,0.1,0.2,0.2,0.2,0.3,0.2,0,0.3,
鳳山,2023/08/30 00:00:00,AMB_TEMP,27.7,27.7,27.7,27.7,27.7,27.6,27.8,28,28.7,29.6,30.6,31.6,32.3,32.3,31.8,29.9,29,29.2,28.9,28.6,28.1,27.9,27.8,27.6,
鳳山,2023/08/30 00:00:00,CH4,2.41,2.43,2.5,2.34,2.28,2.29,2.44,2.49,2.36,2.16,2.1,2.05,2.06,2.03,2.03,1.96,1.97,2,2.06,2.1,2.14,2.14,2.18,2.12,
鳳山,2023/08/30 00:00:00,CO,0.41,0.36,0.34,0.31,0.28,0.29,0.42,0.59,0.67,0.56,0.54,0.7,0.85,0.62,0.76,0.47,0.6,0.73,1.02,0.81,0.59,0.47,0.5,0.33,
鳳山,2023/08/30 00:00:00,NMHC,0.15,0.13,0.14,0.1,0.08,0.09,0.14,0.17,0.21,0.18,0.19,0.22,0.38,0.35,0.2,0.17,0.2,0.22,0.42,0.34,0.23,0.16,0.12,0.06,
鳳山,2023/08/30 00:00:00,NO,0.8,0.8,0.6,0.6,0.6,0.7,1.6,3.5,3.7,2.7,1.9,2.2,3.6,2.9,2,1.8,4.5,1.3,1.1,1.9,2.1,1,0.7,0.7,
鳳山,2023/08/30 00:00:00,NO2,11.4,9.6,9,7.9,6.9,7.2,9.4,11.4,14.2,12.1,11.2,15.5,25.6,22,19.3,13.5,22.6,23.8,29.4,28.5,24.6,15.9,11.7,6.9,
鳳山,2023/08/30 00:00:00,NOx,12.3,10.4,9.6,8.5,7.5,7.9,11,15,17.9,14.9,13.1,17.8,29.2,25,21.3,15.4,27.2,25.1,30.5,30.4,26.7,16.9,12.4,7.6,
鳳山,2023/08/30 00:00:00,O3,15.1,19.1,17.2,17.7,19.2,13.3,8.6,10.4,15.4,27.6,37.4,40.2,39,48,51.9,32,24.8,24.6,11,5.8,5.8,14.9,21.6,19.1,
鳳山,2023/08/30 00:00:00,PM10,29,29,23,26,27,23,28,32,34,36,31,43,45,43,54,23,28,30,43,46,33,30,37,12,
鳳山,2023/08/30 00:00:00,PM2.5,17,15,14,17,13,13,12,18,20,19,23,30,28,28,27,14,16,17,22,24,20,17,22,10,
鳳山,2023/08/30 00:00:00,RAINFALL,0,0.5,0,0,0,0,0,0,0,0,0,0,0,0,0,0,0,0,0,0.5,0,0,0,0,
鳳山,2023/08/30 00:00:00,RH,98,98,97,97,96,97,97,96,92,89,85,73,69,67,73,88,89,89,92,94,97,97,96,93,
鳳山,2023/08/30 00:00:00,SO2,1.4,0.8,0.6,0.6,0.6,0.6,0.6,0.8,1,1.4,4.8,3.1,2.9,2.6,4,2.7,2.6,2.3,2.7,3.5,2.5,1.9,3.3,1.7,
鳳山,2023/08/30 00:00:00,THC,2.57,2.57,2.65,2.45,2.37,2.39,2.58,2.66,2.58,2.35,2.3,2.28,2.44,2.39,2.24,2.14,2.18,2.23,2.49,2.45,2.38,2.31,2.31,2.19,
鳳山,2023/08/30 00:00:00,WD_HR,70,92,74,88,95,76,95,96,74,107,85,156,302,259,288,322,76,76,93,105,110,94,102,74,
鳳山,2023/08/30 00:00:00,WIND_DIREC,91,88,87,69,101,81,102,113,0,130,80,94,285,264,300,317,107,61,79,93,84,88,102,55,
鳳山,2023/08/30 00:00:00,WIND_SPEED,0.3,0.3,0.3,0.3,0.3,0.3,0.3,0.3,0.3,0.7,0.5,0.5,0.7,0.5,1,0.5,0.4,0.3,0.4,0.5,0.4,0.3,0.3,0.3,
鳳山,2023/08/30 00:00:00,WS_HR,0.2,0.2,0.2,0.2,0.3,0.2,0.2,0.2,0.2,0.4,0.2,0,0.2,0.3,0.5,0.2,0.2,0.1,0.3,0.3,0.3,0.3,0.3,0,
鳳山,2023/08/31 00:00:00,AMB_TEMP,27.2,27,26.9,26.3,25.7,26,26.2,27,28.1,29.3,29.5,27.7,27.1,28.6,29.1,30.4,30.5,30.2,29.2,27.5,26.8,27,27.1,26.8,
鳳山,2023/08/31 00:00:00,CH4,1.96,1.93,2.08,2.06,1.95,2.03,2.17,2.09,2.09,2.07,2,1.93,1.92,1.94,1.93,1.92,1.94,1.94,1.94,1.95,1.97,2.05,2.04,2.09,
鳳山,2023/08/31 00:00:00,CO,0.16,0.12,0.12,0.12,0.14,0.14,0.25,0.43,0.54,0.51,0.44,0.27,0.27,0.27,0.23,0.2,0.26,0.29,0.26,0.23,0.24,0.27,0.21,0.19,
鳳山,2023/08/31 00:00:00,NMHC,0,0,0,0,0,0.03,0.05,0.1,0.15,0.3,0.17,0.06,0.04,0.08,0.05,0.03,0.04,0.05,0.06,0.03,0.05,0.09,0.06,0.04,
鳳山,2023/08/31 00:00:00,NO,0.7,0.4,0.5,0.5,0.4,0.4,1.2,3,4.8,5.5,3.7,2.6,3.7,2.2,2,2.5,2.6,1.6,0.9,1.1,0.6,0.5,0.4,0.4,
鳳山,2023/08/31 00:00:00,NO2,4.3,1.5,2.1,2.2,2,2.8,6,8.5,10.9,11.1,10.3,5.6,7.1,5.5,5.2,3.8,5,4.6,6.6,4.4,4.3,7.2,6.2,5.8,
鳳山,2023/08/31 00:00:00,NOx,5,1.9,2.6,2.8,2.4,3.2,7.2,11.5,15.7,16.6,14,8.2,10.9,7.7,7.2,6.3,7.6,6.3,7.5,5.6,5,7.8,6.7,6.2,
鳳山,2023/08/31 00:00:00,O3,18.9,18.8,16.4,17.2,20.3,18.1,10.7,9.7,8.6,13.2,17,16.7,17,20.7,18.6,18.5,20.8,21.4,19.4,17,16.6,12.6,13.1,12.1,
鳳山,2023/08/31 00:00:00,PM10,10,9,9,9,4,1,9,12,16,14,20,12,8,8,18,20,15,17,19,15,9,10,6,6,
鳳山,2023/08/31 00:00:00,PM2.5,5,0,0,0,0,1,2,1,2,3,3,5,5,3,4,7,5,4,6,7,5,2,1,3,
鳳山,2023/08/31 00:00:00,RAINFALL,0.5,0.5,0,6,1.5,0,0,0,0,0,0,1,2,0.5,1,0,0,0,0,1,1,0,0,0,
鳳山,2023/08/31 00:00:00,RH,95,95,96,97,99,99,100,97,92,87,88,94,96,92,92,78,70,69,83,93,96,97,95,96,
鳳山,2023/08/31 00:00:00,SO2,2.1,1.4,2.4,1,1.2,2.6,1.2,0.9,1.3,1.5,2.6,1,0.8,0.7,0.8,0.8,0.6,0.6,0.8,0.5,0.8,1.3,1,1,
鳳山,2023/08/31 00:00:00,THC,1.97,1.93,2.08,2.05,1.96,2.07,2.23,2.2,2.25,2.38,2.18,2,1.97,2.03,1.99,1.96,1.99,2,2.01,1.99,2.02,2.15,2.11,2.14,
鳳山,2023/08/31 00:00:00,WD_HR,126,88,97,144,100,92,109,104,96,94,125,112,182,114,117,122,120,116,111,124,99,87,88,87,
鳳山,2023/08/31 00:00:00,WIND_DIREC,139,92,106,138,90,99,145,96,40,127,110,109,85,140,134,124,110,111,122,108,62,84,85,100,
鳳山,2023/08/31 00:00:00,WIND_SPEED,0.5,0.6,0.5,0.8,0.5,0.3,0.6,0.3,0.3,0.5,1.1,1.7,1,0.9,1.3,1.5,2.4,1.5,1.4,1.4,0.4,0.4,0.6,0.4,
鳳山,2023/08/31 00:00:00,WS_HR,0.5,0.3,0.4,0.6,0.3,0.3,0.2,0.4,0.2,0.2,0.5,0.8,0.3,0.5,0.7,1.1,1,1.1,1,0.9,0.4,0.3,0.4,0.3,
鳳山,2023/09/01 00:00:00,AMB_TEMP,26.7,26.7,26.6,26.8,27.1,26.5,26.9,28.6,31.2,32.7,33.2,33.5,33.5,32.8,32.1,31.8,31.3,29.9,29.9,30,29.6,29.1,28.8,28.7,
鳳山,2023/09/01 00:00:00,CH4,2.21,2.25,2.3,2.48,2.41,2.33,2.27,2.08,2.02,1.96,1.96,1.96,1.96,1.97,1.96,1.97,1.98,2.02,2.02,2.06,2.06,2.07,2.08,2.05,
鳳山,2023/09/01 00:00:00,CO,0.17,0.16,0.2,0.27,0.21,0.18,0.26,0.51,0.63,0.33,0.3,0.31,0.27,0.25,0.27,0.39,0.7,0.74,0.83,0.83,0.48,0.37,0.36,0.25,
鳳山,2023/09/01 00:00:00,NMHC,0.04,0.02,0.04,0.11,0.09,0.03,0.03,0.1,0.14,0.06,0.08,0.06,0.06,0.05,0.04,0.06,0.14,0.23,0.24,0.28,0.14,0.09,0.07,0.04,
鳳山,2023/09/01 00:00:00,NO,0.5,0.6,0.5,0.5,0.6,0.7,1.7,4.4,4.7,2.7,1.9,2,1.9,2,2.7,2.8,3.9,3.8,4,3.9,1.6,1.2,0.7,0.7,
鳳山,2023/09/01 00:00:00,NO2,4.8,5.1,5.7,7.1,7.3,7.2,5.9,7.6,10.7,6,5.6,4.7,4.7,5.8,6.3,7.6,16.3,20,21.9,23.6,16.4,11.7,9.7,6,
鳳山,2023/09/01 00:00:00,NOx,5.3,5.7,6.3,7.7,7.9,7.9,7.7,12.1,15.5,8.7,7.5,6.7,6.7,7.8,9,10.5,20.3,23.8,26,27.5,18.1,13,10.5,6.7,
鳳山,2023/09/01 00:00:00,O3,12.4,10.4,8.6,6.4,8.7,7.7,6.4,10.4,19.3,29.2,29.5,27.8,29.8,29.1,28.6,28.1,20.3,20,17.2,14.4,21.1,24.1,23.6,26.4,
鳳山,2023/09/01 00:00:00,PM10,8,4,6,6,9,11,12,14,26,10,16,16,3,16,16,15,20,16,16,23,22,19,18,17,
鳳山,2023/09/01 00:00:00,PM2.5,3,4,4,3,2,3,3,4,9,6,3,5,3,3,5,4,8,7,11,9,12,11,10,5,
鳳山,2023/09/01 00:00:00,RAINFALL,0,0,0,0,0,0,0,0,0,0,0,0,0,0,0,0,0,0.5,0,0,0,0,0,0,
鳳山,2023/09/01 00:00:00,RH,97,98,99,98,96,98,97,90,73,62,60,58,58,61,66,65,69,85,86,85,87,90,91,91,
鳳山,2023/09/01 00:00:00,SO2,0.8,1.3,1.3,1.1,1.6,1.2,1.2,1.3,1.6,2.1,2.2,1.6,1.5,1.4,1.8,3.1,3.1,2.4,2.2,1.9,1.7,1.8,1.7,1.6,
鳳山,2023/09/01 00:00:00,THC,2.25,2.28,2.35,2.59,2.51,2.37,2.31,2.19,2.16,2.03,2.05,2.03,2.03,2.03,2.01,2.04,2.13,2.26,2.27,2.35,2.21,2.17,2.16,2.1,
鳳山,2023/09/01 00:00:00,WD_HR,95,76,8,47,63,100,100,66,313,134,147,124,120,154,137,124,290,234,271,307,93,79,263,106,
鳳山,2023/09/01 00:00:00,WIND_DIREC,98,19,36,347,86,133,88,87,228,181,131,117,139,219,83,87,255,136,274,280,123,81,264,108,
鳳山,2023/09/01 00:00:00,WIND_SPEED,0.4,0.3,0.3,0.3,0.3,0.4,0.4,0.4,0.8,0.9,1.6,2.1,2.1,1.8,2.1,1.3,0.5,0.5,0.4,0.4,0.5,0.5,0.6,0.3,
鳳山,2023/09/01 00:00:00,WS_HR,0.3,0.3,0.2,0.2,0.3,0.4,0.3,0.1,0.1,0.5,0.5,0.9,1,0.5,0.5,0.6,0.1,0,0.3,0.4,0.2,0.2,0.1,0.1,
鳳山,2023/09/02 00:00:00,AMB_TEMP,28.5,28.3,28.2,28.1,27.8,27.8,27.9,28.5,30,30.5,29.9,29.8,31.8,32.5,32,32,31.2,30.9,30.7,30.1,28.8,28.6,28.9,28.8,
鳳山,2023/09/02 00:00:00,CH4,2.06,2.06,2.06,2.2,2.39,2.65,2.58,2.52,2.23,2.13,2.17,2.09,2.02,1.98,1.98,1.97,1.97,1.96,1.98,2.01,2.15,2.18,2.15,2.19,
鳳山,2023/09/02 00:00:00,CO,0.21,0.19,0.18,0.21,0.24,0.3,0.35,0.46,0.43,0.37,0.76,0.73,0.52,0.35,0.39,0.46,0.56,0.62,0.61,0.48,0.36,0.39,0.45,0.36,
鳳山,2023/09/02 00:00:00,NMHC,0.04,0.05,0.02,0.06,0.09,0.11,0.1,0.1,0.14,0.1,0.24,0.22,0.11,0.06,0.07,0.1,0.14,0.15,0.13,0.1,0.1,0.07,0.11,0.09,
鳳山,2023/09/02 00:00:00,NO,0.3,0.7,0.6,0.6,0.7,0.8,1.5,2.8,3.3,2.1,3.8,5.8,3.8,2.4,3,3.2,3.4,5.3,3.2,2.2,0.9,1,0.9,0.7,
鳳山,2023/09/02 00:00:00,NO2,4.7,4.5,4.3,5.6,7,8.6,8.6,9.4,8.1,8.6,17.4,16.4,12.7,7,8.6,8.1,12.1,12.3,12.3,11.1,11.2,9.7,12.2,10.4,
鳳山,2023/09/02 00:00:00,NOx,5.1,5.3,5,6.3,7.7,9.4,10.1,12.3,11.5,10.7,21.3,22.3,16.5,9.4,11.7,11.3,15.6,17.7,15.5,13.4,12.2,10.8,13.1,11.2,
鳳山,2023/09/02 00:00:00,O3,26.3,24.6,23.3,17.5,11.8,9.2,9.2,11,21.9,30.2,27.4,27.2,37.3,35.4,31.2,32,27.3,17.2,20.5,22.8,18.4,18.6,16.4,15.1,
鳳山,2023/09/02 00:00:00,PM10,21,15,18,17,23,20,33,28,28,24,29,19,20,15,16,18,22,20,19,19,19,19,17,16,
鳳山,2023/09/02 00:00:00,PM2.5,6,9,7,5,7,13,13,14,11,6,18,11,10,6,7,8,6,4,6,5,15,4,4,10,
鳳山,2023/09/02 00:00:00,RAINFALL,0,0,0,0,0,0,0,0,0,0,0,0,0,0,0,0,0,0,0,0,0,0,0,0,
鳳山,2023/09/02 00:00:00,RH,91,92,93,94,96,97,96,94,87,79,89,91,78,69,72,71,75,73,75,80,92,92,91,91,
鳳山,2023/09/02 00:00:00,SO2,1.3,0.8,0.6,0.9,0.7,0.8,0.8,0.7,0.7,1.2,1.2,0.9,1,0.8,0.9,1,0.9,0.9,0.8,1.4,11,1.6,1.4,1.3,
鳳山,2023/09/02 00:00:00,THC,2.11,2.12,2.09,2.27,2.49,2.77,2.69,2.63,2.38,2.24,2.42,2.32,2.14,2.05,2.06,2.08,2.12,2.12,2.12,2.12,2.26,2.26,2.26,2.29,
鳳山,2023/09/02 00:00:00,WD_HR,89,90,98,80,71,86,86,93,73,109,279,276,278,296,284,284,283,283,283,90,103,140,58,94,
鳳山,2023/09/02 00:00:00,WIND_DIREC,98,97,97,47,89,71,98,108,277,132,278,237,283,297,299,275,279,263,302,95,107,101,87,80,
鳳山,2023/09/02 00:00:00,WIND_SPEED,0.6,0.7,0.5,0.3,0.3,0.3,0.6,0.6,0.6,0.5,0.8,1,1.2,1.1,1.4,1.3,1.3,0.4,0.5,0.6,0.8,0.3,0.4,0.4,
鳳山,2023/09/02 00:00:00,WS_HR,0.4,0.4,0.4,0.2,0.2,0.3,0.4,0.4,0.1,0.3,0.5,0.7,0.7,1,0.9,1.1,0.6,0.5,0.3,0,0.6,0.2,0.2,0.4,
鳳山,2023/09/03 00:00:00,AMB_TEMP,28.8,28.7,28.5,28.5,28.4,28.3,28.1,28.3,28.2,27.7,27.2,27,26.9,27.2,27.5,27.8,28.4,28,27.5,27.5,26,26.2,26.4,26.5,
鳳山,2023/09/03 00:00:00,CH4,2.29,2.28,2.47,2.47,2.42,2.55,2.74,2.73,2.84,2.53,2.28,2.18,2.07,2.07,2.1,2.09,1.99,1.98,1.96,1.94,1.95,1.95,1.93,1.93,
鳳山,2023/09/03 00:00:00,CO,0.4,0.4,0.32,0.27,0.24,0.24,0.29,0.4,0.44,0.39,0.31,0.3,0.32,0.4,0.45,0.45,0.34,0.3,0.21,0.17,0.18,0.35,0.1,0.1,
鳳山,2023/09/03 00:00:00,NMHC,0.13,0.14,0.08,0.07,0.05,0.05,0.07,0.11,0.16,0.13,0.07,0.12,0.08,0.15,0.18,0.13,0.06,0.03,0.02,0,0,0,0,0,
鳳山,2023/09/03 00:00:00,NO,0.6,1,1.2,1.2,1.3,1.3,1.5,1.9,3.1,3.1,2.7,2.6,2.9,3.8,4,4.1,3.1,2.3,1.9,1.5,1.3,1.4,1.2,1.1,
鳳山,2023/09/03 00:00:00,NO2,10.4,13,10.8,8.3,6.3,5.8,5.9,7.9,10.3,9.1,8.8,8.5,7.8,9.9,14.8,13.5,6.9,8.4,5.6,4.4,2.8,6.7,1.8,1.2,
鳳山,2023/09/03 00:00:00,NOx,11.1,14.1,12.1,9.6,7.7,7.1,7.4,9.8,13.5,12.3,11.5,11.2,10.8,13.7,18.8,17.7,10,10.7,7.6,5.9,4.1,8.2,3,2.4,
鳳山,2023/09/03 00:00:00,O3,10.5,9.5,9.1,9.6,12,11.3,9.3,7.9,6.8,8.2,7.5,7.9,8.7,9,9.7,14.2,25.2,20.4,21.7,23.6,24.1,20.8,25.6,25.4,
鳳山,2023/09/03 00:00:00,PM10,22,24,22,23,17,23,22,31,29,23,13,15,12,19,19,27,25,21,24,31,5,4,9,10,
鳳山,2023/09/03 00:00:00,PM2.5,11,10,9,8,7,7,6,10,14,10,10,8,6,9,11,10,9,5,9,6,2,3,2,0,
鳳山,2023/09/03 00:00:00,RAINFALL,0,0,0,0,0,0,0,0,0.5,0.5,0,1.5,2,0,1,0.5,0.5,11,21,13.5,86.5,25.5,17.5,1.5,
鳳山,2023/09/03 00:00:00,RH,92,93,93,94,93,94,94,94,96,98,98,98,99,99,99,99,96,97,100,100,100,100,100,100,
鳳山,2023/09/03 00:00:00,SO2,1.1,1.5,1.6,1.1,1.1,1,1.2,2.1,3.3,1.6,1.3,1.3,1.1,1,1.3,0.8,0.8,1.1,0.8,0.6,0.8,1.9,1.2,0.7,
鳳山,2023/09/03 00:00:00,THC,2.42,2.43,2.56,2.55,2.47,2.61,2.82,2.85,3.01,2.67,2.36,2.31,2.16,2.23,2.29,2.23,2.06,2.02,1.99,1.94,1.94,1.96,1.91,1.91,
鳳山,2023/09/03 00:00:00,WD_HR,83,72,88,99,92,91,98,91,90,89,106,89,76,39,325,301,287,256,270,256,119,112,116,118,
鳳山,2023/09/03 00:00:00,WIND_DIREC,2,83,98,109,87,83,81,90,92,50,106,4,257,272,64,310,275,255,265,64,114,134,116,122,
鳳山,2023/09/03 00:00:00,WIND_SPEED,0.3,0.7,0.7,0.4,0.5,0.9,0.7,0.5,0.6,0.3,0.7,0.3,0.3,0.5,0.3,1,0.8,1.7,1.7,2,3.4,3.1,3.1,2.8,
鳳山,2023/09/03 00:00:00,WS_HR,0.3,0.5,0.4,0.4,0.5,0.6,0.6,0.4,0.6,0.4,0.4,0.2,0.1,0,0.2,0.4,0.8,0.7,1.2,0.6,1.1,1.7,2.1,1.7,
鳳山,2023/09/04 00:00:00,AMB_TEMP,26.3,26.4,26.5,26.9,26.6,26.6,26.2,26.4,27.2,27.7,27.2,27.6,27.3,26.8,26.5,26.8,27.1,26.8,26.5,26.3,26.2,26.3,26.4,26.5,
鳳山,2023/09/04 00:00:00,CH4,1.94,1.94,1.94,1.96,1.94,1.97,1.96,1.98,1.99,1.96,1.96,1.94,1.92,1.93,1.95,1.94,1.96,2.03,2,1.99,1.99,2,2.03,2.09,
鳳山,2023/09/04 00:00:00,CO,0.11,0.11,0.11,0.23,0.11,0.26,0.15,0.27,0.37,0.18,0.55,0.23,0.16,0.15,0.16,0.18,0.25,0.5,0.44,0.27,0.28,0.19,0.19,0.18,
鳳山,2023/09/04 00:00:00,NMHC,0,0,0,0,0,0,0,0,0.02,0.02,0.01,0.02,0,0,0,0,0.02,0.07,0.06,0.02,0.03,0.02,0.02,0.01,
鳳山,2023/09/04 00:00:00,NO,1.2,0,0,0,0,0.1,0.2,0.3,1.3,0.9,0.8,1.8,0.9,0.8,0.6,0.8,0.8,1.1,0.5,0.4,0.3,0.1,0.1,0.3,
鳳山,2023/09/04 00:00:00,NO2,1.6,1.3,1.2,4,2,5.1,2.8,4.6,7.4,3.6,4.2,4.3,2.6,3.2,3.7,3.8,4.7,10.4,7.8,6.2,7.3,5.6,5.8,6.2,
鳳山,2023/09/04 00:00:00,NOx,2.8,1.4,1.2,3.9,2.1,5.3,3,5,8.7,4.6,5,6.1,3.6,4,4.3,4.7,5.6,11.6,8.4,6.6,7.7,5.7,5.9,6.6,
鳳山,2023/09/04 00:00:00,O3,26.3,26.1,25.9,20.9,24.5,22.1,22.9,21.9,22.3,25.2,20.6,18.7,14.9,16.2,17.1,19.5,20.7,14.2,16.5,19.2,15.8,16.6,15.8,17.1,
鳳山,2023/09/04 00:00:00,PM10,8,10,9,28,18,8,5,3,15,9,8,13,19,7,17,14,17,21,15,12,21,3,18,12,
鳳山,2023/09/04 00:00:00,PM2.5,0,0,1,6,4,4,3,0,1,1,1,0,1,1,0,0,3,5,3,3,6,3,3,3,
鳳山,2023/09/04 00:00:00,RAINFALL,6.5,21,8,1,0.5,9.5,1,8,5.5,7,5,0.5,7,6,3.5,0.5,0,0,1,0.5,0,0,1,1,
鳳山,2023/09/04 00:00:00,RH,99,100,100,100,100,100,100,100,100,100,100,99,100,100,100,99,97,99,100,100,100,100,100,100,
鳳山,2023/09/04 00:00:00,SO2,0.8,0.4,0.4,1.7,0.9,5.9,1.1,1.4,5,1.9,2,1.9,0.9,0.6,0.6,0.6,0.8,7.6,2.5,1.6,2,1.5,4.1,8.8,
鳳山,2023/09/04 00:00:00,THC,1.92,1.92,1.92,1.97,1.92,1.97,1.97,1.99,2.02,1.99,1.98,1.97,1.92,1.93,1.95,1.95,1.99,2.11,2.07,2.02,2.03,2.03,2.06,2.11,
鳳山,2023/09/04 00:00:00,WD_HR,115,117,114,124,139,86,103,106,103,116,127,122,316,342,13,16,81,106,109,107,104,95,77,109,
鳳山,2023/09/04 00:00:00,WIND_DIREC,103,107,119,253,142,321,96,131,101,124,124,33,323,355,305,147,97,125,109,89,112,78,75,104,
鳳山,2023/09/04 00:00:00,WIND_SPEED,3.3,4.3,4.1,3.1,2.1,0.6,0.6,1.6,1.9,2.7,2.2,1.8,1.5,1,1,1.1,0.9,1.1,1,1.3,0.7,0.4,0.6,0.7,
鳳山,2023/09/04 00:00:00,WS_HR,1.9,2.1,2.5,1.1,0.2,0.2,0.2,0.7,0.7,1.1,0.6,0.2,0.3,0.2,0.1,0.1,0.3,0.8,0.6,1,0.8,0.4,0.3,0.2,
鳳山,2023/09/05 00:00:00,AMB_TEMP,26.4,26.4,26.3,26.7,26.9,26.4,26.5,27.8,29.2,30.8,31.1,31.3,30.8,28.9,29.2,29.7,29.7,29.3,28.8,28.7,28.3,28,27.8,27.7,
鳳山,2023/09/05 00:00:00,CH4,2.06,2.05,1.96,1.96,1.98,2.02,2.05,2.04,2.02,2.01,2.01,2,2,2.01,2.01,1.99,2.02,2.01,2.01,2.01,2.02,2.04,2.04,2.04,
鳳山,2023/09/05 00:00:00,CO,0.15,0.15,0.13,0.13,0.15,0.18,0.32,0.4,0.38,0.38,0.39,0.32,0.3,0.39,0.45,0.4,0.82,0.44,0.41,0.34,0.3,0.29,0.29,0.24,
鳳山,2023/09/05 00:00:00,NMHC,0,0,0,0,0,0,0.03,0.06,0.08,0.1,0.1,0.06,0.07,0.08,0.09,0.07,0.15,0.09,0.12,0.05,0.06,0.08,0.07,0.05,
鳳山,2023/09/05 00:00:00,NO,0,0.7,0.7,0.6,0.6,0.6,0.9,1.9,2.5,2.7,2.4,2.1,1.9,2.3,3.4,3.1,4.7,2.3,1.1,1.1,0.8,0.7,0.7,0.7,
鳳山,2023/09/05 00:00:00,NO2,5.2,3.6,2.1,1.6,1.7,2,4.7,7.9,7.6,6.4,6.5,4.5,4.9,11.1,11.2,8.4,16.7,11,10.4,9.3,6.8,6.1,6.1,4.6,
鳳山,2023/09/05 00:00:00,NOx,5.3,4.4,2.9,2.2,2.4,2.7,5.7,9.9,10.2,9.2,9,6.7,6.9,13.5,14.6,11.6,21.5,13.4,11.5,10.5,7.6,6.9,6.8,5.4,
鳳山,2023/09/05 00:00:00,O3,20.7,23.2,26.2,25.6,25.9,28.3,22.9,21.3,24.8,32,34.8,35.7,34.6,25.2,24.3,24.4,16.3,21.6,20.9,22.4,25.1,25.2,24.4,25.4,
鳳山,2023/09/05 00:00:00,PM10,10,10,11,6,5,4,8,12,12,24,23,18,25,20,25,22,20,14,19,16,18,13,18,13,
鳳山,2023/09/05 00:00:00,PM2.5,4,4,1,2,0,0,1,1,4,7,8,7,5,7,9,8,9,7,6,4,4,4,3,6,
鳳山,2023/09/05 00:00:00,RAINFALL,0,0,0,0,0.5,0,0,0,0,0,0,0,0,1.5,0,0,0,0,0,0,0,0,0,0,
鳳山,2023/09/05 00:00:00,RH,100,100,100,99,99,100,99,96,92,88,87,86,88,94,95,92,88,90,94,93,94,96,97,97,
鳳山,2023/09/05 00:00:00,SO2,6.8,2.1,1.2,0.8,0.5,0.6,1.9,1,0.7,0.8,0.9,0.9,1,1,1.4,2.8,13.9,2.7,0.9,0.8,0.9,0.8,0.8,0.8,
鳳山,2023/09/05 00:00:00,THC,2.07,2.05,1.94,1.95,1.97,2.02,2.09,2.11,2.1,2.12,2.12,2.07,2.08,2.1,2.11,2.07,2.18,2.11,2.14,2.07,2.09,2.13,2.12,2.1,
鳳山,2023/09/05 00:00:00,WD_HR,99,131,140,109,130,134,120,116,121,121,119,116,118,73,83,113,130,113,104,112,109,95,103,113,
鳳山,2023/09/05 00:00:00,WIND_DIREC,103,147,117,102,125,140,116,110,124,109,125,121,108,338,324,97,121,105,117,109,102,103,96,104,
鳳山,2023/09/05 00:00:00,WIND_SPEED,0.4,1.2,1.3,1.1,1.1,0.9,0.4,1.1,1.4,1.7,2.1,2.6,1.7,0.5,1,1.6,1.2,1.2,1.4,1.6,1,0.6,0.9,0.6,
鳳山,2023/09/05 00:00:00,WS_HR,0.3,0.6,0.5,0.6,0.8,0.6,0.4,0.7,0.9,0.7,0.8,1.3,1,0.1,0.2,0.7,0.3,0.7,0.8,0.7,0.8,0.6,0.5,0.6,
鳳山,2023/09/06 00:00:00,AMB_TEMP,27.9,27.2,27,26.5,26.3,26.4,26.7,28,30.2,31.7,31.9,32.8,32.5,32.2,32.2,32,31.4,30.6,29.8,29.1,27.4,27.1,27.4,27.3,
鳳山,2023/09/06 00:00:00,CH4,2.06,2.06,2.07,2.06,2.08,2.11,2.17,2.19,2.14,2.11,2.07,2.04,2.02,1.99,1.97,1.97,1.96,1.96,1.98,1.98,2.08,2.07,2.09,2.07,
鳳山,2023/09/06 00:00:00,CO,0.23,0.22,0.19,0.2,0.23,0.24,0.38,0.61,0.48,0.47,0.42,0.48,0.54,0.37,0.34,0.37,0.38,0.45,0.51,0.3,0.27,0.25,0.25,0.21,
鳳山,2023/09/06 00:00:00,NMHC,0.08,0.04,0,0,0.01,0.03,0.07,0.16,0.09,0.09,0.12,0.13,0.1,0.09,0.08,0.08,0.08,0.1,0.12,0.07,0.05,0.05,0.09,0.06,
鳳山,2023/09/06 00:00:00,NO,0.5,1,0.9,0.8,0.7,0.9,1.1,3.1,3.6,3.4,2.5,3.6,5.3,5.4,6.7,6.2,5.7,3.9,2.7,1.1,0.9,1,0.9,0.6,
鳳山,2023/09/06 00:00:00,NO2,5.3,4.5,3.1,1.9,2.4,4.2,7.2,11.4,9.7,10.6,9.6,12.8,15.1,12.1,12.7,13.1,12.4,14,13.5,6.9,5.9,5,4.8,4.6,
鳳山,2023/09/06 00:00:00,NOx,5.8,5.6,4.1,2.7,3.1,5.2,8.4,14.6,13.4,14.1,12.1,16.5,20.4,17.6,19.4,19.3,18.2,17.9,16.2,8,6.9,6,5.8,5.2,
鳳山,2023/09/06 00:00:00,O3,26.2,29,29.3,32.4,31.6,28.5,20.2,17.5,25.7,33.3,43.7,36.4,26.5,22.8,19.7,19.3,18.1,17.3,16.4,23,25.8,27.3,26.5,27.8,
鳳山,2023/09/06 00:00:00,PM10,14,12,14,12,9,9,15,9,12,23,22,25,32,26,17,17,18,19,19,14,17,4,5,5,
鳳山,2023/09/06 00:00:00,PM2.5,5,6,8,4,1,1,8,8,6,10,11,9,11,11,9,7,6,7,6,4,3,2,5,3,
鳳山,2023/09/06 00:00:00,RAINFALL,0,15,4,1,0,0,0,0,0,0,0,0,0,0,0,0,0,0,0,0,0,0,0,0,
鳳山,2023/09/06 00:00:00,RH,96,99,100,100,100,100,100,97,89,74,71,66,67,70,70,71,75,84,90,92,93,91,89,89,
鳳山,2023/09/06 00:00:00,SO2,0.8,1,0.9,0.8,1.7,1.6,1.2,1.8,2,7.2,3.4,9.3,12.3,28,5.1,5.9,2.8,1.7,3.2,1,0.9,1,0.8,0.9,
鳳山,2023/09/06 00:00:00,THC,2.14,2.11,2.07,2.05,2.1,2.15,2.25,2.36,2.24,2.21,2.19,2.18,2.13,2.09,2.06,2.06,2.05,2.07,2.11,2.06,2.14,2.13,2.19,2.14,
鳳山,2023/09/06 00:00:00,WD_HR,97,84,114,104,89,93,78,89,105,114,127,152,180,276,289,288,185,138,115,97,104,102,101,92,
鳳山,2023/09/06 00:00:00,WIND_DIREC,81,82,111,107,72,126,81,78,117,118,131,281,201,157,294,11,94,143,119,88,104,97,90,102,
鳳山,2023/09/06 00:00:00,WIND_SPEED,0.6,0.4,1.1,0.4,0.3,0.5,0.3,0.6,0.6,1.2,1.6,1,1.1,1.2,1,1.1,0.9,0.7,0.7,0.7,1,0.5,0.4,0.5,
鳳山,2023/09/06 00:00:00,WS_HR,0.3,0.3,0.5,0.6,0.3,0.3,0.2,0.4,0.5,0.6,0.8,0.4,0.3,0.3,0.4,0.4,0.1,0.1,0.3,0.6,0.8,0.4,0.6,0.4,
鳳山,2023/09/07 00:00:00,AMB_TEMP,27.2,27.2,27.6,27.5,27.4,27,27,28.5,29.8,30.7,30.9,31.1,29.4,28.1,27.5,27.6,27.4,26.3,25.8,25.9,26.1,25.9,26,25.8,
鳳山,2023/09/07 00:00:00,CH4,2.12,2.18,2.34,2.33,2.31,2.2,2.15,2.13,2.06,2.04,2.05,2.05,2.05,2.07,2.07,2.06,2.12,2.03,2,1.98,2,2.01,2.05,2.09,
鳳山,2023/09/07 00:00:00,CO,0.22,0.23,0.26,0.24,0.24,0.23,0.28,0.39,0.42,0.41,0.65,0.8,0.59,0.43,0.39,0.5,0.41,0.51,0.72,0.67,0.46,0.3,0.32,0.22,
鳳山,2023/09/07 00:00:00,NMHC,0.03,0.06,0.13,0.11,0.08,0.05,0.04,0.07,0.09,0.09,0.22,0.29,0.22,0.16,0.14,0.51,0.22,0.25,0.2,0.2,0.16,0.15,0.12,0.03,
鳳山,2023/09/07 00:00:00,NO,0.9,0.7,0.5,0.6,0.4,0.5,0.8,2.9,3.7,3.7,7.6,5.7,4.8,1.9,1,1.4,1.2,2.9,6.5,9.9,2.6,0.9,0.9,0.6,
鳳山,2023/09/07 00:00:00,NO2,4.9,6.1,7.4,8.1,8,6.7,6,7.3,9.1,10.7,21.6,21.6,22.5,17.1,17.1,19.5,16.5,14.9,23,26.7,20.7,12.9,13.1,7.6,
鳳山,2023/09/07 00:00:00,NOx,5.8,6.8,8,8.7,8.4,7.3,6.9,10.2,12.8,14.5,29.2,27.3,27.4,19,18.2,20.9,17.7,17.9,29.6,36.7,23.3,13.9,14,8.3,
鳳山,2023/09/07 00:00:00,O3,26.9,23.3,16.8,13.5,12.3,A,11.2,11.4,16.3,#,21.1,23.8,23.6,26.2,28.5,21.8,17.5,11.2,4.1,2.8,5.9,11.8,8.1,15.5,
鳳山,2023/09/07 00:00:00,PM10,5,9,16,10,14,8,12,14,13,21,27,27,22,14,13,18,#,3,5,8,8,4,4,8,
鳳山,2023/09/07 00:00:00,PM2.5,0,0,1,4,4,2,1,2,6,9,11,9,8,6,11,11,#,2,1,1,3,2,0,2,
鳳山,2023/09/07 00:00:00,RAINFALL,0,0,0,0,0,0,0,0,0,0,0,0,7,1.5,1,0,3,15.5,3.5,0,0,0,1,0.5,
鳳山,2023/09/07 00:00:00,RH,91,90,90,92,93,94,92,88,85,79,75,74,90,97,99,98,99,100,100,100,100,100,100,100,
鳳山,2023/09/07 00:00:00,SO2,1.5,3.8,1.7,1.1,1,0.9,0.8,1.1,1.6,2,2.8,3,1.8,1.2,1,0.9,0.8,0.8,0.9,0.8,0.9,0.8,0.8,0.6,
鳳山,2023/09/07 00:00:00,THC,2.16,2.25,2.48,2.45,2.4,2.26,2.2,2.21,2.16,2.14,2.28,2.35,2.28,2.24,2.22,2.58,2.35,2.29,2.21,2.19,2.17,2.16,2.18,2.13,
鳳山,2023/09/07 00:00:00,WD_HR,67,99,70,92,100,102,98,107,142,114,282,272,273,74,111,91,101,14,344,316,78,75,123,113,
鳳山,2023/09/07 00:00:00,WIND_DIREC,40,86,11,100,122,121,104,117,257,80,276,273,324,21,128,97,98,323,23,282,99,84,132,99,
鳳山,2023/09/07 00:00:00,WIND_SPEED,0.3,0.3,0.3,0.4,0.6,0.4,0.5,0.8,0.6,0.9,0.9,0.9,0.3,0.4,0.4,0.4,0.5,0.4,0.3,0.3,0.3,0.3,0.9,0.6,
鳳山,2023/09/07 00:00:00,WS_HR,0.3,0.2,0.3,0.4,0.5,0.4,0.5,0.4,0.2,0.4,0.5,0.8,0.4,0.2,0.3,0.3,0.5,0.1,0.2,0.2,0.2,0.2,0.6,0.6,
鳳山,2023/09/08 00:00:00,AMB_TEMP,25.5,25.3,25.1,25.2,25.4,25.8,26,26.5,26.8,27.4,27.9,28.1,27,27.1,26.7,26.6,27.2,25.7,25.5,25.4,25,25,25.1,25,
鳳山,2023/09/08 00:00:00,CH4,2.02,2.04,2.09,2.06,2.09,2.09,2.21,2.37,2.28,1.99,1.97,1.96,1.98,1.95,1.94,1.94,1.95,1.95,1.98,2.02,2.02,2.03,2.04,2.03,
鳳山,2023/09/08 00:00:00,CO,0.17,0.15,0.13,0.17,0.17,0.19,0.29,0.54,0.6,0.36,0.36,0.46,0.49,0.29,0.28,0.29,0.54,0.53,0.47,0.47,0.33,0.25,0.22,0.17,
鳳山,2023/09/08 00:00:00,NMHC,0,0.01,0,0,0,0.02,0.07,0.16,0.16,0.15,0.14,0.17,0.12,0.1,0.08,0.08,0.15,0.12,0.12,0.13,0.07,0.08,0.04,0.04,
鳳山,2023/09/08 00:00:00,NO,0.5,0,0.1,0,0.2,0,0.5,2,3.5,2.1,2.6,2.3,4.4,4.3,3.8,3.4,6.8,3.7,1.8,1.7,1,0.5,0.4,0.3,
鳳山,2023/09/08 00:00:00,NO2,3.6,3.9,2.8,3.8,3.2,3.8,6.8,10.7,14.6,10.8,9.2,9.6,14.8,13.8,11.6,11.6,18.3,13,13.4,19.4,11.3,8.8,7,5.5,
鳳山,2023/09/08 00:00:00,NOx,4.1,3.8,2.9,3.8,3.4,3.7,7.4,12.7,18.1,12.9,11.9,11.9,19.3,18.2,15.5,15.1,25.1,16.8,15.2,21.1,12.4,9.3,7.5,5.8,
鳳山,2023/09/08 00:00:00,O3,21.5,21.7,24.1,22,21.8,20.9,15,10.7,9.3,16.4,19.4,19.1,14.9,16.2,18.7,15.2,9.9,15,17.9,8.4,15.6,16.9,18.3,18.4,
鳳山,2023/09/08 00:00:00,PM10,4,2,1,1,5,4,8,10,13,10,16,8,9,6,6,7,4,6,6,9,7,2,1,0,
鳳山,2023/09/08 00:00:00,PM2.5,0,0,1,3,2,2,1,0,1,3,4,4,4,2,0,2,3,2,2,3,2,1,6,4,
鳳山,2023/09/08 00:00:00,RAINFALL,3.5,2.5,0.5,0,0,0,0,0,0,0,0,1.5,5,1,1,0.5,9,17.5,3,6,1.5,0.5,1,0,
鳳山,2023/09/08 00:00:00,RH,100,100,100,100,100,100,100,100,99,98,95,94,99,99,99,100,98,100,100,100,100,100,100,100,
鳳山,2023/09/08 00:00:00,SO2,0.5,1.2,1.3,1.1,1,1.1,1.6,3.5,3.7,1.8,1.5,1.4,2.2,1.3,1.1,1.2,1.2,1.2,0.9,1.3,1.8,3.2,2.1,4.8,
鳳山,2023/09/08 00:00:00,THC,2.03,2.06,2.08,2.07,2.1,2.12,2.29,2.54,2.45,2.15,2.12,2.14,2.11,2.06,2.03,2.03,2.11,2.08,2.11,2.15,2.1,2.12,2.09,2.07,
鳳山,2023/09/08 00:00:00,WD_HR,114,107,92,96,78,74,82,76,95,112,113,98,86,172,256,93,265,288,1,83,95,88,98,86,
鳳山,2023/09/08 00:00:00,WIND_DIREC,102,90,86,96,61,85,67,101,110,106,107,319,317,207,253,93,321,292,97,97,86,97,94,58,
鳳山,2023/09/08 00:00:00,WIND_SPEED,0.7,0.5,0.4,0.5,0.3,0.4,0.3,0.3,0.7,0.9,1.2,0.4,0.8,0.8,0.7,0.7,0.5,1.2,0.5,0.6,0.4,0.7,0.4,0.3,
鳳山,2023/09/08 00:00:00,WS_HR,0.6,0.4,0.4,0.3,0.3,0.3,0.2,0.2,0.3,0.6,0.5,0.4,0.2,0,0.4,0.4,0.2,0.4,0.1,0.5,0.5,0.4,0.2,0.3,
鳳山,2023/09/09 00:00:00,AMB_TEMP,25.1,25,25,24.9,24.9,25,25.3,26.1,26.6,26.4,28.2,28.8,27.4,26.3,26.1,26.2,26.1,25.7,25.4,25.1,25,25.2,24.9,24.7,
鳳山,2023/09/09 00:00:00,CH4,2.16,2.15,2.23,2.13,2.03,2.11,2.27,2.39,2.2,1.94,1.95,1.92,1.92,1.95,1.96,1.98,1.98,2.02,2.06,2.05,2,1.97,1.95,2.03,
鳳山,2023/09/09 00:00:00,CO,0.18,0.15,0.15,0.14,0.13,0.21,0.38,0.47,0.42,0.35,0.32,0.29,0.32,0.3,0.31,0.29,0.36,0.48,0.34,0.28,0.21,0.23,0.16,0.17,
鳳山,2023/09/09 00:00:00,NMHC,0.08,0.03,0.02,0,0,0.04,0.1,0.12,0.11,0.09,0.06,0.05,0.06,0.07,0.06,0.09,0.12,0.13,0.08,0.05,0.02,0.03,0.02,0.02,
鳳山,2023/09/09 00:00:00,NO,0.1,0.6,0.5,0.7,0.7,1.2,1.5,3.1,4.4,2.9,2.8,2.4,2.4,5.9,3,3,2.7,1.9,1.2,1.2,1.1,1,0.7,0.6,
鳳山,2023/09/09 00:00:00,NO2,8.1,3.8,4.8,4.9,3.6,5.5,8.5,9.3,10.7,8,6.9,5.1,7,12.8,12.2,14,17,14.7,10.6,7.1,5.9,6.8,4.8,4.3,
鳳山,2023/09/09 00:00:00,NOx,8.2,4.4,5.3,5.7,4.3,6.7,10,12.4,15.2,11,9.8,7.6,9.4,18.8,15.2,17,19.7,16.7,11.8,8.3,7,7.9,5.6,4.9,
鳳山,2023/09/09 00:00:00,O3,15.4,18,15.3,14.9,16.4,13,8.9,8.5,10.2,15.8,20,22.1,18.7,17,16.8,15.2,12.6,13.2,17.7,19.1,20.9,19.2,21.9,21.9,
鳳山,2023/09/09 00:00:00,PM10,1,3,2,6,6,5,5,9,11,6,7,12,7,7,8,7,9,7,5,3,2,4,5,3,
鳳山,2023/09/09 00:00:00,PM2.5,1,1,0,0,0,0,5,3,3,4,4,3,4,3,1,0,2,3,2,0,0,1,2,1,
鳳山,2023/09/09 00:00:00,RAINFALL,0,0,0,0.5,0,0,0,0,7,1.5,0,0,2,18,2,0.5,1,7,0.5,3,16,4,1,1,
鳳山,2023/09/09 00:00:00,RH,100,100,100,100,100,100,100,99,98,100,96,91,97,99,100,100,100,100,100,100,100,100,100,100,
鳳山,2023/09/09 00:00:00,SO2,12.6,1.4,0.9,0.6,0.6,0.6,0.5,0.8,1.6,0.7,0.9,0.8,0.6,0.5,1.1,1.2,0.9,1.9,1.1,0.9,1.3,0.8,0.6,1.7,
鳳山,2023/09/09 00:00:00,THC,2.25,2.19,2.25,2.14,2.03,2.16,2.38,2.52,2.32,2.04,2.02,1.98,1.99,2.03,2.03,2.08,2.11,2.16,2.15,2.11,2.03,2.01,1.98,2.06,
鳳山,2023/09/09 00:00:00,WD_HR,90,89,77,92,98,90,64,69,119,105,121,121,105,314,124,91,99,96,85,106,113,93,93,89,
鳳山,2023/09/09 00:00:00,WIND_DIREC,89,84,99,94,97,67,88,69,65,109,109,127,98,39,158,91,117,65,89,55,99,124,76,110,
鳳山,2023/09/09 00:00:00,WIND_SPEED,0.5,0.3,0.3,0.3,0.3,0.3,0.3,0.3,0.3,0.6,0.9,1.4,0.4,0.3,0.6,0.5,0.7,0.4,0.4,0.4,0.4,0.6,0.4,0.4,
鳳山,2023/09/09 00:00:00,WS_HR,0.4,0.4,0.3,0.2,0.3,0.2,0.2,0.2,0.3,0.2,0.6,0.9,0.3,0.4,0.2,0.3,0.4,0.4,0.4,0.4,0.3,0.4,0.5,0.4,
鳳山,2023/09/10 00:00:00,AMB_TEMP,24.7,24.9,25.3,25.6,25.3,25.2,25.6,26.4,27,27,26.8,27.8,28.5,28.6,28.5,28.5,28.4,28.1,27.6,27.5,26.9,26.6,26.2,25.9,
鳳山,2023/09/10 00:00:00,CH4,2.12,2.08,1.98,1.99,2.04,2.07,2.01,1.97,1.97,1.96,1.97,1.98,1.97,1.97,1.97,1.97,1.99,1.99,2.04,2.08,2.14,2.2,2.23,2.15,
鳳山,2023/09/10 00:00:00,CO,0.19,0.16,0.14,0.18,0.16,0.17,0.24,0.28,0.34,0.36,0.3,0.48,0.36,0.34,0.34,0.42,0.51,0.55,0.69,0.73,0.39,0.43,0.37,0.29,
鳳山,2023/09/10 00:00:00,NMHC,0.04,0.01,0,0.05,0,0,0,0.03,0.05,0.08,0.08,0.08,0.06,0.04,0.08,0.07,0.09,0.13,0.19,0.2,0.09,0.09,0.09,0.05,
鳳山,2023/09/10 00:00:00,NO,0.4,0.6,0.3,0.4,0.4,0.6,0.6,1,1,1.1,1.2,2.7,2.2,1.9,2,1.9,2.2,1.4,1.2,2.5,0.8,1,0.7,0.5,
鳳山,2023/09/10 00:00:00,NO2,5.2,3.7,2.6,3.9,2.4,2.9,3.6,4.1,5,6,7.2,11,10.1,9,8.1,9.4,12,11.2,17.4,22.5,11.1,10.5,9.9,7.9,
鳳山,2023/09/10 00:00:00,NOx,5.7,4.3,3,4.3,2.9,3.6,4.2,5.1,6.1,7.2,8.4,13.8,12.3,11,10.1,11.3,14.3,12.7,18.6,25,11.9,11.5,10.7,8.4,
鳳山,2023/09/10 00:00:00,O3,18.6,19.9,23.7,23.2,22.4,22,21.5,21.3,19.9,20.2,22.2,23.4,33.7,36.2,34.3,33,32,33.8,26.5,17.8,24.5,22.6,20.1,19.9,
鳳山,2023/09/10 00:00:00,PM10,5,9,5,2,4,3,3,5,8,6,10,13,13,15,11,16,19,19,25,21,8,16,15,11,
鳳山,2023/09/10 00:00:00,PM2.5,2,1,1,2,2,3,3,1,5,4,1,6,4,4,6,4,5,6,7,7,8,12,10,6,
鳳山,2023/09/10 00:00:00,RAINFALL,0,0,1.5,0,0,0,0,0,0,3.5,2.5,0,0,0,0.5,0,0,0,0,0,0,1,0,0,
鳳山,2023/09/10 00:00:00,RH,100,100,100,100,100,100,100,99,98,99,100,98,92,91,93,93,91,92,93,95,99,99,100,100,
鳳山,2023/09/10 00:00:00,SO2,2.8,1.1,0.5,0.6,0.6,0.7,0.5,0.6,0.5,0.4,0.7,1.1,1.1,0.7,0.8,0.8,0.9,0.8,0.9,1,0.8,0.7,0.6,0.7,
鳳山,2023/09/10 00:00:00,THC,2.17,2.1,1.97,2.05,2.03,2.07,2.02,2.01,2.03,2.05,2.06,2.07,2.04,2.02,2.06,2.05,2.09,2.13,2.24,2.29,2.24,2.3,2.33,2.21,
鳳山,2023/09/10 00:00:00,WD_HR,92,107,104,89,101,102,114,115,104,112,103,88,302,269,276,259,273,352,32,54,79,39,62,84,
鳳山,2023/09/10 00:00:00,WIND_DIREC,165,83,67,75,109,121,107,106,79,155,92,353,309,261,268,282,287,300,9,82,84,55,83,74,
鳳山,2023/09/10 00:00:00,WIND_SPEED,0.4,0.4,0.3,0.4,0.5,0.5,0.6,0.6,0.4,0.5,0.6,0.4,0.5,1.1,1.3,0.8,0.5,0.3,0.3,0.6,0.3,0.3,0.4,0.3,
鳳山,2023/09/10 00:00:00,WS_HR,0.3,0.3,0.3,0.4,0.3,0.3,0.4,0.4,0.4,0.4,0.6,0.3,0.3,0.5,0.7,0.6,0.4,0.2,0.2,0.3,0.2,0.2,0.2,0.2,
鳳山,2023/09/11 00:00:00,AMB_TEMP,25.6,25.7,25.7,25.7,25.5,25.7,25.9,27.1,28.6,29.7,30.1,31.6,31.7,32.4,31.7,31.7,30.8,30.1,29.4,29.2,28.7,28,27.6,27.2,
鳳山,2023/09/11 00:00:00,CH4,2.28,2.3,2.41,2.39,2.38,2.33,2.38,2.14,2.08,2.09,2.08,2.03,2.02,2,1.99,1.98,1.99,1.99,2.01,2.02,2.08,2.2,2.23,2.34,
鳳山,2023/09/11 00:00:00,CO,0.23,0.29,0.27,0.23,0.19,0.28,0.37,0.5,0.39,0.54,0.68,0.52,0.48,0.33,0.35,0.41,0.64,0.79,0.85,0.76,0.52,0.43,0.44,0.33,
鳳山,2023/09/11 00:00:00,NMHC,0.02,0.04,0.08,0.06,0.03,0.05,0.11,0.11,0.07,0.15,0.18,0.12,0.11,0.05,0.05,0.09,0.16,0.19,0.21,0.18,0.14,0.14,0.15,0.1,
鳳山,2023/09/11 00:00:00,NO,0.5,0.9,0.7,0.8,0.8,0.9,1.4,3.2,3.9,3.3,4.9,3.2,3.3,3.5,3.4,3.3,6.1,5.5,2.9,2.4,1.4,0.7,0.7,0.8,
鳳山,2023/09/11 00:00:00,NO2,5.6,7.1,7.1,7.1,5.7,5.8,8.5,10.4,9.2,16.2,19.4,12.7,17.8,12.9,11.2,9.6,17.2,17,17.9,16.5,13.1,12,12.2,10.3,
鳳山,2023/09/11 00:00:00,NOx,6.1,8.1,7.9,7.9,6.5,6.7,10,13.6,13.2,19.5,24.3,15.9,21.2,16.5,14.6,12.9,23.4,22.5,20.9,18.9,14.5,12.8,13,11.1,
鳳山,2023/09/11 00:00:00,O3,19,18.2,15.8,13,13.9,14.6,10.5,16,25.5,31.8,31.5,52,41.6,43.1,41.1,43.5,37,31.2,31.3,30.1,31.1,26.3,25.4,25,
鳳山,2023/09/11 00:00:00,PM10,14,13,15,14,15,15,18,20,15,15,19,18,12,12,14,13,15,21,21,25,24,20,19,20,
鳳山,2023/09/11 00:00:00,PM2.5,6,5,5,7,3,1,2,6,5,5,9,11,10,8,10,6,9,8,15,14,13,14,16,13,
鳳山,2023/09/11 00:00:00,RAINFALL,0,0,0,0,0,0,0,0,0,0,0,0,0,0,0,0,0,0,0,0,0,0,0,0,
鳳山,2023/09/11 00:00:00,RH,100,100,100,100,100,100,99,95,88,78,77,68,68,66,66,65,69,73,80,86,88,89,90,93,
鳳山,2023/09/11 00:00:00,SO2,0.4,0.8,1.3,1.9,1.1,0.8,1.1,1,2.3,2.6,1.9,1.7,1.7,1.4,1.3,1,1,0.9,0.9,1,1.2,1.2,0.9,0.8,
鳳山,2023/09/11 00:00:00,THC,2.31,2.34,2.5,2.46,2.41,2.39,2.49,2.26,2.16,2.25,2.27,2.16,2.14,2.06,2.05,2.08,2.16,2.19,2.23,2.2,2.23,2.35,2.39,2.44,
鳳山,2023/09/11 00:00:00,WD_HR,71,356,76,92,66,343,73,102,103,184,278,266,287,268,258,263,289,274,304,280,87,91,88,90,
鳳山,2023/09/11 00:00:00,WIND_DIREC,27,3,165,94,343,29,100,117,100,271,0,247,279,237,263,275,278,274,286,284,74,92,77,83,
鳳山,2023/09/11 00:00:00,WIND_SPEED,0.3,0.3,0.3,0.4,0.3,0.3,0.3,0.5,0.6,0.6,0.4,0.9,1.2,1.3,1.6,1.1,0.8,0.5,0.4,0.3,0.4,0.5,0.3,0.5,
鳳山,2023/09/11 00:00:00,WS_HR,0.2,0.2,0.2,0.3,0.2,0.2,0.3,0.3,0.5,0.1,0.2,0.3,0.7,0.9,1.2,1,0.7,0.6,0.2,0.3,0.1,0.4,0.3,0.5,
鳳山,2023/09/12 00:00:00,AMB_TEMP,26.7,26.4,26.2,26.3,26.1,26.1,26.3,27.9,29.3,30.8,31.5,31.7,32.6,32.2,31.6,31,30.9,30.3,29.8,29.5,28.4,28.1,27.9,27.8,
鳳山,2023/09/12 00:00:00,CH4,2.28,2.3,2.22,2.25,2.39,2.27,2.25,2.28,2.15,2.04,2.02,2,2.01,2,1.98,1.97,1.97,1.98,1.98,2.02,2.2,2.19,2.27,2.26,
鳳山,2023/09/12 00:00:00,CO,0.28,0.23,0.22,0.22,0.22,0.26,0.33,0.5,0.49,0.49,0.56,0.47,0.39,0.28,0.27,0.34,0.41,0.49,0.54,0.49,0.39,0.36,0.35,0.32,
鳳山,2023/09/12 00:00:00,NMHC,0.06,0.05,0.03,0.06,0.06,0.08,0.07,0.1,0.1,0.1,0.11,0.11,0.09,0.05,0.06,0.06,0.1,0.13,0.11,0.1,0.1,0.09,0.09,0.08,
鳳山,2023/09/12 00:00:00,NO,0.9,0.4,0.3,0.1,0.2,0.3,1.1,2.6,4.8,6.1,4.7,4.6,2.8,2.4,2.2,2.7,3.7,2.5,2.1,1.8,0.5,0.3,0.4,0.4,
鳳山,2023/09/12 00:00:00,NO2,7.9,5.7,5.5,6,6.1,6.5,7.5,7.9,15.3,14.5,16.5,16.5,8.9,7.1,7.2,7.9,10.5,11.6,12.6,11.8,11.7,11,10.2,9.7,
鳳山,2023/09/12 00:00:00,NOx,8.8,6.2,5.8,6.1,6.4,6.8,8.6,10.5,20.2,20.7,21.2,21.2,11.8,9.6,9.5,10.7,14.3,14.1,14.8,13.6,12.2,11.4,10.7,10.2,
鳳山,2023/09/12 00:00:00,O3,22.3,21.4,20.9,17.4,14.2,15.6,11.6,16.4,21.6,27.7,32.5,32.7,37.7,37.5,32,28.7,27.5,25.3,22.1,23.3,19.6,17.7,16.8,17.8,
鳳山,2023/09/12 00:00:00,PM10,16,15,19,16,19,26,15,19,26,23,21,31,13,13,14,17,15,12,17,17,23,24,16,26,
鳳山,2023/09/12 00:00:00,PM2.5,7,5,6,7,8,7,8,7,11,7,13,11,7,3,2,4,3,5,8,7,14,12,14,11,
鳳山,2023/09/12 00:00:00,RAINFALL,0,0,0,0,0,0,0,0,0,0,0,0,0,0,0,0,0,0,0,0,0,0,0,0,
鳳山,2023/09/12 00:00:00,RH,95,95,96,95,96,95,94,90,82,69,65,64,58,57,59,63,64,66,70,73,89,89,90,91,
鳳山,2023/09/12 00:00:00,SO2,0.7,0.5,0.5,0.5,0.5,0.6,0.6,0.9,2.4,2.8,3.3,3.8,1.3,1.1,0.8,0.6,0.8,0.7,0.6,0.8,0.8,1,0.9,1.1,
鳳山,2023/09/12 00:00:00,THC,2.35,2.36,2.26,2.31,2.45,2.36,2.33,2.39,2.26,2.15,2.14,2.12,2.11,2.06,2.04,2.04,2.08,2.12,2.1,2.13,2.31,2.29,2.37,2.35,
鳳山,2023/09/12 00:00:00,WD_HR,91,99,58,92,83,78,91,113,354,264,282,271,268,258,257,268,252,270,263,301,101,94,95,72,
鳳山,2023/09/12 00:00:00,WIND_DIREC,95,107,58,78,79,115,94,165,294,270,325,257,267,253,269,257,234,236,259,100,94,109,82,76,
鳳山,2023/09/12 00:00:00,WIND_SPEED,0.5,0.4,0.3,0.3,0.3,0.3,0.4,0.8,0.9,0.9,0.9,1.2,1.4,1.7,1.6,1.1,1,0.5,0.7,0.7,0.4,0.5,0.4,0.3,
鳳山,2023/09/12 00:00:00,WS_HR,0.4,0.4,0.2,0.3,0.3,0.2,0.4,0.4,0,0.4,0.3,0.6,1.1,1.1,0.8,0.8,0.6,0.7,0.5,0,0.5,0.5,0.4,0.3,
鳳山,2023/09/13 00:00:00,AMB_TEMP,27.4,27.2,26.8,26.6,26.4,26.2,26.5,27.9,29.6,29.9,30.4,31.6,32.9,32.7,32.1,31.9,31.2,30.4,29.7,29.6,29.8,29.5,29.2,28.4,
鳳山,2023/09/13 00:00:00,CH4,2.18,2.21,2.3,2.3,2.27,2.18,2.15,2.09,2.05,2.04,2.07,1.99,2,2.02,2.02,1.98,1.97,1.98,1.99,2,2,1.98,2.04,2.03,
鳳山,2023/09/13 00:00:00,CO,0.26,0.25,0.22,0.22,0.22,0.24,0.32,0.43,0.43,0.43,0.65,0.43,0.45,0.36,0.33,0.36,0.47,0.68,0.68,0.64,0.55,0.38,0.32,0.21,
鳳山,2023/09/13 00:00:00,NMHC,0.06,0.07,0.04,0.05,0.05,0.05,0.07,0.08,0.1,0.1,0.21,0.09,0.07,0.05,0.05,0.07,0.1,0.15,0.16,0.15,0.13,0.07,0.13,0.06,
鳳山,2023/09/13 00:00:00,NO,0.3,0.2,0.3,0.1,0.2,0.5,1,3.1,3.7,2.1,3.9,2.9,2.5,1.8,1.8,2.4,3.1,3,3.2,2.5,2.6,1.4,0.5,0.5,
鳳山,2023/09/13 00:00:00,NO2,7.9,7.1,6.6,6.3,5.8,6.2,7.5,9.7,10.7,10.8,17.8,10.3,10.3,9.3,8.8,8.4,11.7,14.5,13.6,15.5,12.9,9.5,11.4,9.4,
鳳山,2023/09/13 00:00:00,NOx,8.2,7.3,6.9,6.5,6.1,6.8,8.5,12.9,14.4,12.9,21.8,13.3,12.8,11.2,10.6,10.8,14.8,17.5,16.9,18.1,15.5,11,11.9,9.9,
鳳山,2023/09/13 00:00:00,O3,20.6,17.7,16.2,14.5,13.6,12.8,11.7,14.7,23.8,32.7,30.8,42.8,51.8,55.2,45.3,36,30,27.1,21.8,20.3,21.4,23.3,17.2,21,
鳳山,2023/09/13 00:00:00,PM10,21,18,18,21,16,21,16,25,21,31,26,19,24,25,26,22,21,25,28,23,18,16,21,18,
鳳山,2023/09/13 00:00:00,PM2.5,8,7,11,10,9,7,8,13,13,11,12,11,16,8,10,10,8,11,13,9,11,9,12,7,
鳳山,2023/09/13 00:00:00,RAINFALL,0,0,0,0,0,0,0,0,0,0,0,0,0,0,0,0,0,0,0,0,0,0,0,0,
鳳山,2023/09/13 00:00:00,RH,92,93,95,95,96,96,94,89,80,72,69,58,56,58,60,60,63,66,69,68,69,71,73,78,
鳳山,2023/09/13 00:00:00,SO2,0.8,0.7,0.6,0.4,0.4,0.3,0.5,2.2,2.4,2,1.8,1.6,2.7,1.8,1.3,0.8,0.6,0.7,0.6,0.8,0.6,0.7,0.8,1,
鳳山,2023/09/13 00:00:00,THC,2.25,2.29,2.35,2.36,2.33,2.24,2.22,2.18,2.16,2.15,2.29,2.09,2.08,2.08,2.08,2.06,2.08,2.14,2.16,2.16,2.14,2.06,2.18,2.1,
鳳山,2023/09/13 00:00:00,WD_HR,90,93,86,92,89,94,99,93,85,141,269,264,259,262,260,281,261,261,273,287,274,151,99,76,
鳳山,2023/09/13 00:00:00,WIND_DIREC,104,94,68,63,92,86,117,52,115,249,280,286,278,265,257,292,260,264,0,278,275,201,85,87,
鳳山,2023/09/13 00:00:00,WIND_SPEED,0.6,0.4,0.3,0.3,0.4,0.4,0.6,0.5,0.8,0.9,0.8,0.9,1.4,1.2,1.3,1.3,1.2,0.8,0.3,0.7,0.3,0.5,0.4,0.4,
鳳山,2023/09/13 00:00:00,WS_HR,0.4,0.3,0.4,0.3,0.3,0.4,0.4,0.5,0.3,0.2,0.8,0.4,0.8,0.9,1.1,0.9,1,0.7,0.4,0.3,0.3,0,0.4,0.3,
鳳山,2023/09/14 00:00:00,AMB_TEMP,28,27.9,27.4,26.9,26.7,26.5,26.5,28,29.7,30.8,31,31.8,31.8,31.8,31.8,31.6,31.2,30.6,30.2,29.9,29.7,29.3,28.8,28.7,
鳳山,2023/09/14 00:00:00,CH4,2.11,2.42,2.5,2.39,2.26,2.26,2.34,2.21,2.07,2.05,2.05,2.04,2.08,2.07,2.05,2.01,2,2,2,1.99,1.99,2.01,2.05,2.1,
鳳山,2023/09/14 00:00:00,CO,0.18,0.26,0.27,0.25,0.23,0.25,0.34,0.43,0.44,0.51,0.63,0.48,0.4,0.39,0.44,0.55,0.61,0.78,0.83,0.58,0.47,0.41,0.38,0.35,
鳳山,2023/09/14 00:00:00,NMHC,0.02,0.1,0.11,0.08,0.06,0.07,0.09,0.1,0.11,0.12,0.21,0.12,0.09,0.07,0.1,0.17,0.16,0.2,0.21,0.13,0.08,0.08,0.09,0.15,
鳳山,2023/09/14 00:00:00,NO,0.3,0.1,0.4,0.3,0,0.2,1.8,4.2,3.6,2.9,2.1,1.4,1,0.9,1,2.6,3.5,1.9,1.5,1.5,1,0.7,0.7,0.4,
鳳山,2023/09/14 00:00:00,NO2,4.4,7.1,9.1,9.1,7.4,7.9,8.7,9.5,11.7,15.1,18.5,13.8,13.8,13.2,14.8,18.6,18.6,16.3,14.3,13.1,11.5,11,12.2,11.6,
鳳山,2023/09/14 00:00:00,NOx,4.7,7.2,9.6,9.5,7.5,8.1,10.6,13.7,15.4,18,20.7,15.3,14.9,14.2,15.9,21.2,22.2,18.2,15.9,14.6,12.6,11.7,12.9,12.1,
鳳山,2023/09/14 00:00:00,O3,25.9,17.9,12.7,9,11,9.1,6.2,9.4,24.5,40.4,43,62.9,76.5,75.1,66.1,48.9,46.1,41.8,38.4,33.3,33.6,28.4,22.7,18.2,
鳳山,2023/09/14 00:00:00,PM10,21,19,29,26,27,23,24,25,27,31,38,33,41,39,38,29,30,22,24,22,19,23,21,29,
鳳山,2023/09/14 00:00:00,PM2.5,5,11,15,16,14,11,11,11,17,14,19,21,28,28,17,15,19,11,11,13,11,8,8,8,
鳳山,2023/09/14 00:00:00,RAINFALL,0,0,0,0,0,0,0,0,0,0,0,0,0,0,0,0,0,0,0,0,0,0,0,0,
鳳山,2023/09/14 00:00:00,RH,89,90,92,94,94,95,94,88,73,68,69,67,68,68,68,68,69,71,71,75,75,73,75,76,
鳳山,2023/09/14 00:00:00,SO2,0.6,1.6,1.8,1,0.8,0.9,0.8,1.2,1.7,1.8,1.5,1.4,1.9,2,1.8,1.3,1.4,1.1,0.9,0.9,1.2,1.2,1,1.2,
鳳山,2023/09/14 00:00:00,THC,2.14,2.52,2.62,2.48,2.33,2.34,2.44,2.31,2.19,2.18,2.27,2.17,2.18,2.15,2.16,2.19,2.17,2.21,2.22,2.13,2.08,2.1,2.14,2.26,
鳳山,2023/09/14 00:00:00,WD_HR,95,87,90,99,100,98,96,106,118,258,274,243,268,264,271,285,281,287,296,289,304,333,35,67,
鳳山,2023/09/14 00:00:00,WIND_DIREC,105,80,94,91,86,102,89,109,3,265,279,256,269,277,297,268,295,286,300,346,77,324,54,75,
鳳山,2023/09/14 00:00:00,WIND_SPEED,0.5,0.3,0.7,0.5,0.3,0.5,0.4,0.6,0.5,0.7,1,1.2,1.4,1.3,1.2,1.2,0.9,1,0.6,0.5,0.3,0.3,0.3,0.3,
鳳山,2023/09/14 00:00:00,WS_HR,0.4,0.3,0.4,0.4,0.4,0.4,0.4,0.4,0.1,0.2,0.4,0.5,0.8,0.8,0.7,0.9,0.6,0.6,0.7,0.3,0.1,0.1,0.1,0.2,
鳳山,2023/09/15 00:00:00,AMB_TEMP,28.3,28.2,27.7,27.3,27.1,27.2,27.4,28.3,30.1,31.3,32.4,33.1,33.5,33.2,32.8,32.4,31.1,28,24.6,25.3,26.1,26.2,26.1,26.2,
鳳山,2023/09/15 00:00:00,CH4,2.17,2.22,2.21,2.17,2.27,2.49,2.4,2.35,2.21,2.22,2.17,2.1,2.03,2.04,#,1.95,1.93,1.96,1.99,2.06,2.11,2.08,2.09,2.07,
鳳山,2023/09/15 00:00:00,CO,0.4,0.37,0.31,0.26,0.23,0.29,0.39,0.61,0.6,0.73,0.69,0.72,0.48,0.4,#,0.37,0.36,0.47,0.53,0.64,0.74,0.42,0.31,0.26,
鳳山,2023/09/15 00:00:00,NMHC,0.23,0.27,0.19,0.13,0.08,0.12,0.12,0.17,0.16,0.22,0.3,0.23,0.12,0.1,#,0.09,0.07,0.1,0.11,0.19,0.25,0.14,0.08,0.06,
鳳山,2023/09/15 00:00:00,NO,0.2,0.8,0.8,0.7,0.7,0.8,1,2.7,3.2,3.7,5,3.7,2.6,1.7,#,2.8,3.9,3.2,9.1,1.9,1.8,0.9,0.7,0.8,
鳳山,2023/09/15 00:00:00,NO2,14.3,14.3,12.4,10.1,8.4,9.7,10,12.4,12.8,19.8,27.4,20.6,14.3,13.2,#,10,10.1,11.8,16.8,20.6,22.1,14.3,11.5,8.2,
鳳山,2023/09/15 00:00:00,NOx,14.6,15.1,13.3,10.8,9.2,10.6,11.1,15.2,16,23.5,32.5,24.4,16.9,15,#,12.8,14.1,15,26,22.5,23.9,15.2,12.3,9.1,
鳳山,2023/09/15 00:00:00,O3,12.6,12.1,14.5,17.2,15.7,13,13.9,15.3,28.3,39.8,46.5,62.2,63.4,#,#,36.1,22.3,21.8,22.2,15,11.2,15.4,16.8,25.2,
鳳山,2023/09/15 00:00:00,PM10,25,28,30,25,24,29,36,40,33,48,57,44,27,33,#,#,15,15,8,10,13,21,20,22,
鳳山,2023/09/15 00:00:00,PM2.5,13,18,18,10,13,11,20,20,21,28,28,29,19,#,#,11,7,7,9,9,6,10,7,6,
鳳山,2023/09/15 00:00:00,RAINFALL,0,0,0,0,0,0,0,0,0,0,0,0,0,0,#,0,6.5,45.5,45.5,0,0,0,0,0,
鳳山,2023/09/15 00:00:00,RH,80,82,86,89,91,92,92,89,73,67,62,59,56,59,61,63,75,95,99,100,98,97,96,95,
鳳山,2023/09/15 00:00:00,SO2,1.5,1.3,1.3,1,0.8,0.6,0.9,1.4,1.9,4.4,5.2,7.8,3.9,3.4,#,1.5,1,0.6,0.7,0.6,0.7,0.6,0.7,0.6,
鳳山,2023/09/15 00:00:00,THC,2.41,2.5,2.41,2.3,2.36,2.62,2.53,2.53,2.38,2.45,2.48,2.34,2.16,2.15,#,2.05,2.01,2.07,2.11,2.26,2.37,2.23,2.18,2.14,
鳳山,2023/09/15 00:00:00,WD_HR,44,77,113,90,83,91,92,88,110,155,273,266,261,270,261,268,271,73,277,98,79,97,101,98,
鳳山,2023/09/15 00:00:00,WIND_DIREC,66,84,190,90,46,89,111,108,137,264,274,253,253,287,244,265,276,93,32,58,114,101,103,87,
鳳山,2023/09/15 00:00:00,WIND_SPEED,0.3,0.3,0.3,0.5,0.3,0.3,0.3,0.4,0.7,1.1,1.3,1.3,1.3,1.4,1.5,1.5,0.7,0.9,0.3,0.3,0.4,0.3,0.6,0.3,
鳳山,2023/09/15 00:00:00,WS_HR,0.2,0.2,0.2,0.4,0.3,0.3,0.4,0.3,0.4,0.1,0.5,0.8,0.7,0.8,0.9,1.1,0.8,0.1,0.6,0.2,0.2,0.4,0.4,0.3,
鳳山,2023/09/16 00:00:00,AMB_TEMP,26.3,26.2,26.2,26.3,26.2,26,26.4,28.1,30,31.5,32.4,32.9,33.8,33.8,33,32.5,31.6,31,30.5,29.4,28.5,28.1,28.1,27.9,
鳳山,2023/09/16 00:00:00,CH4,2.06,2.09,2.12,2.15,2.3,2.35,2.27,2.23,2.09,2.04,2.05,2.05,1.97,1.94,1.93,1.92,1.92,1.93,1.94,2.02,2.06,2.1,2.09,2.1,
鳳山,2023/09/16 00:00:00,CO,0.27,0.27,0.27,0.26,0.28,0.31,0.4,0.41,0.37,0.36,0.46,0.62,0.5,0.31,0.27,0.3,0.36,0.56,0.58,0.34,0.34,0.34,0.33,0.31,
鳳山,2023/09/16 00:00:00,NMHC,0.05,0.04,0.04,0.05,0.07,0.08,0.09,0.09,0.06,0.05,0.06,0.17,0.12,0.05,0.1,0.1,0.09,0.14,0.14,0.08,0.09,0.08,0.13,0.08,
鳳山,2023/09/16 00:00:00,NO,0.8,0.4,0.1,0.3,0.2,0.5,1.3,3.6,3.2,2.5,1.6,2.8,4.3,3.5,3.6,3.7,4.5,8.1,5.3,0.7,0.2,0.3,0.2,0.2,
鳳山,2023/09/16 00:00:00,NO2,6,5,4.9,4.7,5.5,7.4,9,9.6,8.3,7.9,8.4,19.6,16.8,10.6,8.3,8.3,10.2,9.7,12.4,9,9.8,9.4,10.6,9,
鳳山,2023/09/16 00:00:00,NOx,6.8,5.5,5.1,5,5.8,7.9,10.4,13.2,11.6,10.5,10.1,22.5,21.2,14.1,11.9,12,14.7,17.9,17.7,9.7,10.1,9.8,10.8,9.3,
鳳山,2023/09/16 00:00:00,O3,33.7,27.4,22.4,20.6,15.8,12.5,9.7,11.8,20.5,28.9,42.1,41.9,33,26.6,23.1,19.9,14.7,12.7,14.3,24.1,25,24.4,21.7,21.7,
鳳山,2023/09/16 00:00:00,PM10,21,21,19,26,26,20,25,33,27,20,26,31,24,11,14,11,13,13,14,10,19,16,18,15,
鳳山,2023/09/16 00:00:00,PM2.5,13,18,15,15,14,18,14,17,15,8,10,16,7,7,5,3,1,1,1,5,9,10,5,5,
鳳山,2023/09/16 00:00:00,RAINFALL,0,0,0,0,0,0,0,0,0,0,0,0,0,0,0,0,0,0,0,0,0,0,0,0,
鳳山,2023/09/16 00:00:00,RH,97,98,98,98,98,98,96,89,74,63,61,60,57,56,59,64,69,71,74,75,84,87,84,84,
鳳山,2023/09/16 00:00:00,SO2,0.5,0.7,0.6,0.8,0.7,0.7,0.8,1.4,2,2.1,4.8,8.2,7,2.7,1.3,1.1,0.9,0.8,1,1,0.9,0.9,1.1,1.1,
鳳山,2023/09/16 00:00:00,THC,2.12,2.14,2.17,2.21,2.38,2.44,2.37,2.32,2.16,2.1,2.12,2.23,2.1,2,2.04,2.03,2.02,2.08,2.09,2.11,2.15,2.19,2.23,2.19,
鳳山,2023/09/16 00:00:00,WD_HR,97,96,70,97,77,94,95,83,118,122,97,275,263,256,272,273,265,294,300,95,98,88,94,101,
鳳山,2023/09/16 00:00:00,WIND_DIREC,91,74,74,90,90,103,99,89,88,96,104,247,261,221,284,209,275,303,358,116,100,82,102,84,
鳳山,2023/09/16 00:00:00,WIND_SPEED,0.3,0.3,0.3,0.5,0.3,0.3,0.6,0.3,0.4,1,1.3,0.9,1.1,1,1.2,1,1.2,1.1,0.3,0.4,0.6,0.3,0.3,0.3,
鳳山,2023/09/16 00:00:00,WS_HR,0.3,0.2,0.2,0.3,0.2,0.2,0.3,0.3,0.4,0.5,0.6,0.2,0.4,0.7,1,0.8,0.9,0.7,0.4,0.4,0.4,0.3,0.3,0.4,
鳳山,2023/09/17 00:00:00,AMB_TEMP,27.8,27.5,27.3,27.4,27.4,27.5,27.3,28.2,29.6,31,32.5,32.7,33.6,33.5,33.5,33.1,32.9,31.9,31.3,30.7,30.5,30.3,30.1,29.8,
鳳山,2023/09/17 00:00:00,CH4,2.21,2.28,2.4,2.35,2.21,2.21,2.12,2.06,2.03,1.98,1.98,1.94,1.95,1.95,1.94,1.95,1.97,2,2.01,1.99,2,2.03,2.06,2.1,
鳳山,2023/09/17 00:00:00,CO,0.34,0.26,0.27,0.23,0.22,0.25,0.28,0.4,0.39,0.33,0.41,0.38,0.38,0.34,0.3,0.36,0.53,0.66,0.7,0.6,0.5,0.37,0.43,0.38,
鳳山,2023/09/17 00:00:00,NMHC,0.11,0.06,0.08,0.08,0.12,0.12,0.15,0.09,0.1,0.08,0.13,0.09,0.09,0.08,0.07,0.07,0.11,0.14,0.17,0.14,0.11,0.12,0.13,0.11,
鳳山,2023/09/17 00:00:00,NO,0.1,0.1,0.2,0.1,0.1,0.2,0.2,0.8,1,1.1,1.2,2.1,1.8,1.8,2.3,2.3,2.1,2.3,2.2,1.4,1.8,0.5,0,0,
鳳山,2023/09/17 00:00:00,NO2,9.3,7.2,7,6.5,5.7,6.8,6.5,6.5,7.3,6.6,7.9,6.5,6.1,5.3,5.5,6.7,8.2,15.4,14.3,14.2,14.1,11.8,13.4,10.8,
鳳山,2023/09/17 00:00:00,NOx,9.5,7.4,7.3,6.6,5.8,7.1,6.8,7.4,8.3,7.8,9.2,8.7,8,7.2,7.8,9.1,10.4,17.7,16.5,15.6,15.9,12.4,13.4,10.9,
鳳山,2023/09/17 00:00:00,O3,16.8,17.4,15.1,17.3,17.8,15.4,14.6,17.2,25.4,34.1,43,31.7,35.6,31.2,26.9,32.6,33.2,30.4,30.9,25,18.9,17.3,16.9,23.1,
鳳山,2023/09/17 00:00:00,PM10,18,20,22,21,21,16,25,19,22,19,21,13,15,10,9,12,15,15,20,17,18,18,23,24,
鳳山,2023/09/17 00:00:00,PM2.5,6,9,10,11,12,12,13,9,10,9,13,7,6,5,3,3,3,12,14,10,8,7,9,18,
鳳山,2023/09/17 00:00:00,RAINFALL,0,0,0,0,0,0,0,0,0,0,0,0,0,0,0,0,0,0,0,0,0,0,0,0,
鳳山,2023/09/17 00:00:00,RH,85,87,88,88,87,88,89,85,73,67,62,62,57,55,54,56,55,61,64,70,72,74,75,75,
鳳山,2023/09/17 00:00:00,SO2,0.8,0.7,0.4,0.4,0.5,0.6,0.5,0.5,1.3,1.6,1.8,0.9,0.7,0.7,0.5,0.6,1,1,1.4,1.1,0.7,0.9,0.8,1.1,
鳳山,2023/09/17 00:00:00,THC,2.33,2.35,2.49,2.44,2.34,2.34,2.28,2.16,2.14,2.07,2.12,2.04,2.05,2.04,2.02,2.03,2.09,2.15,2.19,2.14,2.12,2.16,2.2,2.22,
鳳山,2023/09/17 00:00:00,WD_HR,93,98,75,93,101,97,99,97,100,48,308,268,293,287,272,283,285,282,293,305,312,98,86,106,
鳳山,2023/09/17 00:00:00,WIND_DIREC,87,74,54,98,100,100,85,65,94,38,287,292,301,297,271,287,271,299,311,270,56,88,79,6,
鳳山,2023/09/17 00:00:00,WIND_SPEED,0.4,0.3,0.3,0.6,0.5,0.4,0.3,0.3,0.4,0.6,0.9,1,1.7,1.4,1,1.3,0.9,0.8,0.5,0.4,0.3,0.4,0.3,0.3,
鳳山,2023/09/17 00:00:00,WS_HR,0.4,0.4,0.3,0.4,0.3,0.4,0.4,0.3,0.5,0.1,0.2,0.5,1,1.1,1,0.9,0.8,0.7,0.5,0.2,0.1,0.4,0.3,0.2,
鳳山,2023/09/18 00:00:00,AMB_TEMP,29.5,29.1,28.8,28.5,28.1,28,28.4,29.4,30.7,31.8,33.1,33.2,34.3,34.3,34,33.3,31.9,28.6,28.1,28.6,28.9,28.6,28.5,28.3,
鳳山,2023/09/18 00:00:00,CH4,2.21,2.53,2.35,2.45,2.35,2.17,2.12,2.07,2.03,2.07,2.06,2.12,2.12,2.01,1.97,1.95,1.97,2.06,2.06,2.11,2.15,2.18,2.31,2.39,
鳳山,2023/09/18 00:00:00,CO,0.42,0.36,0.26,0.24,0.22,0.21,0.29,0.38,0.33,0.46,0.55,0.64,0.53,0.37,0.4,0.42,0.55,0.34,0.38,0.58,0.6,0.5,0.41,0.39,
鳳山,2023/09/18 00:00:00,NMHC,0.19,0.34,0.12,0.14,0.06,0.03,0.06,0.08,0.07,0.15,0.18,0.18,0.14,0.08,0.11,0.11,0.15,0.08,0.13,0.23,0.26,0.26,0.2,0.16,
鳳山,2023/09/18 00:00:00,NO,0.1,0.7,0.6,0.6,0.6,0.6,0.9,2.2,2.3,3.4,2.8,2,1.7,2.5,4.7,5.2,7,1.2,0.6,0.6,0.5,0.6,0.5,0.6,
鳳山,2023/09/18 00:00:00,NO2,15.9,12.8,11.1,8.7,6.2,5.1,6.1,7.8,6.9,13.7,13.4,14.7,12.5,9.6,11.7,11.3,16.8,9.3,11.1,17.6,20.1,18.8,15.3,12.1,
鳳山,2023/09/18 00:00:00,NOx,16.1,13.5,11.8,9.3,6.9,5.7,7.1,10,9.3,17.2,16.3,16.8,14.2,12.2,16.5,16.5,23.8,10.5,11.8,18.3,20.6,19.4,15.9,12.7,
鳳山,2023/09/18 00:00:00,O3,13.1,10.4,11.6,11.9,14.3,15.1,13.4,14.4,22.8,34.5,47.2,60.5,67.2,45.8,32.6,22.1,14.9,38.9,35.1,25,19.9,19.7,19.8,17.4,
鳳山,2023/09/18 00:00:00,PM10,29,31,26,24,24,30,25,34,21,35,34,44,32,26,23,26,17,10,8,18,23,19,20,23,
鳳山,2023/09/18 00:00:00,PM2.5,18,19,16,20,12,13,18,12,11,21,23,25,22,12,12,9,6,6,5,7,12,12,10,11,
鳳山,2023/09/18 00:00:00,RAINFALL,0,0,0,0,0,0,0,0,0,0,0,0,0,0,0,0,0,0,0,0,0,0,0,0,
鳳山,2023/09/18 00:00:00,RH,79,88,90,92,93,91,90,86,75,69,62,63,57,53,51,53,56,78,80,76,75,76,78,79,
鳳山,2023/09/18 00:00:00,SO2,1.6,1.8,1.4,1.2,1.2,1,1.1,1.1,1.7,2.8,2.8,1.8,2.2,2.7,1.7,1.4,3.2,1.1,1.2,4.3,2.2,3.4,9.4,2.6,
鳳山,2023/09/18 00:00:00,THC,2.4,2.88,2.48,2.6,2.42,2.21,2.19,2.16,2.11,2.23,2.25,2.31,2.27,2.1,2.09,2.07,2.13,2.15,2.2,2.35,2.42,2.45,2.52,2.56,
鳳山,2023/09/18 00:00:00,WD_HR,56,88,50,93,98,99,79,104,108,269,272,282,280,277,272,286,259,101,106,107,105,105,93,88,
鳳山,2023/09/18 00:00:00,WIND_DIREC,39,103,25,83,99,96,88,109,121,270,281,286,276,278,264,282,106,95,109,132,98,120,120,96,
鳳山,2023/09/18 00:00:00,WIND_SPEED,0.3,0.3,0.3,0.6,0.4,0.7,0.3,0.8,0.7,1.2,1.2,1.2,1.5,2,1.7,1.3,1.5,0.6,0.4,0.8,0.3,0.6,0.6,0.4,
鳳山,2023/09/18 00:00:00,WS_HR,0.2,0.3,0.2,0.5,0.5,0.6,0.2,0.5,0.5,0.2,0.6,0.7,1.1,1.3,1.2,1.3,0.3,0.8,0.5,0.4,0.4,0.5,0.4,0.3,
鳳山,2023/09/19 00:00:00,AMB_TEMP,28,27.6,27.4,27.2,26.8,26.9,26.9,28.3,30.3,31.5,32.8,33.7,34.2,34.3,33.8,33.6,32.6,31.4,30.7,30.5,29.9,29.7,29.2,28.7,
鳳山,2023/09/19 00:00:00,CH4,2.38,2.48,2.53,2.34,2.27,2.18,2.13,2.09,2.04,2.01,2.01,2.03,2.04,2.01,1.97,1.96,1.98,1.99,1.98,1.98,2,2.05,2.13,2.29,
鳳山,2023/09/19 00:00:00,CO,0.31,0.29,0.25,0.22,0.23,0.24,0.29,0.44,0.46,0.37,0.51,0.42,0.49,0.38,0.32,0.36,0.56,0.86,0.73,0.71,0.41,0.49,0.41,0.38,
鳳山,2023/09/19 00:00:00,NMHC,0.1,0.07,0.07,0.05,0.04,0.05,0.05,0.08,0.12,0.13,0.23,0.12,0.13,0.08,0.06,0.1,0.16,0.25,0.22,0.19,0.14,0.19,0.2,0.15,
鳳山,2023/09/19 00:00:00,NO,0.6,0.5,0.4,0.5,0.7,0.6,1.4,3,4.2,3.2,1.8,1,1.5,1.3,1.8,3.1,4.5,4.8,2.4,2.1,1.1,0.8,0.9,0.8,
鳳山,2023/09/19 00:00:00,NO2,11.7,9.2,7.8,6.1,5.9,6.5,7.2,8.2,12,10.5,10.2,13.1,14.8,10.1,11,10.2,17.9,21.8,16,18.3,14.2,16.7,16.8,12.5,
鳳山,2023/09/19 00:00:00,NOx,12.3,9.8,8.3,6.6,6.6,7.1,8.7,11.2,16.3,13.8,12,14.1,16.3,11.4,12.9,13.3,22.5,26.6,18.4,20.4,15.3,17.6,17.8,13.4,
鳳山,2023/09/19 00:00:00,O3,16.5,16.2,11.8,10.7,8.5,11.3,8,12,22,37.8,55.5,73,85.7,83,52.1,29.2,25.6,28.2,30.6,26.7,25.8,20.7,27.2,28.5,
鳳山,2023/09/19 00:00:00,PM10,23,30,24,22,24,20,27,22,22,24,x,40,46,32,20,11,18,21,18,17,21,26,37,35,
鳳山,2023/09/19 00:00:00,PM2.5,11,16,8,8,8,6,10,9,13,12,x,20,23,21,12,6,7,15,14,11,11,20,23,23,
鳳山,2023/09/19 00:00:00,RAINFALL,0,0,0,0,0,0,0,0,0,0,0,0,0,0,0,0,0,0,0,0,0,0,0,0,
鳳山,2023/09/19 00:00:00,RH,88,90,91,90,92,90,89,78,67,63,56,55,55,52,46,46,55,63,67,69,72,74,77,88,
鳳山,2023/09/19 00:00:00,SO2,1.4,0.8,0.4,0.5,0.5,0.5,0.5,0.5,1.6,2.6,3,2.5,2.5,2.2,1.3,0.6,0.8,0.8,0.7,0.7,0.9,1.1,1.3,0.9,
鳳山,2023/09/19 00:00:00,THC,2.49,2.56,2.61,2.39,2.32,2.24,2.19,2.18,2.17,2.15,2.25,2.16,2.18,2.1,2.04,2.06,2.15,2.25,2.21,2.17,2.15,2.25,2.34,2.45,
鳳山,2023/09/19 00:00:00,WD_HR,99,100,90,103,102,108,103,108,104,107,188,176,257,253,256,266,267,282,259,282,84,116,91,101,
鳳山,2023/09/19 00:00:00,WIND_DIREC,77,98,99,105,101,105,90,89,68,111,125,254,256,264,254,258,280,283,281,257,106,356,99,95,
鳳山,2023/09/19 00:00:00,WIND_SPEED,0.3,0.4,0.7,0.6,0.6,0.5,0.5,0.6,0.9,1.2,1.3,1.1,1.6,1.4,1.8,1.1,0.7,0.6,0.3,0.3,0.4,0.3,0.6,0.8,
鳳山,2023/09/19 00:00:00,WS_HR,0.4,0.5,0.4,0.5,0.5,0.4,0.5,0.5,0.5,0.4,0.3,0.2,0.9,0.9,1.3,0.7,0.5,0.6,0.4,0.3,0.3,0.2,0.3,0.6,
鳳山,2023/09/20 00:00:00,AMB_TEMP,28.4,28,28,27.9,27.4,27.2,27.5,29.4,31.4,32.6,33.6,33.7,34.1,33.9,33.1,33.2,32.3,31.4,30.8,30.6,30.3,30.2,30.1,29.8,
鳳山,2023/09/20 00:00:00,CH4,2.26,2.18,2.09,2.09,2.13,2.12,2.1,2.07,1.97,1.97,1.98,1.97,1.98,1.98,1.95,1.95,1.96,1.98,1.97,1.97,1.96,1.96,1.94,1.94,
鳳山,2023/09/20 00:00:00,CO,0.36,0.26,0.23,0.22,0.23,0.25,0.36,0.56,0.36,0.42,0.55,0.41,0.47,0.35,0.37,0.52,0.64,0.66,0.68,0.52,0.27,0.39,0.28,0.19,
鳳山,2023/09/20 00:00:00,NMHC,0.13,0.08,0.06,0.06,0.06,0.08,0.11,0.15,0.09,0.2,0.33,0.13,0.11,0.08,0.09,0.15,0.18,0.19,0.18,0.16,0.14,0.14,0.05,0.05,
鳳山,2023/09/20 00:00:00,NO,0.7,0.9,0.4,0.5,0.6,0.3,0.8,3.1,2.6,2.1,2,1.8,2.3,1.3,2,2.5,3.3,1.8,2.3,0.7,0.6,0.7,0.8,0.6,
鳳山,2023/09/20 00:00:00,NO2,10.2,6.3,5,4.8,5.4,6.1,8.4,12.1,8.6,9,11.9,13.7,12.2,8.7,10.9,13.6,16.9,16.9,18.9,17.3,12.6,13.1,12.9,6.7,
鳳山,2023/09/20 00:00:00,NOx,10.9,7.2,5.5,5.3,6,6.4,9.2,15.3,11.2,11.1,13.9,15.6,14.6,10,13,16.2,20.2,18.7,21.3,18.1,13.2,13.8,13.8,7.4,
鳳山,2023/09/20 00:00:00,O3,27.6,28.2,31.6,31.5,25.5,22.8,21.2,21.4,31.4,40.2,52.8,58.2,53.7,60.5,52.2,48,42.4,42.2,35.6,29.7,27.3,25.3,28.6,33.5,
鳳山,2023/09/20 00:00:00,PM10,36,37,33,23,28,28,27,34,25,x,x,23,21,26,19,25,26,27,25,25,24,21,15,17,
鳳山,2023/09/20 00:00:00,PM2.5,20,18,18,16,14,17,17,15,11,14,x,14,11,13,15,12,12,14,15,11,16,13,9,6,
鳳山,2023/09/20 00:00:00,RAINFALL,0,0,0,0,0,0,0,0,0,0,0,0,0,0,0,0,0,0,0,0,0,0,0,0,
鳳山,2023/09/20 00:00:00,RH,90,90,88,88,90,90,89,79,64,57,52,53,55,57,62,61,63,65,68,67,66,69,71,75,
鳳山,2023/09/20 00:00:00,SO2,0.7,1.3,1.5,1.4,1.3,1.3,1.4,1.8,2.4,2.8,2.6,2.2,1.8,1.7,1.6,1.6,1.5,1.8,2,4,2.4,9.1,5,1.7,
鳳山,2023/09/20 00:00:00,THC,2.4,2.27,2.16,2.16,2.2,2.2,2.22,2.23,2.07,2.18,2.32,2.11,2.1,2.07,2.05,2.11,2.15,2.18,2.15,2.14,2.11,2.11,2,2,
鳳山,2023/09/20 00:00:00,WD_HR,100,106,103,100,102,102,101,108,120,110,280,284,278,276,282,281,280,286,290,103,109,95,307,275,
鳳山,2023/09/20 00:00:00,WIND_DIREC,101,104,104,100,104,101,86,99,139,291,295,281,281,279,296,285,278,198,345,136,104,302,263,267,
鳳山,2023/09/20 00:00:00,WIND_SPEED,1,0.9,0.8,0.8,0.7,0.7,0.4,0.7,1.2,0.9,1,1.5,1.4,1.3,1.1,1.1,0.8,0.5,0.4,0.8,1.1,0.5,0.6,0.5,
鳳山,2023/09/20 00:00:00,WS_HR,0.6,0.8,0.9,0.8,0.7,0.6,0.5,0.6,0.4,0.1,0.2,0.3,0.9,0.8,0.9,1,0.8,0.5,0.3,0.2,0.9,0.2,0.2,0.5,
鳳山,2023/09/21 00:00:00,AMB_TEMP,29.7,29.7,29.5,29.1,28.9,28.6,28.9,29.8,31.3,31.7,32.3,33.8,34.2,34.2,33.7,33.5,33.2,32.5,31.6,30.2,30.1,30.1,30,30,
鳳山,2023/09/21 00:00:00,CH4,1.94,1.94,1.99,2.04,2.07,2.06,2.04,2.07,2.07,2.01,2.02,1.99,1.95,1.93,1.93,1.93,1.95,1.97,1.97,2.01,1.99,1.98,1.96,1.96,
鳳山,2023/09/21 00:00:00,CO,0.19,0.15,0.17,0.2,0.21,0.21,0.37,0.64,0.4,0.48,0.52,0.53,0.38,0.3,0.31,0.35,0.55,0.83,0.59,0.31,0.33,0.28,0.21,0.19,
鳳山,2023/09/21 00:00:00,NMHC,0.02,0,0.04,0.1,0.1,0.08,0.09,0.15,0.12,0.22,0.22,0.16,0.09,0.15,0.07,0.08,0.15,0.23,0.16,0.12,0.12,0.09,0.06,0.05,
鳳山,2023/09/21 00:00:00,NO,0.5,0.9,1,1.1,0.9,0.9,1.7,5.9,3.8,4.5,4.2,3.5,5,5.1,3.9,4.6,6.2,7.2,3.1,1.2,0.9,1.1,1,0.9,
鳳山,2023/09/21 00:00:00,NO2,5.8,5.4,4.3,7.1,7.1,6.8,8.1,14.6,10.6,14.5,13.9,12.2,10.1,9,7.5,7.8,14.8,19.8,15.7,11.5,9.9,9.1,7.3,5.6,
鳳山,2023/09/21 00:00:00,NOx,6.4,6.3,5.3,8.3,8.1,7.7,9.9,20.6,14.4,19,18.1,15.7,15.2,14.1,11.4,12.5,21,27.1,18.8,12.7,10.8,10.2,8.4,6.5,
鳳山,2023/09/21 00:00:00,O3,32.7,31.9,30.1,23.6,22.7,25.5,21.8,17.7,27,28.4,32.3,41.4,30.2,26.6,24.5,22.2,21.4,17.7,17.5,30,24.9,22.3,17.2,19.1,
鳳山,2023/09/21 00:00:00,PM10,8,12,18,25,21,26,28,33,33,28,30,24,20,12,13,16,20,22,21,28,27,21,17,13,
鳳山,2023/09/21 00:00:00,PM2.5,6,8,8,11,11,16,19,11,19,15,8,14,7,3,2,2,7,9,10,12,16,10,7,4,
鳳山,2023/09/21 00:00:00,RAINFALL,0,0,0,0,0,0,0,0,0,0,0,0,0,0,0,0,0,0,0,0,0,0,0,0,
鳳山,2023/09/21 00:00:00,RH,79,80,83,89,89,90,89,87,74,68,65,60,56,54,54,55,57,57,61,74,77,78,77,75,
鳳山,2023/09/21 00:00:00,SO2,1.3,1,1.1,1.6,1.7,1.5,1.5,1.5,1.8,2.4,1.7,1.6,1.7,1.8,1.1,1.1,2,2.7,1.7,1.7,1.5,1.4,1.2,1.2,
鳳山,2023/09/21 00:00:00,THC,1.97,1.95,2.04,2.15,2.17,2.15,2.14,2.23,2.2,2.23,2.24,2.16,2.05,2.09,2.01,2.02,2.11,2.21,2.14,2.13,2.12,2.08,2.03,2.02,
鳳山,2023/09/21 00:00:00,WD_HR,285,293,269,121,36,100,1,282,183,276,275,285,280,280,277,280,277,273,217,112,111,114,114,99,
鳳山,2023/09/21 00:00:00,WIND_DIREC,311,302,250,106,84,54,74,234,284,267,256,275,258,282,266,285,251,273,113,113,121,94,114,54,
鳳山,2023/09/21 00:00:00,WIND_SPEED,0.4,0.7,0.6,0.7,0.3,0.3,0.4,0.8,1.2,1.1,1.3,1.1,1.5,1.4,1.5,1.6,0.7,0.8,0.7,1,0.8,1,1.2,0.4,
鳳山,2023/09/21 00:00:00,WS_HR,0.3,0.4,0.3,0.2,0.1,0.3,0.1,0.3,0,0.8,0.7,0.7,1.2,1.3,1.4,1.3,0.9,0.6,0.1,0.7,0.6,0.6,0.8,0.4,
鳳山,2023/09/22 00:00:00,AMB_TEMP,30.1,29.7,28.9,28.6,28.4,28.1,28.5,29.2,30.3,32.4,33.5,34.4,34.2,34.4,34,33.6,32.8,32.4,31.5,31,30.6,30.4,30.1,29.5,
鳳山,2023/09/22 00:00:00,CH4,1.95,2,2.36,2.31,2.24,2.22,2.17,2.09,2.1,1.99,1.99,2.01,2.06,2.07,2,1.98,1.97,2,1.97,1.95,1.96,1.97,2.02,2.19,
鳳山,2023/09/22 00:00:00,CO,0.17,0.15,0.22,0.19,0.19,0.2,0.31,0.51,0.52,0.39,0.36,0.47,0.6,0.45,0.42,0.52,0.59,0.86,0.84,0.63,0.49,0.35,0.31,0.34,
鳳山,2023/09/22 00:00:00,NMHC,0.03,0.02,0.06,0.04,0.04,0.03,0.08,0.19,0.17,0.13,0.11,0.25,0.15,0.08,0.1,0.12,0.16,0.24,0.23,0.16,0.11,0.06,0.1,0.14,
鳳山,2023/09/22 00:00:00,NO,0.8,1,1,0.8,0.8,0.8,1.4,3.3,7.9,4,2.1,#,0.9,0.8,0.8,1.4,1.9,3.2,4.9,3.3,2,0.7,0,0,
鳳山,2023/09/22 00:00:00,NO2,8.1,7,8.5,7,7.4,7.5,8,13.7,18.9,11.3,10.6,#,15.2,10.5,10.3,12.5,16.1,23.6,21.4,14.5,12.5,12.5,11.6,11.3,
鳳山,2023/09/22 00:00:00,NOx,8.9,8.1,9.6,7.9,8.3,8.3,9.4,17,26.8,15.4,12.7,#,16.1,11.4,11.1,13.9,18,26.8,26.4,17.8,14.6,13.2,11.6,11.3,
鳳山,2023/09/22 00:00:00,O3,16.8,14.4,10.2,11.8,10.2,11,10.8,10.5,14.8,36.6,56.8,73.3,73.4,72.6,68.5,47.3,43.4,33.3,16.2,15.5,16.4,15.4,15.4,25.6,
鳳山,2023/09/22 00:00:00,PM10,9,12,18,25,21,30,24,29,41,35,26,#,49,36,41,21,28,30,19,19,20,20,24,36,
鳳山,2023/09/22 00:00:00,PM2.5,3,6,14,9,10,10,13,14,15,15,#,#,26,27,21,18,15,14,11,13,10,12,10,22,
鳳山,2023/09/22 00:00:00,RAINFALL,0,0,0,0,0,0,0,0,0,0,0,0,0,0,0,0,0,0,0,0,0,0,0,0,
鳳山,2023/09/22 00:00:00,RH,75,79,90,90,91,92,90,88,83,62,55,52,56,59,58,55,58,59,66,72,75,83,88,91,
鳳山,2023/09/22 00:00:00,SO2,1.4,0.9,0.8,0.9,0.8,0.6,0.7,1.9,2.7,2.3,2.3,1.7,1.5,1.4,1.5,0.8,0.9,0.9,0.9,0.8,0.6,1.3,1.3,1,
鳳山,2023/09/22 00:00:00,THC,1.99,2.03,2.43,2.36,2.29,2.26,2.26,2.29,2.28,2.13,2.11,2.27,2.22,2.16,2.11,2.11,2.14,2.25,2.21,2.12,2.08,2.04,2.13,2.34,
鳳山,2023/09/22 00:00:00,WD_HR,106,93,92,101,101,103,87,93,107,34,288,296,285,287,287,266,277,273,285,265,280,93,99,96,
鳳山,2023/09/22 00:00:00,WIND_DIREC,183,88,110,103,90,93,85,128,272,91,292,291,292,295,281,267,291,273,291,255,324,86,118,101,
鳳山,2023/09/22 00:00:00,WIND_SPEED,0.5,0.7,0.6,0.5,0.4,0.4,0.5,0.6,1.1,0.9,1.1,1.2,1.3,1.2,1.1,1.1,0.8,0.8,0.8,0.5,0.3,0.4,0.7,0.4,
鳳山,2023/09/22 00:00:00,WS_HR,0.2,0.4,0.4,0.5,0.4,0.5,0.3,0.4,0.1,0,0.3,0.5,0.7,1,1,0.8,0.4,0.7,0.6,0.4,0.3,0.2,0.5,0.4,
鳳山,2023/09/23 00:00:00,AMB_TEMP,29.2,28.9,28.5,28.4,28.2,28,27.9,29.4,31,32.3,32.9,33.7,32.9,32.5,32.4,32.2,32,31.3,30.7,29.7,29.5,29.1,28.9,28.4,
鳳山,2023/09/23 00:00:00,CH4,2.31,2.5,2.41,2.38,2.44,2.44,2.28,2.24,2.13,2.09,2.02,1.98,1.95,1.94,1.93,1.93,1.94,1.94,1.98,2.15,2.23,2.12,2.08,2.22,
鳳山,2023/09/23 00:00:00,CO,0.35,0.33,0.3,0.29,0.29,0.3,0.34,0.51,0.58,0.62,0.49,0.49,0.39,0.37,0.35,0.41,0.56,0.66,0.61,0.54,0.51,0.36,0.33,0.3,
鳳山,2023/09/23 00:00:00,NMHC,0.13,0.12,0.08,0.09,0.09,0.1,0.08,0.13,0.16,0.2,0.14,0.11,0.08,0.1,0.06,0.1,0.14,0.17,0.17,0.18,0.18,0.1,0.13,0.11,
鳳山,2023/09/23 00:00:00,NO,0,0.2,0.2,0.1,0,0.1,0.5,2.5,3,3.6,2.9,2.3,2.3,1.7,2.4,2.4,3.2,3.1,2.5,0.5,0.4,0.3,0.1,0.1,
鳳山,2023/09/23 00:00:00,NO2,10.8,10.8,8.9,7.9,7.9,8.4,8.7,11.6,13.3,21.5,15.6,12.2,9.7,9.2,7.9,9,12,13.8,14.9,18.5,15.1,11.6,10.2,10.4,
鳳山,2023/09/23 00:00:00,NOx,10.6,11.1,9.1,8.1,7.9,8.6,9.2,14.2,16.4,25.2,18.5,14.5,12,10.9,10.3,11.4,15.3,17,17.5,19,15.5,11.9,10.4,10.5,
鳳山,2023/09/23 00:00:00,O3,21.5,17.2,19.5,17.6,17.8,16.3,14.5,16.1,29,32.9,43.6,45.4,38.6,36.2,30.2,27.3,23.7,20.6,20.4,20.4,21.4,19,17.2,13.3,
鳳山,2023/09/23 00:00:00,PM10,42,43,32,36,38,36,36,42,42,42,30,29,15,19,18,21,19,22,24,38,37,23,22,22,
鳳山,2023/09/23 00:00:00,PM2.5,24,24,23,25,26,23,23,24,27,26,18,12,11,8,7,6,7,10,14,25,22,16,11,15,
鳳山,2023/09/23 00:00:00,RAINFALL,0,0,0,0,0,0,0,0,0,0,0,0,0,0,0,0,0,0,0,0,0,0,0,0,
鳳山,2023/09/23 00:00:00,RH,92,92,93,93,92,93,93,86,72,67,65,61,63,66,65,66,67,71,74,89,89,89,87,90,
鳳山,2023/09/23 00:00:00,SO2,0.8,0.5,0.5,0.6,0.5,0.4,0.6,0.9,2.1,2.9,2.2,1.8,0.8,0.5,0.3,0.4,0.4,0.3,0.4,0.7,1.6,2.9,13.8,3.9,
鳳山,2023/09/23 00:00:00,THC,2.45,2.63,2.5,2.48,2.54,2.55,2.37,2.38,2.3,2.3,2.16,2.1,2.04,2.05,2,2.04,2.09,2.12,2.16,2.34,2.42,2.23,2.21,2.34,
鳳山,2023/09/23 00:00:00,WD_HR,103,96,90,90,86,92,104,96,88,250,261,276,267,291,291,292,289,286,301,100,103,104,103,93,
鳳山,2023/09/23 00:00:00,WIND_DIREC,111,99,77,80,95,104,104,127,337,221,266,288,301,300,294,307,286,275,91,87,104,109,89,95,
鳳山,2023/09/23 00:00:00,WIND_SPEED,0.7,0.6,0.3,0.3,0.5,0.5,0.4,0.4,0.7,1,1.4,1.2,1.3,1.2,1.4,0.7,0.7,0.6,0.5,0.5,0.6,0.6,0.4,0.3,
鳳山,2023/09/23 00:00:00,WS_HR,0.5,0.4,0.3,0.3,0.3,0.3,0.5,0.4,0.1,0.2,0.7,0.9,1,0.9,1.2,0.6,0.5,0.5,0.1,0.5,0.5,0.5,0.4,0.4,
鳳山,2023/09/24 00:00:00,AMB_TEMP,28.5,28.3,27.7,27.6,27.5,27.3,27.6,29.5,31.5,31.8,32.3,33.2,34.8,34.3,33.6,33.2,32.6,32,31.2,31,31,30.8,30.5,30.3,
鳳山,2023/09/24 00:00:00,CH4,2.21,2.13,2.37,2.28,2.22,2.13,2.07,2.05,1.96,1.97,1.97,1.93,1.93,1.93,1.92,1.92,1.93,1.94,1.93,1.94,1.95,1.95,1.94,1.95,
鳳山,2023/09/24 00:00:00,CO,0.31,0.26,0.25,0.23,0.23,0.23,0.28,0.33,0.3,0.41,0.37,0.36,0.38,0.3,0.26,0.3,0.34,0.47,0.45,0.35,0.38,0.35,0.24,0.19,
鳳山,2023/09/24 00:00:00,NMHC,0.12,0.11,0.06,0.07,0.06,0.06,0.07,0.06,0.08,0.1,0.1,0.08,0.1,0.06,0.04,0.04,0.15,0.27,0.08,0.04,0.06,0.05,0.01,0.04,
鳳山,2023/09/24 00:00:00,NO,0.3,0.7,0.4,0.2,0.4,0.4,0.7,2,1.9,2.5,2.5,3.3,6.3,10.7,24,25,21.1,17.8,3.1,2.1,2.2,1.7,1.1,0.7,
鳳山,2023/09/24 00:00:00,NO2,10.2,7.5,8.7,8.3,7.4,6.5,6.3,6.6,7.4,9.7,8.8,7.7,9.6,13.3,20.8,20.5,18,17.4,7.9,7.9,10,8.7,6.7,7.1,
鳳山,2023/09/24 00:00:00,NOx,10.5,8.2,9.1,8.5,7.9,6.9,7,8.6,9.4,12.2,11.3,11,15.9,24,44.8,45.5,39.1,35.2,11,10.1,12.2,10.5,7.9,7.8,
鳳山,2023/09/24 00:00:00,O3,14.2,16.8,11.4,10.8,11.6,12.8,13.1,16.2,29.2,29.7,25.6,25.3,22.3,23.9,18,15.4,14.6,11.1,17.6,22,20.7,22.1,23.6,22.3,
鳳山,2023/09/24 00:00:00,PM10,22,21,21,26,22,23,23,26,19,27,26,12,21,17,14,13,17,19,16,10,21,19,21,16,
鳳山,2023/09/24 00:00:00,PM2.5,11,19,13,15,11,14,13,13,12,14,11,10,7,4,3,7,6,6,5,6,8,7,9,8,
鳳山,2023/09/24 00:00:00,RAINFALL,0,0,0,0,0,0,0,0,0,0,0,0,0,0,0,0,0,0,0,0,0,0,0,0,
鳳山,2023/09/24 00:00:00,RH,90,89,93,93,93,93,92,85,72,70,67,62,54,57,58,61,62,65,67,68,69,70,73,74,
鳳山,2023/09/24 00:00:00,SO2,6.5,2.9,1.4,1.5,1.4,1.1,1.2,2.3,2,1.6,1.6,1.3,1.1,1.2,1.4,1.2,1.1,1.2,1,0.9,1.1,1.1,1.2,1.2,
鳳山,2023/09/24 00:00:00,THC,2.34,2.25,2.44,2.36,2.29,2.2,2.15,2.12,2.05,2.08,2.08,2.01,2.04,1.99,1.97,1.97,2.09,2.22,2.02,1.99,2.02,2.01,1.96,2,
鳳山,2023/09/24 00:00:00,WD_HR,76,113,102,90,99,101,107,100,104,204,290,282,290,281,281,278,277,288,291,289,270,287,268,351,
鳳山,2023/09/24 00:00:00,WIND_DIREC,92,94,130,80,101,89,102,81,6,91,278,277,280,274,284,274,284,290,289,267,295,277,95,1,
鳳山,2023/09/24 00:00:00,WIND_SPEED,0.4,0.4,0.6,0.3,0.4,0.6,0.4,0.5,0.6,0.7,1.1,1.1,1.5,1.4,1.9,1.3,1.4,1,0.8,0.4,0.7,0.4,0.3,0.3,
鳳山,2023/09/24 00:00:00,WS_HR,0.3,0.4,0.6,0.3,0.5,0.5,0.4,0.4,0.3,0,0.8,0.8,1.1,1,1.3,1.1,1.1,0.7,0.6,0.4,0.5,0.4,0.2,0.1,
鳳山,2023/09/25 00:00:00,AMB_TEMP,29.8,29.3,28.9,28.6,28.3,28,28.1,29.5,31.6,32.1,32.2,32.4,33.5,33.3,32.9,32.9,31.9,31.1,31,30.9,30.4,28.9,28.1,27.9,
鳳山,2023/09/25 00:00:00,CH4,1.99,2.15,2.48,2.39,2.47,2.43,2.23,2.16,2.07,1.95,1.94,1.94,1.92,1.95,1.94,1.93,1.93,1.94,1.96,1.96,1.96,2.05,2.04,1.98,
鳳山,2023/09/25 00:00:00,CO,0.17,0.19,0.19,0.19,0.22,0.22,0.24,0.35,0.55,0.45,0.47,0.43,0.28,0.38,0.34,0.32,0.49,0.62,0.59,0.52,0.39,0.28,0.26,0.33,
鳳山,2023/09/25 00:00:00,NMHC,0.01,0.08,0.12,0.1,0.08,0.07,0.05,0.07,0.13,0.11,0.12,0.15,0.04,0.08,0.08,0.06,0.12,0.14,0.14,0.13,0.08,0.1,0.09,0.12,
鳳山,2023/09/25 00:00:00,NO,0.5,0.7,0.3,0.3,0.4,0.7,1.4,5.2,6.5,3.6,3.8,2.6,2.4,1.9,2.6,3.7,4.8,3.1,3.3,2.9,1.7,0.6,0.5,0.6,
鳳山,2023/09/25 00:00:00,NO2,8.3,7,7.9,8.1,8,8.4,7.2,7.7,11,9.6,10.9,9.8,6.8,8,9,10.3,14.1,14.6,14.1,12,8.6,9.7,8.2,9.5,
鳳山,2023/09/25 00:00:00,NOx,8.8,7.8,8.3,8.5,8.4,9.1,8.7,12.9,17.5,13.2,14.8,12.4,9.2,10,11.6,14.1,18.9,17.7,17.4,14.9,10.3,10.4,8.8,10.1,
鳳山,2023/09/25 00:00:00,O3,17.9,13.5,8.3,6.8,5,4.4,5.2,7.2,16.8,23.1,28.1,32.1,35.2,36,34.3,31.6,26.3,23.1,22.7,24,26.1,17.8,21.1,18.6,
鳳山,2023/09/25 00:00:00,PM10,19,19,24,21,22,24,22,22,25,21,22,25,21,22,26,28,21,24,22,19,25,13,16,18,
鳳山,2023/09/25 00:00:00,PM2.5,8,9,10,5,6,11,6,5,8,5,7,8,6,10,8,10,9,12,8,9,6,10,15,8,
鳳山,2023/09/25 00:00:00,RAINFALL,0,0,0,0,0,0,0,0,0,0,0,0,0,0,0,0,0,0,0,0,0,0,2,0,
鳳山,2023/09/25 00:00:00,RH,79,89,91,92,93,93,90,85,70,68,68,68,63,66,67,67,71,75,75,74,80,95,97,95,
鳳山,2023/09/25 00:00:00,SO2,1.3,1.8,2.5,3.5,1.2,0.9,1.2,2.1,2.5,0.9,0.9,0.8,0.9,0.8,0.9,0.7,0.6,0.7,0.7,0.7,0.7,0.5,0.9,2.5,
鳳山,2023/09/25 00:00:00,THC,2.01,2.24,2.61,2.5,2.56,2.51,2.29,2.24,2.21,2.07,2.07,2.1,1.97,2.04,2.03,2,2.06,2.09,2.1,2.09,2.04,2.16,2.14,2.11,
鳳山,2023/09/25 00:00:00,WD_HR,89,95,85,84,91,98,103,122,252,279,279,273,254,292,269,275,264,255,295,289,278,98,117,96,
鳳山,2023/09/25 00:00:00,WIND_DIREC,92,92,84,102,80,102,108,122,265,289,279,277,177,276,270,270,257,250,305,266,95,81,64,30,
鳳山,2023/09/25 00:00:00,WIND_SPEED,0.7,0.8,0.4,0.4,0.4,0.5,0.6,0.7,0.7,1,0.9,1.1,1,1,1.6,1.1,1,1,1,0.7,0.7,0.7,0.4,0.3,
鳳山,2023/09/25 00:00:00,WS_HR,0.4,0.5,0.3,0.3,0.4,0.5,0.6,0.7,0.1,0.5,0.6,0.7,0.8,0.8,0.9,1,0.7,0.6,0.8,0.7,0.1,0.6,0.4,0.1,
鳳山,2023/09/26 00:00:00,AMB_TEMP,27.9,27.5,27.5,27.2,27.3,27.4,27.5,28.9,31.2,31.7,31,31.9,32.5,33.4,33.7,33.7,32.8,31.8,31.3,30.8,30.5,30.3,30.1,30,
鳳山,2023/09/26 00:00:00,CH4,2,2.08,2.17,2.55,2.61,2.46,2.33,2.27,2.01,2,1.99,2,1.96,1.95,1.94,1.94,1.96,1.98,1.97,1.98,1.98,1.98,1.97,1.99,
鳳山,2023/09/26 00:00:00,CO,0.23,0.2,0.2,0.22,0.25,0.32,0.38,0.47,0.41,0.43,0.68,0.64,0.43,0.37,0.32,0.41,0.55,0.88,0.64,0.57,0.47,0.43,0.32,0.25,
鳳山,2023/09/26 00:00:00,NMHC,0.09,0.18,0.25,0.1,0.08,0.11,0.13,0.13,0.11,0.11,0.23,0.19,0.11,0.1,0.09,0.12,0.15,0.27,0.18,0.24,0.19,0.1,0.07,0.09,
鳳山,2023/09/26 00:00:00,NO,0.5,0.2,0.5,0.5,0.5,0.5,1.6,5.3,4.2,2.5,3.2,3.2,3.5,3.8,3.1,4.2,4.4,6.1,2.3,2.5,1.4,1.2,0.9,0.8,
鳳山,2023/09/26 00:00:00,NO2,10.2,8.6,9.6,8.4,8.7,9.4,10.2,11.2,8.3,11,17,15.7,10.5,8.5,7.2,9.1,12.1,21.3,18.7,19.3,14.6,14,12.1,10.3,
鳳山,2023/09/26 00:00:00,NOx,10.7,8.9,10.2,8.9,9.2,9.9,11.8,16.5,12.5,13.5,20.2,19,14,12.3,10.4,13.4,16.5,27.4,21.1,21.9,16,15.2,13,11.2,
鳳山,2023/09/26 00:00:00,O3,16.7,11.1,10.4,10.6,10.3,11,8.3,8.8,21.1,29.5,24.4,37,32.1,27,24.8,23.3,24.5,19.9,18.5,22.8,28.7,27.6,28.5,26.6,
鳳山,2023/09/26 00:00:00,PM10,7,16,13,19,22,24,24,25,22,22,26,28,19,21,17,16,19,24,24,23,25,23,17,25,
鳳山,2023/09/26 00:00:00,PM2.5,8,6,6,6,10,10,10,12,11,7,9,11,11,10,3,1,3,7,7,10,10,11,7,7,
鳳山,2023/09/26 00:00:00,RAINFALL,0,0,0,0,0,0,0,0,0,0,0,0,0,0,0,0,0,0,0,0,0,0,0,0,
鳳山,2023/09/26 00:00:00,RH,94,95,95,98,97,97,96,91,75,69,76,73,65,58,52,51,57,63,65,73,75,76,78,77,
鳳山,2023/09/26 00:00:00,SO2,1.8,2.2,3.9,1.7,1.5,1.4,1.2,2.3,1.5,1.1,1.2,1.2,1.1,1,0.9,1,1.2,1.2,1.2,1.6,1.4,1.4,1.3,1.2,
鳳山,2023/09/26 00:00:00,THC,2.1,2.26,2.43,2.66,2.7,2.58,2.47,2.41,2.13,2.12,2.23,2.2,2.08,2.06,2.04,2.07,2.12,2.26,2.16,2.23,2.18,2.09,2.05,2.09,
鳳山,2023/09/26 00:00:00,WD_HR,88,97,97,96,80,96,95,107,65,255,264,275,282,282,273,280,277,284,255,272,274,286,304,354,
鳳山,2023/09/26 00:00:00,WIND_DIREC,89,102,98,116,74,105,98,118,248,260,272,267,297,265,257,283,293,284,239,284,279,267,275,12,
鳳山,2023/09/26 00:00:00,WIND_SPEED,0.4,0.4,0.6,0.4,0.3,0.7,0.4,0.7,0.7,0.8,0.3,0.5,0.8,1.1,1.5,1.2,0.7,0.4,0.5,0.6,0.4,0.3,0.3,0.3,
鳳山,2023/09/26 00:00:00,WS_HR,0.2,0.3,0.3,0.3,0.2,0.3,0.3,0.4,0.1,0.1,0.4,0.4,0.5,0.9,0.9,0.8,0.7,0.4,0.1,0.2,0.3,0.2,0.1,0.1,
鳳山,2023/09/27 00:00:00,AMB_TEMP,30,29.6,28.9,28.6,28.8,28.5,28.4,28.2,29.5,31.8,32.9,33.8,34.5,34.5,33.9,32.8,31.5,30.1,27.2,27.7,27.7,27.7,27.9,28,
鳳山,2023/09/27 00:00:00,CH4,1.97,2.18,2.35,2.29,2.3,2.48,2.48,2.23,1.96,1.97,1.95,1.97,1.97,1.97,1.97,1.98,1.97,1.97,2.03,2.05,2.09,2.08,2.07,2.05,
鳳山,2023/09/27 00:00:00,CO,0.18,0.22,0.26,0.23,0.22,0.28,0.41,0.58,0.45,0.43,0.37,0.48,0.39,0.34,0.35,0.43,0.59,0.56,0.35,0.44,0.43,0.38,0.39,0.43,
鳳山,2023/09/27 00:00:00,NMHC,0.06,0.09,0.12,0.07,0.1,0.12,0.14,0.18,0.09,0.13,0.1,0.14,0.07,0.07,0.07,0.09,0.14,0.11,0.09,0.15,0.18,0.13,0.2,0.2,
鳳山,2023/09/27 00:00:00,NO,0.5,0.8,0.8,0.7,0.6,1.4,2.2,3.8,6.2,5.6,4.1,4.2,3.6,3.2,3.3,3.7,4.9,3.3,1.1,1,1,1.5,0.7,0.8,
鳳山,2023/09/27 00:00:00,NO2,8.5,5.9,7.8,6.4,5.7,9,10.8,17.5,19.1,13.1,9.6,11.1,8.4,7.4,6.8,8.1,11,9.9,7.5,11.6,12.2,11.8,13.3,14,
鳳山,2023/09/27 00:00:00,NOx,9,6.8,8.6,7.1,6.3,10.5,13,21.3,25.4,18.8,13.8,15.3,12,10.6,10.1,11.9,15.9,13.3,8.7,12.7,13.2,13.3,14,14.8,
鳳山,2023/09/27 00:00:00,O3,30.1,21.7,12.9,15.3,16.6,7.8,4.9,7.4,17.7,27.4,32.3,33,33.6,33.2,29.7,25.2,21.7,22.8,23.3,17.6,14.2,14.9,11.9,13.2,
鳳山,2023/09/27 00:00:00,PM10,15,17,24,21,20,28,28,25,19,18,35,11,12,15,16,22,24,19,15,19,25,26,20,17,
鳳山,2023/09/27 00:00:00,PM2.5,7,7,13,9,8,21,13,13,12,8,7,6,6,5,9,8,11,12,11,12,15,11,11,12,
鳳山,2023/09/27 00:00:00,RAINFALL,0,0,0,0,0,0,0,0,0,0,0,0,0,0,0,0,0,17,9.5,0,0,0,0,0,
鳳山,2023/09/27 00:00:00,RH,78,82,88,89,88,90,90,92,87,68,61,56,54,54,56,62,72,83,97,96,95,95,95,95,
鳳山,2023/09/27 00:00:00,SO2,1.3,1.3,1.2,1.1,1,1.3,1.5,1.5,2,1.5,1.2,1,1.1,1,1,1.2,1,0.9,1,1,1.1,1,1.4,1.7,
鳳山,2023/09/27 00:00:00,THC,2.04,2.27,2.48,2.37,2.4,2.61,2.62,2.42,2.06,2.1,2.06,2.12,2.05,2.05,2.05,2.08,2.12,2.09,2.12,2.21,2.28,2.22,2.27,2.26,
鳳山,2023/09/27 00:00:00,WD_HR,286,36,114,104,90,98,111,110,260,263,257,282,278,287,289,291,282,283,108,112,107,108,79,91,
鳳山,2023/09/27 00:00:00,WIND_DIREC,283,33,138,92,102,98,199,119,298,165,276,301,276,301,300,302,282,122,104,93,126,107,63,83,
鳳山,2023/09/27 00:00:00,WIND_SPEED,0.3,0.3,0.7,0.5,0.8,0.5,0.7,0.8,0.6,0.9,1,1.5,1.5,1.8,1.7,1.6,1.2,0.9,0.8,0.5,0.4,0.5,0.3,0.4,
鳳山,2023/09/27 00:00:00,WS_HR,0.2,0.1,0.4,0.4,0.4,0.4,0.3,0.4,0.1,0.5,0.6,0.9,1.1,1.2,1.3,1.3,1,0.4,0.6,0.4,0.3,0.4,0.3,0.3,
鳳山,2023/09/28 00:00:00,AMB_TEMP,27.7,27.6,27.1,26.9,27,26.9,27,28.3,30.2,31.4,32.8,32.7,33.4,33.3,32.8,32.4,32,31.3,28,27.2,27.4,27.8,27.9,27.9,
鳳山,2023/09/28 00:00:00,CH4,2.02,2.4,2.44,2.32,2.29,2.52,2.45,2.34,2.15,2.07,2.08,#,1.97,#,1.95,1.95,1.96,1.96,1.97,1.99,2.02,2.06,2.15,2.13,
鳳山,2023/09/28 00:00:00,CO,0.27,0.33,0.26,0.19,0.21,0.29,0.38,0.49,0.49,0.36,0.54,0.54,#,0.28,0.33,0.44,0.61,0.83,0.45,0.49,0.57,0.64,0.64,0.54,
鳳山,2023/09/28 00:00:00,NMHC,0.07,0.16,0.12,0.05,0.06,0.12,0.12,0.13,0.11,0.08,0.16,#,0.07,#,0.06,0.09,0.14,0.22,0.1,0.13,0.17,0.24,0.24,0.21,
鳳山,2023/09/28 00:00:00,NO,0.8,0.6,0.3,0.1,0.2,0.5,3.1,6.7,6.4,4.2,4.2,4,#,2.6,3.6,4.5,4.5,5.5,1.5,0.6,0.9,0.6,1.2,0.6,
鳳山,2023/09/28 00:00:00,NO2,8.3,11.1,9,5.7,5.2,8.5,10.2,10.1,11.1,10.5,17,18.1,#,9,8.1,11.6,12.2,16.5,11.2,12.4,13.6,18,20.8,17.7,
鳳山,2023/09/28 00:00:00,NOx,9.1,11.7,9.3,5.9,5.4,9.1,13.3,16.8,17.5,14.7,21.3,22.1,#,11.6,11.8,16.2,16.7,22.1,12.7,13,14.6,18.6,22,18.4,
鳳山,2023/09/28 00:00:00,O3,21.5,10.3,9.4,12.5,14.1,6.9,3.9,7.5,15.9,28.3,#,#,32.7,29.7,24.8,23.2,22.3,20.3,27.5,23.8,18.2,11,6.9,8.9,
鳳山,2023/09/28 00:00:00,PM10,5,23,31,22,23,18,19,28,27,24,36,#,25,20,22,21,21,21,5,15,10,16,32,24,
鳳山,2023/09/28 00:00:00,PM2.5,7,11,17,8,11,12,11,11,9,16,24,#,18,12,8,11,15,8,7,5,7,15,20,23,
鳳山,2023/09/28 00:00:00,RAINFALL,0,0,0,0,0,0,0,0,0,0,0,#,0,0,0,0,0,0,5.5,0,0,0,0,0,
鳳山,2023/09/28 00:00:00,RH,95,96,98,97,96,97,95,89,76,72,66,66,64,66,67,68,68,71,88,95,95,95,95,94,
鳳山,2023/09/28 00:00:00,SO2,1.5,1.3,1,1.1,1.1,0.9,0.9,2,2.2,2.3,4.4,2.4,#,1,0.8,0.9,0.7,0.8,0.9,0.9,0.6,0.8,1,1.1,
鳳山,2023/09/28 00:00:00,THC,2.1,2.57,2.57,2.38,2.36,2.65,2.58,2.48,2.27,2.16,2.25,#,2.05,#,2.02,2.05,2.11,2.19,2.08,2.13,2.2,2.31,2.4,2.35,
鳳山,2023/09/28 00:00:00,WD_HR,89,101,99,110,68,89,93,120,131,112,161,265,266,254,276,282,278,286,168,114,85,99,75,103,
鳳山,2023/09/28 00:00:00,WIND_DIREC,71,136,105,102,100,88,108,98,171,139,289,279,294,290,283,261,268,274,36,112,112,93,85,101,
鳳山,2023/09/28 00:00:00,WIND_SPEED,0.3,0.6,0.8,0.3,0.3,0.3,0.4,0.5,0.9,1.3,1,0.6,1.1,1.4,1.6,1.2,1.2,1.1,0.3,0.4,0.5,0.3,0.3,0.3,
鳳山,2023/09/28 00:00:00,WS_HR,0.3,0.3,0.5,0.4,0.2,0.3,0.3,0.4,0.4,0.6,0.1,0.8,0.6,0.8,1.1,1.1,0.8,0.6,0.1,0.2,0.3,0.3,0.2,0.3,
鳳山,2023/09/29 00:00:00,AMB_TEMP,27.5,27.3,27.4,27.3,27.2,27.1,27.1,28.6,30.4,31.7,32.7,33.5,34,33.4,33.1,32.8,32.1,31.2,30.5,29.2,29.3,28.9,28.7,28.6,
鳳山,2023/09/29 00:00:00,CH4,2.15,2.18,2.2,2.18,2.11,2.21,2.1,2.08,2.1,2.07,2.13,2.02,2.01,2.04,2.03,1.97,1.99,2.01,2.01,2.09,2.14,2.25,2.35,2.4,
鳳山,2023/09/29 00:00:00,CO,0.36,0.3,0.26,0.24,0.22,0.25,0.29,0.4,0.39,0.48,0.66,0.64,0.43,0.46,0.51,0.4,0.49,0.63,0.57,0.59,0.65,0.61,0.58,0.55,
鳳山,2023/09/29 00:00:00,NMHC,0.09,0.06,0.07,0.06,0.04,0.06,0.06,0.12,0.09,0.09,0.25,0.21,0.1,0.08,0.13,0.07,0.09,0.11,0.11,0.15,0.16,0.18,0.18,0.18,
鳳山,2023/09/29 00:00:00,NO,0.4,1,1.1,0.9,0.7,0.9,1.5,3.4,3.2,3,3.1,2.6,2.4,1.7,1.6,2.3,2,2,1.8,1.4,1,1.2,0.9,1,
鳳山,2023/09/29 00:00:00,NO2,11.7,8.3,7.6,6,4.8,5.9,5.9,7.1,7,10,20.7,14.6,10.2,7.7,10.6,9.3,10.6,12.5,9.9,10.4,11,13.2,12.1,12,
鳳山,2023/09/29 00:00:00,NOx,12.2,9.3,8.7,7,5.6,6.8,7.4,10.5,10.2,13,23.9,17.2,12.6,9.4,12.2,11.6,12.6,14.6,11.8,11.8,12.1,14.4,13,13,
鳳山,2023/09/29 00:00:00,O3,15.4,16,15.8,15.4,16.9,13.2,12.3,12.2,21.6,34.7,52.2,#,51.9,68.9,72,50.7,53.2,45.5,34.2,25.2,27.1,21.6,22.4,20.2,
鳳山,2023/09/29 00:00:00,PM10,29,29,26,22,21,16,21,20,20,38,45,39,27,26,34,25,38,32,37,21,26,44,45,45,
鳳山,2023/09/29 00:00:00,PM2.5,12,20,15,12,11,14,15,13,16,19,28,19,11,21,23,18,18,20,21,21,21,33,32,31,
鳳山,2023/09/29 00:00:00,RAINFALL,0,0,0,0,0,0,0,0,0,0,0,0,0,0,0,0,0,0,0,0,0,0,0,0,
鳳山,2023/09/29 00:00:00,RH,95,96,96,96,95,95,95,88,76,67,66,61,57,60,64,67,71,76,75,72,76,83,90,91,
鳳山,2023/09/29 00:00:00,SO2,0.9,0.9,0.9,0.6,0.7,0.7,0.6,1.1,1.4,4.3,5.5,6.2,3.5,3.5,2.6,1.3,1.1,1.4,1.1,0.9,1,1.3,1.2,1,
鳳山,2023/09/29 00:00:00,THC,2.25,2.25,2.27,2.25,2.16,2.28,2.17,2.21,2.2,2.17,2.39,2.24,2.12,2.13,2.17,2.05,2.09,2.13,2.13,2.25,2.31,2.44,2.54,2.59,
鳳山,2023/09/29 00:00:00,WD_HR,106,95,86,97,107,99,98,99,111,117,234,272,256,245,280,270,290,280,45,96,86,94,103,81,
鳳山,2023/09/29 00:00:00,WIND_DIREC,115,109,81,99,117,121,104,87,142,128,265,266,259,256,289,264,288,284,107,50,86,83,105,56,
鳳山,2023/09/29 00:00:00,WIND_SPEED,0.4,0.3,0.3,0.3,0.3,0.3,0.6,0.5,0.9,1.3,1,1.1,1.3,1.2,1.3,1.3,1.2,1.1,0.8,0.3,0.4,0.3,0.3,0.3,
鳳山,2023/09/29 00:00:00,WS_HR,0.4,0.3,0.3,0.3,0.3,0.2,0.3,0.5,0.3,0.5,0.4,0.8,0.7,1,1.1,1,1.1,0.6,0.1,0.5,0.3,0.3,0.4,0.3,
鳳山,2023/09/30 00:00:00,AMB_TEMP,28.4,28.2,28.2,28.1,28.1,27.9,27.9,28.9,30.6,31.7,32.9,33.1,33.8,33.9,33.6,33.6,33,32,31.7,31.3,31.1,30.9,30.7,30.7,
鳳山,2023/09/30 00:00:00,CH4,2.42,2.4,2.4,2.3,2.27,2.61,2.59,2.37,2.13,2.13,2.04,2,1.99,1.97,1.97,1.97,1.98,2,2.01,2.02,2.03,2.02,2,2.01,
鳳山,2023/09/30 00:00:00,CO,0.49,0.41,0.38,0.33,0.29,0.36,0.41,0.39,0.32,0.36,0.39,0.35,0.38,0.29,0.27,0.32,0.45,0.62,0.67,0.59,0.49,0.42,0.38,0.32,
鳳山,2023/09/30 00:00:00,NMHC,0.16,0.11,0.1,0.1,0.06,0.12,0.14,0.1,0.06,0.08,0.11,0.07,0.07,0.05,0.04,0.06,0.1,0.14,0.15,0.16,0.26,0.15,0.08,0.05,
鳳山,2023/09/30 00:00:00,NO,0.9,0.4,0.4,0.4,0.3,0.5,1.1,2.3,2.1,1.2,2.1,2.1,1.8,1.7,1.8,1.8,2.4,3.1,2,1,1,1,1.1,0.6,
鳳山,2023/09/30 00:00:00,NO2,11.4,9.6,8.3,6.5,4.7,6.4,8.1,7.5,7,6.7,11.6,10.3,8.5,6.6,4.7,6,7.6,12.1,12.2,14.9,12.8,11.2,10,10.3,
鳳山,2023/09/30 00:00:00,NOx,12.4,10,8.8,7,5.1,6.9,9.3,9.9,9.1,7.9,13.7,12.4,10.3,8.3,6.6,7.8,10.1,15.2,14.3,16,13.8,12.3,11.1,10.9,
鳳山,2023/09/30 00:00:00,O3,16.9,17.9,18.8,19.5,20.7,A,9.1,13,26.2,39.9,40.5,#,#,40.4,34.9,30.6,28.5,25.9,25.4,27.2,34.6,34.8,31.6,31.5,
鳳山,2023/09/30 00:00:00,PM10,38,34,40,31,28,30,27,31,33,29,35,31,24,21,21,14,23,27,30,32,36,29,31,29,
鳳山,2023/09/30 00:00:00,PM2.5,31,26,24,17,15,17,16,13,19,20,16,15,15,13,8,8,9,9,11,22,22,19,17,21,
鳳山,2023/09/30 00:00:00,RAINFALL,0,0,0,0,0,0,0,0,0,0,0,0,0,0,0,0,0,0,0,0,0,0,0,0,
鳳山,2023/09/30 00:00:00,RH,92,93,94,94,93,94,94,91,80,72,67,64,60,58,56,55,59,64,66,71,72,75,76,75,
鳳山,2023/09/30 00:00:00,SO2,0.9,1,1.1,0.9,0.9,0.8,0.8,0.9,1.9,1.8,1.5,1.4,1.1,0.9,0.9,0.8,0.8,0.8,0.7,1,1.2,1.4,1.4,1.1,
鳳山,2023/09/30 00:00:00,THC,2.59,2.52,2.51,2.4,2.34,2.74,2.74,2.48,2.2,2.22,2.16,2.08,2.07,2.03,2.02,2.04,2.09,2.14,2.17,2.19,2.3,2.18,2.09,2.07,
鳳山,2023/09/30 00:00:00,WD_HR,80,84,100,101,94,78,98,100,104,148,278,241,265,258,257,284,270,258,267,265,268,280,273,288,
鳳山,2023/09/30 00:00:00,WIND_DIREC,31,106,96,139,95,89,79,122,109,187,271,260,269,258,285,302,266,280,318,266,230,285,259,318,
鳳山,2023/09/30 00:00:00,WIND_SPEED,0.3,0.3,0.5,0.5,0.3,0.4,0.3,0.7,0.7,0.8,1.1,1.1,1,1.3,1.3,1.2,1,0.3,0.3,0.4,0.4,0.3,0.3,0.3,
鳳山,2023/09/30 00:00:00,WS_HR,0.3,0.3,0.4,0.4,0.3,0.3,0.3,0.4,0.6,0.5,0.4,0.4,0.5,0.8,0.9,0.8,0.8,0.3,0.1,0.2,0.4,0.3,0.2,0.2,
鳳山,2023/10/01 00:00:00,AMB_TEMP,30.7,30.4,29.6,29.5,29.2,29.1,29.2,29.7,30.9,31.5,32.1,32.8,34.6,34.3,33.5,33.1,32,31.5,31.2,30.4,28.4,28,27.9,28,
鳳山,2023/10/01 00:00:00,CH4,2.01,2.01,2.32,2.39,2.38,2.51,2.27,2.2,2.13,2.15,2.08,2.07,2.02,2.01,1.97,1.98,1.98,2,2.01,2.05,2.08,2.07,2.08,2.15,
鳳山,2023/10/01 00:00:00,CO,0.26,0.23,0.31,0.33,0.28,0.35,0.31,0.35,0.37,0.44,0.43,0.42,0.36,0.3,0.31,0.38,0.41,0.56,0.59,0.42,0.27,0.28,0.3,0.27,
鳳山,2023/10/01 00:00:00,NMHC,0.02,0.01,0.08,0.09,0.06,0.1,0.06,0.06,0.06,0.09,0.09,0.07,0.06,0.04,0.05,0.05,0.06,0.1,0.1,0.05,0.02,0.03,0.06,0.05,
鳳山,2023/10/01 00:00:00,NO,0.3,0.8,1,0.9,0.7,0.6,0.9,1.2,1.3,1.3,1.5,1.3,1.6,2.3,2.5,2.5,3,2.6,2.1,1.3,0.9,0.8,0.6,0.6,
鳳山,2023/10/01 00:00:00,NO2,6.5,5.5,6.1,8.2,5.4,6.8,6.4,5.6,5.6,7.7,8.7,8.5,7.6,9.9,10.2,10.3,10.9,13.9,13.7,11.9,4.1,4.9,6.5,6.4,
鳳山,2023/10/01 00:00:00,NOx,6.9,6.3,7.2,9.2,6.2,7.4,7.4,6.9,6.9,9,10.2,9.9,9.2,12.3,12.7,12.9,14,16.6,15.9,13.3,5,5.7,7.1,7,
鳳山,2023/10/01 00:00:00,O3,35.3,32.5,18.1,13.4,18.2,A,16.4,18.4,28.5,36.2,#,58.9,54,46.6,#,#,29.9,27.4,29.3,32.4,32.2,30.2,26,24.3,
鳳山,2023/10/01 00:00:00,PM10,24,21,34,37,35,34,29,35,35,34,38,32,29,23,24,22,23,23,25,22,19,13,14,13,
鳳山,2023/10/01 00:00:00,PM2.5,12,15,21,20,18,15,11,16,21,20,20,21,23,13,11,11,10,13,13,13,10,12,9,5,
鳳山,2023/10/01 00:00:00,RAINFALL,0,0,0,0,0,0,0,0,0,0,0,0,0,0,0,0,0,0,0,0,0,0,0,0,
鳳山,2023/10/01 00:00:00,RH,73,75,89,90,90,91,89,87,75,72,68,68,58,57,60,61,65,68,69,76,92,93,92,90,
鳳山,2023/10/01 00:00:00,SO2,0.8,0.6,0.8,0.8,0.9,0.8,1,1.5,2.3,2,1.4,1.4,1.1,1.2,0.9,1.3,1.1,1.2,1.1,1.2,0.7,0.8,0.8,1.2,
鳳山,2023/10/01 00:00:00,THC,2.03,2.02,2.41,2.49,2.45,2.61,2.34,2.27,2.2,2.25,2.17,2.14,2.09,2.06,2.03,2.04,2.05,2.11,2.12,2.11,2.11,2.1,2.15,2.21,
鳳山,2023/10/01 00:00:00,WD_HR,304,290,85,93,91,83,108,118,118,147,214,250,265,249,256,270,264,276,291,63,94,114,99,89,
鳳山,2023/10/01 00:00:00,WIND_DIREC,310,88,73,86,65,97,118,127,123,264,284,197,251,236,276,272,252,261,308,103,91,102,102,53,
鳳山,2023/10/01 00:00:00,WIND_SPEED,0.3,0.3,0.3,0.4,0.3,0.4,0.5,0.5,0.6,0.4,0.9,1,1.2,1.3,1.1,1.3,1.2,0.8,0.7,1,0.8,0.8,0.5,0.3,
鳳山,2023/10/01 00:00:00,WS_HR,0.2,0.1,0.2,0.4,0.4,0.3,0.3,0.4,0.3,0.2,0.1,0.4,0.5,0.8,0.8,1,0.9,0.7,0.7,0.3,0.7,0.6,0.6,0.5,
鳳山,2023/10/02 00:00:00,AMB_TEMP,27.9,28.1,28.3,28.1,27.9,27.6,27.6,28.4,30.6,32,33.4,32.7,33.3,33.3,32.9,32.1,32.1,31.8,30.8,29.7,29.3,29.3,28.8,28.2,
鳳山,2023/10/02 00:00:00,CH4,2.15,2.19,2.25,2.26,2.4,2.41,2.31,2.21,2.07,2.06,2.06,2.12,2.15,2.12,2.07,2.07,2.07,2.07,2.13,2.22,2.16,2.23,2.16,2.15,
鳳山,2023/10/02 00:00:00,CO,0.23,0.23,0.24,0.23,0.25,0.26,0.34,0.59,0.47,0.44,0.5,0.7,0.65,0.49,0.43,0.55,0.61,0.83,0.57,0.52,0.44,0.53,0.47,0.42,
鳳山,2023/10/02 00:00:00,NMHC,0.01,0.02,0.03,0.02,0.04,0.04,0.1,0.15,0.09,0.08,0.12,0.2,0.15,0.09,0.11,0.16,0.14,0.2,0.17,0.16,0.11,0.19,0.14,0.13,
鳳山,2023/10/02 00:00:00,NO,0.5,0.7,0.8,0.7,0.8,0.8,1.7,5,6.2,3.4,2.2,2.1,1.9,1.7,1.9,2.1,2.2,2.2,1.3,1,0.9,1.1,1.4,1.2,
鳳山,2023/10/02 00:00:00,NO2,5.1,3.6,5.8,4.2,4.9,6.8,8,12.4,11.3,9.5,12.3,16.8,13.7,11.1,10.3,14.3,13.5,17.7,15.2,13.4,10.6,12.9,13,12.6,
鳳山,2023/10/02 00:00:00,NOx,5.7,4.3,6.6,4.9,5.7,7.6,9.7,17.4,17.6,12.9,14.5,18.9,15.6,12.9,12.2,16.4,15.7,19.9,16.6,14.4,11.5,14.1,14.4,13.8,
鳳山,2023/10/02 00:00:00,O3,24.4,23.2,19.5,20,15.3,11.5,9.1,9.2,18.8,37.9,55,55.2,63.5,61.7,54.1,55.5,52.3,45,37.3,25.8,27.8,23.2,24.3,23.9,
鳳山,2023/10/02 00:00:00,PM10,18,17,19,18,21,21,19,27,27,32,30,40,45,40,39,60,77,42,44,38,27,32,61,58,
鳳山,2023/10/02 00:00:00,PM2.5,4,6,11,8,6,8,10,10,10,16,14,22,22,19,11,20,26,18,19,18,17,14,19,18,
鳳山,2023/10/02 00:00:00,RAINFALL,0,0,0,0,0,0,0,0,0,0,0,0,0,0,0,0,0,0,0,0,0,0,0,0,
鳳山,2023/10/02 00:00:00,RH,89,89,89,89,91,91,90,87,71,65,58,63,61,60,60,64,63,62,70,86,88,88,78,73,
鳳山,2023/10/02 00:00:00,SO2,1.2,1.2,3.7,3.2,1.3,1.3,1.4,1.9,2.5,3.3,2.6,2.2,1.8,2,1.7,1.5,1.6,1.4,1.6,1.4,1.3,3.8,2.3,2.5,
鳳山,2023/10/02 00:00:00,THC,2.17,2.22,2.29,2.29,2.45,2.46,2.42,2.36,2.17,2.15,2.19,2.33,2.31,2.22,2.18,2.24,2.22,2.28,2.31,2.39,2.28,2.43,2.31,2.29,
鳳山,2023/10/02 00:00:00,WD_HR,101,102,79,96,87,95,103,102,105,118,149,267,264,264,252,252,278,275,100,94,106,103,294,283,
鳳山,2023/10/02 00:00:00,WIND_DIREC,108,102,58,89,84,109,97,129,137,126,87,268,300,283,265,244,309,287,118,110,117,251,38,282,
鳳山,2023/10/02 00:00:00,WIND_SPEED,0.7,0.7,0.3,0.4,0.3,0.5,0.5,0.6,0.7,0.9,0.7,0.8,0.9,1.1,1.3,1,1,0.6,0.8,0.6,0.5,0.5,0.4,0.8,
鳳山,2023/10/02 00:00:00,WS_HR,0.5,0.6,0.3,0.6,0.3,0.4,0.5,0.4,0.4,0.5,0.1,0.5,0.4,0.8,1,0.7,0.7,0.6,0.5,0.5,0.4,0.3,0.3,0.3,
鳳山,2023/10/03 00:00:00,AMB_TEMP,27.8,27.3,27,26.7,26.3,26.1,26.3,27.4,29.1,30.8,31.9,32.7,33.4,33.8,34,33.1,32,31.3,30.2,29.4,28.9,28.6,28.4,28,
鳳山,2023/10/03 00:00:00,CH4,2.16,2.16,2.14,2.17,2.18,2.17,2.19,2.2,2.18,2.17,2.14,2.12,2.08,2.07,2.07,2.07,2.07,2.08,2.08,2.08,2.09,2.09,2.1,2.1,
鳳山,2023/10/03 00:00:00,CO,0.38,0.29,0.28,0.26,0.29,0.33,0.48,0.73,0.61,0.57,0.56,0.6,0.46,0.39,0.41,0.49,0.55,0.76,0.74,0.6,0.58,0.5,0.39,0.33,
鳳山,2023/10/03 00:00:00,NMHC,0.15,0.15,0.08,0.1,0.13,0.11,0.14,0.26,0.23,0.23,0.21,0.17,0.11,0.07,0.1,0.13,0.13,0.18,0.19,0.14,0.17,0.14,0.13,0.11,
鳳山,2023/10/03 00:00:00,NO,1.2,0.8,1.1,0.7,0.9,1.2,3,10.8,9.7,6.9,5.2,3.5,2.3,1.7,1.8,1.7,1.8,2,3,2.6,3.4,2.1,1.8,1.2,
鳳山,2023/10/03 00:00:00,NO2,16.1,16.4,12.7,12.5,13.1,12.3,17,21.4,21.6,23.1,21.4,15.9,10.8,10.5,12,12.7,14.4,16.6,20.9,16.5,18.3,15.9,13.9,12.4,
鳳山,2023/10/03 00:00:00,NOx,17.3,17.2,13.8,13.3,14,13.6,20,32.3,31.4,30,26.6,19.5,13.2,12.2,13.8,14.4,16.2,18.6,24,19.2,21.7,18.1,15.8,13.6,
鳳山,2023/10/03 00:00:00,O3,18.1,17.1,22,21,16.3,17.1,13.2,11.2,21.5,32.8,46.4,59.4,66.8,69.2,70.6,71.5,66.9,56.7,35.2,30.9,25,22.4,20.9,20.1,
鳳山,2023/10/03 00:00:00,PM10,45,37,39,32,32,38,31,44,47,49,56,54,51,55,56,64,55,63,74,61,61,47,42,29,
鳳山,2023/10/03 00:00:00,PM2.5,19,15,10,10,11,17,17,22,15,19,16,18,15,15,14,16,13,20,15,18,19,16,15,11,
鳳山,2023/10/03 00:00:00,RAINFALL,0,0,0,0,0,0,0,0,0,0,0,0,0,0,0,0,0,0,0,0,0,0,0,0,
鳳山,2023/10/03 00:00:00,RH,70,68,67,68,72,73,75,72,62,58,56,56,49,47,48,50,55,59,66,70,74,77,80,86,
鳳山,2023/10/03 00:00:00,SO2,3.1,3.4,2.7,2.6,2.4,2,2,3.1,3.5,3.6,3.2,2.4,2,1.8,1.5,1.4,1.3,1.4,2,1.9,2.4,2,2,1.9,
鳳山,2023/10/03 00:00:00,THC,2.32,2.32,2.23,2.28,2.32,2.29,2.34,2.47,2.42,2.4,2.36,2.3,2.2,2.15,2.18,2.21,2.2,2.27,2.28,2.23,2.26,2.24,2.23,2.22,
鳳山,2023/10/03 00:00:00,WD_HR,278,276,266,285,144,285,275,281,281,285,284,274,275,276,273,271,268,268,279,274,271,281,267,278,
鳳山,2023/10/03 00:00:00,WIND_DIREC,283,270,262,288,101,282,270,287,277,292,296,264,277,270,270,132,271,284,272,262,264,280,275,273,
鳳山,2023/10/03 00:00:00,WIND_SPEED,1.5,1,0.9,0.8,0.5,0.5,1,1.3,1.1,1,1.1,1.6,1.9,1.6,1.5,1.3,1.4,1.1,1.4,0.9,1.3,1.4,1,0.6,
鳳山,2023/10/03 00:00:00,WS_HR,0.8,0.7,0.7,0.6,0,0.7,0.4,0.9,0.7,0.7,0.8,1.1,0.9,0.6,0.8,0.5,0.4,0.5,1,1,0.7,0.9,0.4,0.3,
鳳山,2023/10/04 00:00:00,AMB_TEMP,27.8,27.5,27.5,27.5,27.6,27.9,27.9,28.1,28.7,28.9,29,28.8,28.6,28.1,28.4,28.4,27.9,27.2,26.9,26.7,26.5,27,27.4,27.7,
鳳山,2023/10/04 00:00:00,CH4,2.11,2.11,2.13,2.13,2.12,2.08,2.05,2.06,2.05,2.05,2.04,2.04,2.04,2.04,2.04,2.04,2.03,2.04,2.04,2.03,2.02,2.03,2.03,2.02,
鳳山,2023/10/04 00:00:00,CO,0.3,0.27,0.27,0.25,0.23,0.25,0.3,0.63,0.5,0.49,0.52,0.54,0.46,0.44,0.55,0.46,0.47,0.59,0.45,0.32,0.26,0.22,0.22,0.2,
鳳山,2023/10/04 00:00:00,NMHC,0.11,0.07,0.06,0.08,0.04,0.03,0.04,0.16,0.13,0.14,0.19,0.18,0.11,0.12,0.12,0.12,0.13,0.15,0.1,0.04,0.02,0.02,0,0,
鳳山,2023/10/04 00:00:00,NO,1.3,0.8,0.8,0.9,0.8,1.4,1.4,4.1,5.1,4.6,4.3,5.1,4.5,3.1,3.3,3.1,3.5,3.3,2.6,2.1,1.6,1.1,0.9,0.9,
鳳山,2023/10/04 00:00:00,NO2,13.2,8.6,9.4,9,8.2,7.7,8,14.2,13.1,13.1,12.9,14.4,12,12.4,10.9,11.5,12.7,14.1,11.9,9.6,7.1,5.8,5.1,4.3,
鳳山,2023/10/04 00:00:00,NOx,14.5,9.4,10.3,9.9,9.1,9.1,9.5,18.3,18.2,17.7,17.3,19.5,16.5,15.6,14.3,14.6,16.3,17.4,14.6,11.7,8.7,7,6,5.2,
鳳山,2023/10/04 00:00:00,O3,17.5,18.7,18.8,18,21.6,27,25.3,21.3,23.3,24.5,25.5,24.8,29.3,29.7,31.3,30.5,29.7,28.1,29.3,32.5,36.6,38,36.8,34.7,
鳳山,2023/10/04 00:00:00,PM10,29,23,21,28,31,29,28,34,28,39,35,41,43,61,64,70,60,50,39,37,37,46,51,42,
鳳山,2023/10/04 00:00:00,PM2.5,13,12,12,12,14,18,10,14,16,11,9,14,10,19,18,16,15,13,12,10,7,7,11,9,
鳳山,2023/10/04 00:00:00,RAINFALL,0,0,0,0,0,0,0,0,0,0,0,0,0,0,0,0,0,0,0,0,0.5,0,0,0,
鳳山,2023/10/04 00:00:00,RH,89,90,91,91,91,91,91,91,88,88,87,88,88,90,88,88,89,93,94,95,95,91,88,88,
鳳山,2023/10/04 00:00:00,SO2,2.2,1.7,2.1,1.9,2.1,1.8,1.8,1.6,1.7,1.7,1.6,1.8,1.5,1.5,1.7,1.5,1.5,1.4,1.3,1.3,1.2,1.2,1.4,1.3,
鳳山,2023/10/04 00:00:00,THC,2.23,2.19,2.2,2.22,2.17,2.11,2.1,2.23,2.19,2.2,2.24,2.23,2.16,2.17,2.17,2.17,2.17,2.2,2.14,2.08,2.05,2.05,2.03,2.02,
鳳山,2023/10/04 00:00:00,WD_HR,294,280,282,280,280,282,277,275,263,278,269,273,271,279,269,274,272,273,272,276,275,276,273,278,
鳳山,2023/10/04 00:00:00,WIND_DIREC,310,286,271,278,279,285,275,274,271,278,268,274,274,281,260,276,273,277,272,270,273,280,274,280,
鳳山,2023/10/04 00:00:00,WIND_SPEED,0.8,1.1,1.3,1.4,1.6,1.6,1.9,1.7,1.4,2,1.8,1.8,2,2.5,2.1,2.3,1.9,2.2,1.7,2.1,2.8,2.9,3.2,4.1,
鳳山,2023/10/04 00:00:00,WS_HR,0.4,0.6,1.1,0.7,1.3,1.1,1.2,1,0.9,1.1,1.3,1.2,1.4,1.7,1.6,1.8,1.2,1.4,1.4,1.7,1.9,1.9,1.8,2.5,
鳳山,2023/10/05 00:00:00,AMB_TEMP,27.5,27.3,27.5,27.5,27.4,27.2,27.1,27.1,27.6,27.9,28.3,29,29.5,30.2,30.4,29,27.8,27.2,27.6,28,28.1,28.7,29.3,28.8,
鳳山,2023/10/05 00:00:00,CH4,2.02,2.01,2.01,2,2.01,2.01,2.02,2.02,2.02,2.02,2.03,2.03,2.05,2.05,2.03,2,2.01,2.01,2.02,2.02,2.02,2.03,2.02,2.04,
鳳山,2023/10/05 00:00:00,CO,0.19,0.17,0.17,0.17,0.17,0.17,0.19,0.22,0.24,0.25,0.3,0.34,0.36,0.33,0.32,0.23,0.23,0.23,0.24,0.22,0.21,0.21,0.21,0.2,
鳳山,2023/10/05 00:00:00,NMHC,0,0,0,0,0,0.01,0,0.02,0.05,0.04,0.06,0.08,0.11,0.05,0.05,0.01,0.04,0.02,0.01,0,0,0,0,0,
鳳山,2023/10/05 00:00:00,NO,0.8,1,1.1,0.8,0.9,1,0.9,1.3,1.8,1.9,2.1,2.2,2.4,1.7,1.8,1.3,1,1,1,1,0.9,0.9,0.8,0.8,
鳳山,2023/10/05 00:00:00,NO2,3.5,3.1,3.2,3.4,3.6,3.5,3.8,4.3,5.4,5.4,6.9,7.4,9,6.2,6.2,2.9,2.4,2.4,2.7,2.3,2.1,1.9,1.6,1.5,
鳳山,2023/10/05 00:00:00,NOx,4.4,4.2,4.3,4.2,4.6,4.6,4.8,5.6,7.2,7.3,9,9.7,11.4,7.9,8.1,4.3,3.5,3.5,3.8,3.3,3,2.8,2.5,2.3,
鳳山,2023/10/05 00:00:00,O3,35.5,35.8,35.2,37.4,38.5,39.5,37.8,36.8,35.9,36.8,36.2,37.1,37.1,39.7,36.5,42.2,44.6,45.3,44.4,45.7,45.1,43.3,39,39.6,
鳳山,2023/10/05 00:00:00,PM10,56,40,34,24,27,27,25,20,24,31,31,31,36,38,22,82,54,14,10,17,10,12,18,11,
鳳山,2023/10/05 00:00:00,PM2.5,7,5,4,7,5,2,4,6,7,6,6,8,11,12,7,2,0,2,3,4,4,3,1,0,
鳳山,2023/10/05 00:00:00,RAINFALL,0,0,0,0,0,0,0,0,0,0,0,0,0,0,0,0,0,0,0,0,0,0,0,0,
鳳山,2023/10/05 00:00:00,RH,89,89,88,88,89,89,89,89,88,87,87,86,82,78,74,81,87,89,86,78,75,70,64,67,
鳳山,2023/10/05 00:00:00,SO2,1.2,0.8,0.9,1.2,1,1,1,1,1.2,1.1,1.2,1.5,1.6,1.2,1.1,0.7,0.7,0.9,0.7,0.8,0.9,0.7,0.6,0.7,
鳳山,2023/10/05 00:00:00,THC,2.01,2.01,2.02,2.01,2.02,2.03,2.03,2.05,2.08,2.07,2.1,2.12,2.17,2.11,2.09,2.02,2.06,2.04,2.04,2.03,2.03,2.03,2.03,2.04,
鳳山,2023/10/05 00:00:00,WD_HR,275,265,270,276,270,276,277,273,270,273,270,269,271,229,174,143,129,125,134,124,125,123,126,127,
鳳山,2023/10/05 00:00:00,WIND_DIREC,273,264,278,269,271,279,283,273,265,274,268,250,269,241,139,131,130,108,127,121,125,129,115,122,
鳳山,2023/10/05 00:00:00,WIND_SPEED,3.4,2.6,2.9,2.7,2.3,3.5,2.6,2.9,2.7,2.2,1.7,1.4,1.5,0.7,1.6,2.8,3.2,3,3,3,2.7,2.9,2.5,2.2,
鳳山,2023/10/05 00:00:00,WS_HR,2.4,1.7,2.4,2.4,2.1,2.2,2.4,2.2,2,1.9,1.6,1.1,0.6,0.4,0.3,1.3,1.9,2,1.5,1.8,1.8,1.6,1.3,1.3,
鳳山,2023/10/06 00:00:00,AMB_TEMP,27.2,28,27.8,28.2,28.8,28.3,27.6,26.3,26.3,26.5,26.5,26.4,24.5,24.6,24.8,24.7,25.1,25.2,25.3,25.5,25.6,25.6,25.7,25.7,
鳳山,2023/10/06 00:00:00,CH4,2.03,2.04,2.03,2.02,2.03,2.04,2.16,2.15,2.13,2.13,2.14,2.16,2.03,2.06,#,#,2.1,2.12,2.13,2.13,2.12,2.13,2.14,2.18,
鳳山,2023/10/06 00:00:00,CO,0.19,0.18,0.19,0.18,0.2,0.22,0.34,0.46,0.46,0.48,0.4,0.42,0.25,0.28,#,#,0.51,0.73,0.8,0.85,0.56,0.56,0.6,0.51,
鳳山,2023/10/06 00:00:00,NMHC,0,0,0,0,0,0.01,0.06,0.07,0.09,0.14,0.15,0.15,0.04,0.11,#,#,0.35,0.39,0.45,0.35,0.15,0.15,0.17,0.19,
鳳山,2023/10/06 00:00:00,NO,0.8,1,0.9,0.9,1,0.9,1.3,1.9,2.5,3.5,4.7,3.1,1.8,1.8,1.8,2.1,2.2,2.6,5.4,13.9,3.3,2.4,2.4,2.1,
鳳山,2023/10/06 00:00:00,NO2,1.7,1.9,1.5,1.6,1.5,2.3,6.6,9,9.9,13.9,13.8,10.9,7.6,9.6,13.3,15.1,20.4,25,30.8,29.9,16,13.9,14.6,17.5,
鳳山,2023/10/06 00:00:00,NOx,2.5,3,2.4,2.6,2.5,3.3,7.9,11,12.5,17.4,18.5,14.1,9.4,11.5,15.1,17.3,22.6,27.7,36.2,43.8,19.3,16.3,17.1,19.6,
鳳山,2023/10/06 00:00:00,O3,38.3,37.3,38.5,36.4,37.2,34.4,24.8,23.4,24.1,21.7,19.6,24.1,29.6,26.5,22.4,16.4,11.8,7.8,2.4,0.9,7.9,9,9.5,6.4,
鳳山,2023/10/06 00:00:00,PM10,6,3,6,11,15,15,19,10,18,16,11,13,11,#,14,19,13,17,24,28,18,24,13,16,
鳳山,2023/10/06 00:00:00,PM2.5,0,0,2,6,7,6,6,7,8,6,7,10,6,4,#,9,8,7,9,7,6,4,4,9,
鳳山,2023/10/06 00:00:00,RAINFALL,0,0,0,0,0,0,0,0.5,0,1.5,0,7,13.5,1.5,0.5,0,0,0,0,0,0,0,0,0,
鳳山,2023/10/06 00:00:00,RH,79,74,74,70,66,72,78,94,94,94,96,97,99,99,99,98,98,97,96,96,96,96,96,96,
鳳山,2023/10/06 00:00:00,SO2,1.4,0.9,0.8,0.9,0.9,0.9,1.1,1.7,1.1,1.1,1.8,1.3,1,0.9,1.2,1.4,1,1.1,1.2,1.5,1.2,1.2,1,1.1,
鳳山,2023/10/06 00:00:00,THC,2.03,2.04,2.02,2.02,2.03,2.06,2.23,2.23,2.23,2.28,2.3,2.32,2.08,2.18,#,#,2.46,2.51,2.58,2.49,2.28,2.29,2.32,2.38,
鳳山,2023/10/06 00:00:00,WD_HR,121,126,127,127,130,116,89,96,105,109,102,125,104,95,104,107,97,91,93,82,83,60,29,39,
鳳山,2023/10/06 00:00:00,WIND_DIREC,123,128,124,130,143,105,97,82,115,115,107,111,75,112,112,94,85,78,87,285,91,46,59,54,
鳳山,2023/10/06 00:00:00,WIND_SPEED,1.5,2.3,1.8,1.9,2.1,0.5,0.8,0.4,0.6,0.9,1,0.9,1.1,0.6,0.5,0.3,0.3,0.3,0.3,0.3,0.3,0.3,0.3,0.3,
鳳山,2023/10/06 00:00:00,WS_HR,1.1,1.2,1.4,0.9,0.9,0.6,0.4,0.4,0.5,0.4,0.5,0.5,0.7,0.4,0.5,0.4,0.3,0.3,0.3,0.1,0.2,0.2,0.2,0.2,
鳳山,2023/10/07 00:00:00,AMB_TEMP,25.6,25.4,25.2,25.3,25.3,25,25.2,26,28.3,30,31.7,32.6,32.8,32.8,31.7,30.6,30.1,29.9,29.4,29.2,28.3,27.7,27.6,27.6,
鳳山,2023/10/07 00:00:00,CH4,2.3,2.27,2.24,2.21,2.31,2.31,2.38,2.28,2.16,2.16,2.15,2.04,2.04,2.03,2.02,2.03,2.01,2.04,2.03,2.04,2.08,2.08,2.09,2.1,
鳳山,2023/10/07 00:00:00,CO,0.52,0.4,0.28,0.27,0.28,0.31,0.47,0.54,0.51,0.56,0.7,0.56,0.55,0.56,0.41,0.47,0.54,0.98,0.78,0.68,0.48,0.41,0.39,0.36,
鳳山,2023/10/07 00:00:00,NMHC,0.22,0.22,0.07,0.07,0.08,0.1,0.15,0.11,0.13,0.2,0.26,0.15,0.13,0.12,0.1,0.12,0.14,0.33,0.2,0.17,0.1,0.08,0.09,0.09,
鳳山,2023/10/07 00:00:00,NO,1.6,0.9,0.8,0.6,0.7,1.4,5.6,7.3,6.1,4.1,5.7,4.9,3.6,3.7,15.1,5.5,2.5,6.5,3.2,2.8,1.3,1.3,1,0.9,
鳳山,2023/10/07 00:00:00,NO2,18,14.3,9.7,6.9,7.1,8.3,8.4,8.7,10,14.7,25.3,19.4,19.1,18.9,20.9,19,19.2,29.2,21.5,19.9,11.5,9.4,11.6,9.8,
鳳山,2023/10/07 00:00:00,NOx,19.6,15.2,10.6,7.6,7.8,9.8,14.1,16.1,16.1,18.9,31.1,24.3,22.8,22.6,36,24.5,21.8,35.7,24.7,22.8,12.8,10.7,12.7,10.8,
鳳山,2023/10/07 00:00:00,O3,5,4.6,5,5.4,4.6,3.5,1.7,4.4,14.3,31.1,35.7,37.7,41.5,38.1,34.4,38.5,24.4,14.1,19.4,23.7,26.8,26,21.6,23.3,
鳳山,2023/10/07 00:00:00,PM10,14,23,17,15,13,18,21,24,20,24,33,22,21,26,22,28,30,36,32,29,23,25,19,19,
鳳山,2023/10/07 00:00:00,PM2.5,6,3,2,0,0,2,4,3,9,14,17,6,8,8,7,10,18,17,16,22,10,12,11,11,
鳳山,2023/10/07 00:00:00,RAINFALL,0,0,0,0,0,0,0,0,0,0,0,0,0,0,0,0,0,0,0,0,0,0,0,0,
鳳山,2023/10/07 00:00:00,RH,96,97,97,97,96,97,98,94,82,69,64,59,59,59,63,69,72,74,76,77,88,92,92,92,
鳳山,2023/10/07 00:00:00,SO2,1,1.1,1.2,1.1,1.1,0.8,1,1.2,2.2,4.4,6.6,5.4,6.3,7.4,4.1,2.4,3,4.1,1.9,1.7,1.2,1,1.4,1.3,
鳳山,2023/10/07 00:00:00,THC,2.53,2.5,2.32,2.28,2.4,2.42,2.53,2.4,2.3,2.36,2.42,2.2,2.18,2.16,2.13,2.16,2.16,2.38,2.24,2.22,2.19,2.17,2.19,2.2,
鳳山,2023/10/07 00:00:00,WD_HR,67,83,66,65,72,92,51,103,109,117,122,145,247,289,247,249,299,284,293,283,104,87,332,47,
鳳山,2023/10/07 00:00:00,WIND_DIREC,67,53,32,25,65,72,78,114,55,115,95,115,89,280,257,47,302,248,333,283,107,96,303,39,
鳳山,2023/10/07 00:00:00,WIND_SPEED,0.3,0.3,0.3,0.3,0.3,0.3,0.3,0.5,0.3,0.6,1,1.1,0.9,1,0.8,0.6,0.5,0.3,0.3,0.3,0.5,0.3,0.5,0.3,
鳳山,2023/10/07 00:00:00,WS_HR,0.2,0.2,0.2,0.2,0.2,0.1,0.1,0.3,0.3,0.3,0.3,0.2,0.1,0.2,0.5,0.2,0.3,0.3,0.2,0.2,0.1,0.1,0.1,0.1,
鳳山,2023/10/08 00:00:00,AMB_TEMP,27.3,27.3,27,26.5,26.1,26.2,26.1,26.7,28.8,29.7,31.2,31.8,32.1,31,31.8,31.1,31,29.5,28.2,27.4,26.8,26.9,26.9,27.1,
鳳山,2023/10/08 00:00:00,CH4,2.12,2.11,2.2,2.21,2.18,2.22,2.21,2.19,2.16,2.1,2.06,2.06,2.06,2.13,2.14,2.13,2.04,2.06,2.08,2.06,2.02,2.06,2.09,2.21,
鳳山,2023/10/08 00:00:00,CO,0.35,0.29,0.32,0.31,0.3,0.31,0.44,0.47,0.48,0.48,0.5,0.42,0.48,0.66,0.52,0.51,0.55,0.57,0.48,0.32,0.27,0.27,0.26,0.28,
鳳山,2023/10/08 00:00:00,NMHC,0.09,0.05,0.17,0.13,0.06,0.1,0.16,0.16,0.13,0.11,0.13,0.13,0.11,0.12,0.1,0.1,0.1,0.1,0.09,0.05,0.02,0.02,0.03,0.05,
鳳山,2023/10/08 00:00:00,NO,0.6,0.9,0.8,0.8,0.7,0.7,3.7,6.1,4.5,3.5,2.2,1.7,1.5,1.6,1.5,1.3,1.7,1.4,0.9,0.8,0.9,1,0.7,0.6,
鳳山,2023/10/08 00:00:00,NO2,8.6,5.7,10,14.7,7.1,8.6,10.4,11.6,9.5,9.2,7.2,11.4,11,16,10.7,11.2,12.2,11.1,10.9,6.9,5.2,5.4,5.7,6.3,
鳳山,2023/10/08 00:00:00,NOx,9.3,6.6,10.8,15.5,7.9,9.3,14.1,17.8,14,12.7,9.4,13.2,12.5,17.7,12.3,12.6,14,12.5,11.8,7.8,6.1,6.4,6.5,6.9,
鳳山,2023/10/08 00:00:00,O3,21.4,23.4,12.3,7.2,9.2,7.6,3.8,6.1,13.5,23.2,38.7,52.7,57.8,55.8,61.4,53.9,46.9,44.4,36.1,34,26.5,24.4,23.1,20.6,
鳳山,2023/10/08 00:00:00,PM10,A,20,18,23,14,13,17,21,19,18,22,24,25,38,27,37,34,32,30,21,19,16,8,8,
鳳山,2023/10/08 00:00:00,PM2.5,7,7,10,10,10,9,7,15,4,7,8,12,16,23,22,20,16,12,20,14,11,8,5,5,
鳳山,2023/10/08 00:00:00,RAINFALL,0,0,0,0,0,0,0,0,0,0,0,0,0,0,0,0,0,0,0,0.5,0,0,0,0,
鳳山,2023/10/08 00:00:00,RH,92,92,94,95,97,96,97,95,87,77,66,64,63,71,66,69,66,76,90,93,94,93,94,94,
鳳山,2023/10/08 00:00:00,SO2,1,0.8,1.1,1.8,1.2,1,1.1,1.7,1.6,1.8,1.5,2.4,2.3,3.3,1.8,1.4,1.9,1.8,1.2,0.8,0.7,1.2,1.7,1.3,
鳳山,2023/10/08 00:00:00,THC,2.22,2.17,2.38,2.35,2.25,2.33,2.38,2.36,2.3,2.22,2.2,2.19,2.17,2.26,2.25,2.24,2.15,2.17,2.18,2.12,2.05,2.09,2.13,2.26,
鳳山,2023/10/08 00:00:00,WD_HR,70,33,309,308,58,59,329,82,29,22,324,95,225,286,293,295,283,292,90,107,108,97,86,77,
鳳山,2023/10/08 00:00:00,WIND_DIREC,61,47,285,67,21,22,44,72,301,292,327,196,211,343,285,317,274,104,100,100,96,109,82,95,
鳳山,2023/10/08 00:00:00,WIND_SPEED,0.3,0.3,0.9,0.3,0.3,0.3,0.3,0.4,0.4,0.3,0.7,0.6,0.6,0.6,0.8,0.7,0.8,0.4,0.8,0.8,0.5,0.8,0.4,0.5,
鳳山,2023/10/08 00:00:00,WS_HR,0.2,0.2,0.2,0.1,0.1,0.2,0.2,0.3,0.1,0.1,0.1,0.3,0.3,0.4,0.7,0.8,0.8,0.1,0.3,0.6,0.3,0.5,0.3,0.3,
鳳山,2023/10/09 00:00:00,AMB_TEMP,27,26.9,26.8,26.7,26.6,26.4,26.6,27.8,29.2,30.6,31.2,31.8,31.8,31.8,32,31.7,30.6,29.5,29,29.1,28.8,28.9,29,28.5,
鳳山,2023/10/09 00:00:00,CH4,2.21,2.18,2.06,2.1,2.17,2.18,2.12,2.08,2.07,2.06,2.02,2.01,2.02,2.02,1.99,1.98,2.02,2.03,2.02,2.03,2.03,2.03,2.03,2.07,
鳳山,2023/10/09 00:00:00,CO,0.26,0.24,0.21,0.21,0.25,0.3,0.3,0.35,0.34,0.47,0.51,0.46,0.4,0.42,0.38,0.43,0.56,0.76,0.59,0.6,0.49,0.52,0.47,0.4,
鳳山,2023/10/09 00:00:00,NMHC,0.05,0.05,0.05,0.08,0.11,0.12,0.1,0.08,0.09,0.1,0.11,0.09,0.07,0.07,0.07,0.09,0.11,0.17,0.12,0.12,0.09,0.1,0.09,0.08,
鳳山,2023/10/09 00:00:00,NO,0.8,1.1,0.9,0.9,1,1.1,1.6,2.6,4.3,4.1,3.3,2.6,1.9,2.9,2.6,2.8,2.3,2.3,1.9,1.9,1.2,1,1.3,0.8,
鳳山,2023/10/09 00:00:00,NO2,6.6,5.9,3.8,3.7,6.2,6.4,5.3,6.7,10.1,12.5,11.2,9,7.6,9.6,7.4,9.3,11.3,15,11.6,13.6,12.6,11.9,11.9,9.5,
鳳山,2023/10/09 00:00:00,NOx,7.4,7,4.8,4.7,7.2,7.6,7,9.3,14.4,16.7,14.6,11.7,9.6,12.6,10.1,12.1,13.7,17.3,13.5,15.5,13.9,13,13.2,10.4,
鳳山,2023/10/09 00:00:00,O3,18.3,17.1,20.3,16.6,11,12.5,14.1,15.6,20.5,28,33.1,40.2,43.6,40.5,39.9,36.1,44.1,41.5,39.3,34.7,38.9,35.6,32.5,32.7,
鳳山,2023/10/09 00:00:00,PM10,6,11,8,16,14,15,13,15,17,24,22,27,21,14,16,21,24,30,28,26,28,30,21,26,
鳳山,2023/10/09 00:00:00,PM2.5,3,4,3,1,3,5,3,5,9,14,10,9,6,6,6,7,12,12,10,8,12,11,8,11,
鳳山,2023/10/09 00:00:00,RAINFALL,0,0,0,0,0,0,0,0,0,0,0,0,0,0,0,0,0,0,0,0,0,0,0,0,
鳳山,2023/10/09 00:00:00,RH,94,95,93,94,95,96,94,91,86,75,70,65,64,63,61,61,67,75,78,76,80,80,74,80,
鳳山,2023/10/09 00:00:00,SO2,1.3,0.7,0.6,0.4,0.6,0.4,0.4,0.7,1.6,1.6,1.2,1.2,1.1,0.9,0.8,0.8,1,0.8,0.7,0.6,0.5,0.5,0.5,0.5,
鳳山,2023/10/09 00:00:00,THC,2.27,2.24,2.12,2.19,2.29,2.31,2.23,2.17,2.17,2.17,2.14,2.11,2.1,2.1,2.07,2.08,2.14,2.21,2.15,2.16,2.13,2.14,2.13,2.16,
鳳山,2023/10/09 00:00:00,WD_HR,92,93,44,92,78,89,95,93,99,169,276,260,278,284,284,278,289,290,290,294,327,337,332,61,
鳳山,2023/10/09 00:00:00,WIND_DIREC,96,68,26,79,319,102,123,92,92,278,291,259,279,276,279,279,287,301,285,293,79,275,40,95,
鳳山,2023/10/09 00:00:00,WIND_SPEED,0.4,0.3,0.3,0.3,0.3,0.3,0.5,0.6,0.8,0.6,0.8,1.1,1.1,1,1.3,1.1,1.2,0.8,0.8,0.3,0.3,0.3,0.3,0.3,
鳳山,2023/10/09 00:00:00,WS_HR,0.3,0.4,0.1,0.3,0.2,0.3,0.3,0.3,0.5,0.2,0.5,0.7,0.8,0.9,1,0.9,1.1,0.7,0.2,0.3,0.1,0.1,0.2,0.2,
鳳山,2023/10/10 00:00:00,AMB_TEMP,28,27.7,27.1,26.8,26.8,26.9,27.2,28.1,29.3,30.6,30.9,31.1,31.6,31.1,31,31,30.7,30.1,29.7,29.6,29.6,29.4,29.2,28.7,
鳳山,2023/10/10 00:00:00,CH4,2.14,2.21,2.61,2.68,2.39,2.31,2.23,2.16,2.17,2.13,2.23,2.27,2.1,2.06,2.04,2.04,2.02,2.03,2.04,2.03,2.04,2.04,2.08,2.2,
鳳山,2023/10/10 00:00:00,CO,0.39,0.39,0.36,0.32,0.25,0.29,0.33,0.32,0.35,0.47,0.61,0.67,0.46,0.38,0.37,0.45,0.54,0.68,0.67,0.52,0.52,0.44,0.39,0.33,
鳳山,2023/10/10 00:00:00,NMHC,0.11,0.12,0.08,0.06,0.02,0.05,0.08,0.03,0.05,0.09,0.15,0.13,0.06,0.03,0.02,0.05,0.08,0.13,0.12,0.08,0.09,0.07,0.04,0.04,
鳳山,2023/10/10 00:00:00,NO,0.8,0.7,0.8,0.6,0.8,1.1,1.2,2,3.1,2.7,1.7,1.7,1.6,1.9,1.6,1.6,1.8,2.4,2.2,2.2,2.5,1.8,1,0.8,
鳳山,2023/10/10 00:00:00,NO2,10.7,10.6,10.6,9.4,6.1,6.1,8.9,6.3,8,9.7,14.1,16.7,10.3,9.5,7.8,8.1,10.3,14.8,14.8,13.5,16.3,11.2,7.9,7.7,
鳳山,2023/10/10 00:00:00,NOx,11.5,11.4,11.5,10,6.9,7.2,10.1,8.3,11.1,12.4,15.9,18.5,11.9,11.5,9.5,9.7,12.1,17.2,17,15.8,18.8,13,9,8.5,
鳳山,2023/10/10 00:00:00,O3,27.4,23.6,14.6,10.3,11.3,13.3,11.6,15.2,24.8,37,58.7,76.6,57,52.9,53,53.7,45.8,38.3,37.7,38.5,34.5,38.1,40.4,32.3,
鳳山,2023/10/10 00:00:00,PM10,35,40,42,31,29,30,32,21,32,32,54,62,36,33,30,24,22,27,27,26,29,34,28,31,
鳳山,2023/10/10 00:00:00,PM2.5,13,15,16,18,10,9,13,11,19,16,26,32,14,14,13,17,17,6,10,11,13,12,12,14,
鳳山,2023/10/10 00:00:00,RAINFALL,0,0,0,0,0,0,0,0,0,0,0,0,0,0,0,0,0,0,0,0,0,0,0,0,
鳳山,2023/10/10 00:00:00,RH,90,91,94,94,92,92,92,88,78,66,69,70,62,64,62,61,61,64,66,66,68,69,70,77,
鳳山,2023/10/10 00:00:00,SO2,0.9,1,0.8,0.3,0.4,0.4,0.7,1,2.2,1.9,1.7,1.8,1.3,1.2,1,1.1,1.2,0.7,0.7,0.6,0.6,0.8,0.7,0.7,
鳳山,2023/10/10 00:00:00,THC,2.26,2.34,2.7,2.75,2.42,2.37,2.32,2.2,2.23,2.23,2.39,2.41,2.17,2.09,2.07,2.1,2.11,2.17,2.17,2.12,2.14,2.12,2.13,2.25,
鳳山,2023/10/10 00:00:00,WD_HR,95,95,92,83,94,95,95,96,121,310,252,251,262,258,241,270,262,264,254,271,283,269,324,89,
鳳山,2023/10/10 00:00:00,WIND_DIREC,96,87,70,65,100,103,93,106,120,92,270,253,259,270,235,279,249,253,252,296,265,255,61,102,
鳳山,2023/10/10 00:00:00,WIND_SPEED,0.5,0.3,0.3,0.3,0.5,0.7,0.6,0.7,0.8,0.7,0.9,1.1,1.2,1.4,1.2,1.1,1.2,0.9,0.9,0.6,0.5,0.6,0.3,0.4,
鳳山,2023/10/10 00:00:00,WS_HR,0.4,0.3,0.3,0.4,0.4,0.3,0.4,0.4,0.5,0.4,0.4,0.5,0.7,1,0.8,0.9,0.9,0.7,0.5,0.5,0.4,0.5,0.2,0.2,
鳳山,2023/10/11 00:00:00,AMB_TEMP,28.5,28.2,27.7,27.2,26.9,26.8,26.9,28.2,30,31.3,30.4,30.5,32.2,32.2,31.6,31.6,31.3,30.6,30.3,30,29,28.7,27.8,27.3,
鳳山,2023/10/11 00:00:00,CH4,2.2,2.37,2.39,2.38,2.27,2.31,2.27,2.17,2.08,2.09,2.21,2.19,2.06,2.04,2.01,2,2.02,2.07,2.06,2.06,2.13,2.14,2.17,2.17,
鳳山,2023/10/11 00:00:00,CO,0.3,0.29,0.32,0.3,0.29,0.3,0.35,0.49,0.53,0.56,0.78,0.74,0.44,0.36,0.33,0.39,0.65,1.07,0.91,0.56,0.42,0.49,0.45,0.44,
鳳山,2023/10/11 00:00:00,NMHC,0.05,0.04,0.06,0.06,0.06,0.07,0.07,0.09,0.11,0.12,0.25,0.2,0.08,0.05,0.05,0.07,0.16,0.32,0.22,0.12,0.12,0.11,0.12,0.13,
鳳山,2023/10/11 00:00:00,NO,0.7,0.8,0.7,0.6,0.6,0.8,1.4,2.5,2.8,3.2,3.1,2.7,2.5,2.3,2.6,2.6,3,3.1,2.4,1.1,1.2,1.1,1.1,1.1,
鳳山,2023/10/11 00:00:00,NO2,7.6,6.7,7.1,7.1,6.7,6.8,8.9,9.1,9.4,15.7,30.6,23.2,11.8,7.9,9.9,9.5,15,24,20.9,12.7,10.7,12.1,14.7,17.5,
鳳山,2023/10/11 00:00:00,NOx,8.3,7.6,7.8,7.7,7.3,7.7,10.3,11.6,12.3,18.9,33.7,26,14.4,10.2,12.5,12.1,18,27.1,23.4,13.8,11.9,13.3,15.8,18.6,
鳳山,2023/10/11 00:00:00,O3,31.4,28,20.4,16.9,17.5,18.2,13.9,20.9,34.6,42.9,39.4,55.5,51.3,46.4,40.9,36.1,35.1,37.5,38.6,43.9,45.3,42,33.7,26.5,
鳳山,2023/10/11 00:00:00,PM10,29,29,30,32,35,30,37,32,31,37,56,49,29,21,21,23,26,42,40,40,55,61,66,60,
鳳山,2023/10/11 00:00:00,PM2.5,16,15,19,21,22,19,14,16,13,19,22,33,14,8,11,7,7,13,15,15,20,20,20,18,
鳳山,2023/10/11 00:00:00,RAINFALL,0,0,0,0,0,0,0,0,0,0,0,0,0,0,0,0,0,0,0,0,0,0,0,0,
鳳山,2023/10/11 00:00:00,RH,80,89,91,93,94,94,92,86,69,63,70,71,58,55,56,54,57,62,61,62,66,66,67,68,
鳳山,2023/10/11 00:00:00,SO2,1.1,1.3,1.3,1.5,1.5,1.4,2.7,2.6,2.3,1.9,3.2,2.7,1.8,1.1,1.1,0.9,0.8,1,1.2,1.2,1.6,1.9,2.4,3.1,
鳳山,2023/10/11 00:00:00,THC,2.26,2.42,2.46,2.45,2.34,2.39,2.35,2.27,2.2,2.22,2.47,2.4,2.15,2.1,2.07,2.08,2.19,2.4,2.29,2.19,2.25,2.26,2.3,2.31,
鳳山,2023/10/11 00:00:00,WD_HR,82,84,104,72,98,81,75,89,100,136,258,257,263,268,250,260,276,289,299,77,134,281,277,274,
鳳山,2023/10/11 00:00:00,WIND_DIREC,61,90,126,85,87,96,84,346,30,105,261,243,264,261,253,255,289,285,298,177,134,291,278,273,
鳳山,2023/10/11 00:00:00,WIND_SPEED,0.3,0.4,0.7,0.3,0.4,0.3,0.3,0.5,0.8,0.7,1,0.9,1.2,1.2,1.4,0.6,0.8,0.8,0.3,0.7,0.7,0.7,1.3,1,
鳳山,2023/10/11 00:00:00,WS_HR,0.3,0.3,0.4,0.3,0.5,0.3,0.3,0.3,0.4,0.1,0.6,0.7,0.8,1,0.9,0.7,0.6,0.7,0.3,0.1,0.3,0.4,0.4,0.5,
鳳山,2023/10/12 00:00:00,AMB_TEMP,27.1,26.8,26.7,26.5,26.2,25.7,25.8,26.6,27.9,30.1,29.9,30.1,30.7,30.7,31,30.4,30,29.5,29.3,29.2,28.9,28.5,28.4,28.3,
鳳山,2023/10/12 00:00:00,CH4,2.18,2.2,2.21,2.23,2.23,2.25,2.31,2.28,2.23,2.2,2.16,2.18,2.19,2.16,2.1,2.06,2.05,2.06,2.05,2.05,2.06,2.07,2.06,2.07,
鳳山,2023/10/12 00:00:00,CO,0.4,0.37,0.38,0.39,0.36,0.4,0.54,0.86,0.68,0.89,0.66,0.68,0.63,0.61,0.5,#,0.61,0.8,0.68,0.62,0.48,0.42,0.34,0.28,
鳳山,2023/10/12 00:00:00,NMHC,0.15,0.14,0.18,0.19,0.27,0.24,0.36,0.4,0.25,0.23,0.22,0.26,0.19,0.13,0.1,0.16,0.15,0.21,0.16,0.21,0.19,0.08,0.05,0.06,
鳳山,2023/10/12 00:00:00,NO,1,0.3,0.4,0.5,0.7,1.4,6.1,12.2,7.8,5.1,3.8,3.7,2.1,2.3,1.6,#,2.6,2.2,1.5,1.5,0.8,0.4,0.3,0.3,
鳳山,2023/10/12 00:00:00,NO2,19.5,17.6,16.7,19.4,20.4,19.5,26,28,24.7,26.7,31.4,31.8,20.9,25.8,19.1,#,26.4,26.8,22.3,21.7,17.6,16.5,10.9,11.3,
鳳山,2023/10/12 00:00:00,NOx,20.5,17.9,17.1,19.9,21.1,21,32.1,40.3,32.5,31.9,35.2,35.6,23.1,28.1,20.7,#,29,29.1,23.8,23.2,18.4,17,11.3,11.7,
鳳山,2023/10/12 00:00:00,O3,20.9,19.9,18.7,12,9.7,10.4,4.5,9,19.7,40.3,40.1,45.6,76,#,#,41.5,41,40.3,39.2,37.3,39.1,43.6,48.7,48.7,
鳳山,2023/10/12 00:00:00,PM10,51,44,53,42,45,42,46,50,51,63,64,72,70,61,#,#,30,37,36,35,34,36,35,32,
鳳山,2023/10/12 00:00:00,PM2.5,18,23,18,17,17,15,17,19,17,30,28,31,34,#,#,21,11,15,13,13,13,15,12,10,
鳳山,2023/10/12 00:00:00,RAINFALL,0,0,0,0,0,0,0,0,0,0,0,0,0,0,#,0,0,0,0,0,0,0,0,0,
鳳山,2023/10/12 00:00:00,RH,68,69,70,73,74,77,78,76,74,66,66,65,65,64,59,59,61,63,63,64,66,71,73,74,
鳳山,2023/10/12 00:00:00,SO2,3.5,3.2,3,3.4,3.4,3.1,4,3.7,3.5,7.5,7.3,5.6,4.4,4.3,2.2,#,1.9,1.7,1.4,1.7,1.5,1.7,1.5,1.6,
鳳山,2023/10/12 00:00:00,THC,2.34,2.35,2.4,2.43,2.51,2.5,2.67,2.69,2.49,2.44,2.38,2.45,2.39,2.3,2.21,2.23,2.21,2.28,2.22,2.27,2.26,2.16,2.12,2.14,
鳳山,2023/10/12 00:00:00,WD_HR,290,12,18,44,284,315,293,281,94,127,99,273,254,257,232,251,263,282,258,254,101,113,88,86,
鳳山,2023/10/12 00:00:00,WIND_DIREC,1,308,69,283,288,317,294,70,113,247,203,274,291,247,226,223,284,263,255,258,118,80,50,94,
鳳山,2023/10/12 00:00:00,WIND_SPEED,0.3,0.3,0.3,0.5,0.5,0.3,0.4,0.3,0.3,0.7,0.7,1.3,0.9,0.8,0.8,0.9,0.9,0.5,0.5,0.5,0.7,0.5,0.4,0.7,
鳳山,2023/10/12 00:00:00,WS_HR,0.5,0.1,0,0.1,0.5,0.1,0.2,0.3,0.2,0.1,0,0.4,0.5,0.5,0.4,0.5,0.6,0.5,0.5,0.3,0.1,0.4,0.3,0.3,
鳳山,2023/10/13 00:00:00,AMB_TEMP,27.6,27.3,27.1,27.2,27.1,26.7,26.7,27.6,29.3,30.5,29.8,29.5,31,31.5,31,30.9,30.6,29.4,28.7,28.6,28.3,27.8,27.5,27.5,
鳳山,2023/10/13 00:00:00,CH4,2.29,2.25,2.26,2.26,2.4,2.59,2.62,2.37,2.22,2.21,2.19,2.2,2.16,2.07,2.06,2.08,2.05,2.06,2.05,2.05,2.06,2.16,2.24,2.18,
鳳山,2023/10/13 00:00:00,CO,0.28,0.25,0.25,0.27,0.3,0.29,0.43,0.49,0.47,0.51,0.68,0.69,0.6,0.4,0.42,0.53,0.71,0.9,0.83,0.68,0.51,0.59,0.5,0.4,
鳳山,2023/10/13 00:00:00,NMHC,0.05,0.04,0.06,0.08,0.07,0.07,0.13,0.11,0.13,0.13,0.3,0.24,0.12,0.05,0.07,0.1,0.18,0.21,0.17,0.16,0.11,0.2,0.16,0.1,
鳳山,2023/10/13 00:00:00,NO,0.3,0.5,0.6,0.6,0.5,0.5,1.2,2.2,2.3,2.2,4.5,3,2.2,1.9,2,2.3,2.5,2.5,2.4,1.2,0.7,1,1,0.6,
鳳山,2023/10/13 00:00:00,NO2,7.4,5.6,5.6,6.7,6.7,7,12,10.8,12.1,15.9,34.5,27.5,17.2,9.4,12.3,13.9,18.1,21.7,21.3,16.7,12.4,17.6,15.6,11.2,
鳳山,2023/10/13 00:00:00,NOx,7.7,6.2,6.2,7.4,7.3,7.6,13.2,13.1,14.4,18.1,39.1,30.5,19.4,11.3,14.3,16.2,20.7,24.2,23.7,18,13.1,18.6,16.6,11.8,
鳳山,2023/10/13 00:00:00,O3,38.4,37,34.7,31.6,29.2,23.6,15.1,25,40,43.2,31.8,51,63.6,56.2,53.8,60.8,52.7,50.9,47.9,41.9,41.8,34.4,32.9,35.2,
鳳山,2023/10/13 00:00:00,PM10,30,32,26,24,25,26,38,31,38,42,58,59,47,36,38,32,37,41,33,30,28,46,42,30,
鳳山,2023/10/13 00:00:00,PM2.5,12,10,8,7,7,11,13,11,17,15,23,29,23,12,12,14,11,16,13,12,12,19,25,15,
鳳山,2023/10/13 00:00:00,RAINFALL,0,0,0,0,0,0,0,0,0,0,0,0,0,0,0,0,0,0,0,0,0,0,0,0,
鳳山,2023/10/13 00:00:00,RH,87,89,89,82,80,86,90,86,72,65,70,71,64,57,58,60,59,64,67,65,65,71,79,77,
鳳山,2023/10/13 00:00:00,SO2,7.6,1.9,5.6,20.9,8.7,6.8,13.3,6.3,9.5,8.2,3.9,3.4,2.8,1.8,1.7,1.8,1.7,1.6,1.4,1.2,1.1,4.3,17.2,3.6,
鳳山,2023/10/13 00:00:00,THC,2.35,2.29,2.33,2.34,2.48,2.67,2.76,2.49,2.36,2.35,2.5,2.45,2.29,2.13,2.14,2.18,2.24,2.28,2.23,2.22,2.18,2.37,2.4,2.28,
鳳山,2023/10/13 00:00:00,WD_HR,90,95,82,100,96,88,90,106,92,111,269,253,264,257,252,268,293,274,287,304,71,108,98,69,
鳳山,2023/10/13 00:00:00,WIND_DIREC,111,84,79,133,68,90,117,106,137,279,262,243,291,257,257,295,296,249,7,52,93,130,123,84,
鳳山,2023/10/13 00:00:00,WIND_SPEED,0.6,0.4,0.3,0.4,0.3,0.3,0.3,0.8,0.5,0.5,1.1,0.6,1.6,1.4,1.2,1.2,1.2,0.5,0.3,0.3,0.5,0.5,0.3,0.3,
鳳山,2023/10/13 00:00:00,WS_HR,0.5,0.4,0.3,0.4,0.3,0.2,0.3,0.6,0.4,0.3,0.7,0.6,0.6,1,1,1,0.8,0.7,0.4,0.1,0.3,0.5,0.3,0.2,
鳳山,2023/10/14 00:00:00,AMB_TEMP,27.1,26.6,26.6,26.4,26.1,25.8,26.1,26.7,28.4,29.3,29.4,31.8,32.7,32.2,31.1,31,30.2,29.1,28.4,28.5,28.3,28.3,28.2,27.8,
鳳山,2023/10/14 00:00:00,CH4,2.4,2.53,2.42,2.5,2.56,2.66,2.55,2.23,2.19,2.23,2.22,2.14,2.1,2.12,2.16,2.08,2.06,2.09,2.09,2.13,2.1,2.08,2.08,2.17,
鳳山,2023/10/14 00:00:00,CO,0.44,0.36,0.35,0.36,0.35,0.36,0.38,0.41,0.42,0.44,0.52,0.52,0.46,0.46,0.47,0.41,0.46,0.63,0.61,0.66,0.53,0.49,0.44,0.41,
鳳山,2023/10/14 00:00:00,NMHC,0.2,0.1,0.13,0.11,0.11,0.11,0.1,0.08,0.1,0.09,0.16,0.16,0.12,0.09,0.09,0.08,0.12,0.16,0.12,0.18,0.11,0.08,0.06,0.15,
鳳山,2023/10/14 00:00:00,NO,0.6,0,0.4,0.6,0.5,0.3,1.1,1.5,2.7,1.7,1.2,2.2,1.8,1.3,1,1,1.2,0.9,0.8,0.8,0.8,0.7,0.5,0.3,
鳳山,2023/10/14 00:00:00,NO2,12.9,8.8,9,8.6,9.3,9.3,10,9.2,10.4,9.5,14.7,15.4,11.2,9.4,11.1,9.9,16.6,16.5,20.8,21.2,18.2,14.7,12.3,10.1,
鳳山,2023/10/14 00:00:00,NOx,13.5,8.9,9.4,9.2,9.8,9.6,11.1,10.7,13.1,11.2,16,17.7,13.1,10.8,12.1,10.9,17.8,17.4,21.6,22.1,19.1,15.4,12.9,10.5,
鳳山,2023/10/14 00:00:00,O3,26.6,25.9,23.3,20.2,14.1,11.7,10.8,16.1,27.3,42.1,48.9,65.4,62.9,67,75.7,67.9,61.4,65.1,56.8,59.7,57.5,58.6,55.3,44.6,
鳳山,2023/10/14 00:00:00,PM10,48,45,40,42,32,36,35,30,37,45,51,46,31,37,47,38,35,40,41,54,45,34,39,41,
鳳山,2023/10/14 00:00:00,PM2.5,24,21,20,19,21,21,15,16,18,18,29,26,15,18,27,14,19,20,22,30,25,22,17,21,
鳳山,2023/10/14 00:00:00,RAINFALL,0,0,0,0,0,0,0,0,0,0,0,0,0,0,0,0,0,0,0,0,0,0,0,0,
鳳山,2023/10/14 00:00:00,RH,88,90,90,90,91,92,91,88,76,71,69,57,51,53,60,56,59,65,71,73,75,73,73,76,
鳳山,2023/10/14 00:00:00,SO2,3.5,3,4.1,2.5,1.4,1.3,1.1,1.3,2.7,3.3,3.8,2.6,1.6,1.5,1.8,1.7,2,1.9,2.7,2.2,1.7,1.5,1.3,1.4,
鳳山,2023/10/14 00:00:00,THC,2.6,2.64,2.56,2.62,2.68,2.78,2.66,2.32,2.3,2.33,2.39,2.3,2.23,2.22,2.26,2.17,2.19,2.26,2.22,2.32,2.22,2.17,2.15,2.32,
鳳山,2023/10/14 00:00:00,WD_HR,94,83,88,99,77,88,59,102,115,100,98,286,253,262,256,240,261,279,80,295,271,278,302,81,
鳳山,2023/10/14 00:00:00,WIND_DIREC,122,110,106,98,73,69,82,120,150,93,259,302,259,265,255,208,291,36,329,315,282,291,281,106,
鳳山,2023/10/14 00:00:00,WIND_SPEED,0.4,0.5,0.6,0.4,0.3,0.3,0.3,0.7,1.1,0.9,0.7,1.2,1.4,1.6,1.2,1,0.7,0.7,0.3,0.5,0.5,0.3,0.3,0.4,
鳳山,2023/10/14 00:00:00,WS_HR,0.3,0.4,0.4,0.3,0.3,0.4,0.2,0.4,0.6,0.6,0.3,0,1,0.7,1,0.5,0.3,0.5,0,0.5,0.3,0.3,0.2,0.1,
鳳山,2023/10/15 00:00:00,AMB_TEMP,27.3,27,26.9,26.9,26.9,27,27.2,27.6,27.7,28.5,28.7,29.4,30.2,30.4,30.2,29.9,29.7,29.2,27.4,27.3,27.3,27.2,27.1,27.2,
鳳山,2023/10/15 00:00:00,CH4,2.28,2.46,2.42,2.39,2.04,2.05,2.06,2.07,2.25,2.21,2.25,2.15,2.12,2.15,2.1,2.06,2.09,2.13,2.12,2.15,2.15,2.21,2.16,2.29,
鳳山,2023/10/15 00:00:00,CO,0.54,0.39,0.35,0.33,0.26,0.26,0.37,0.51,0.54,0.45,0.66,0.58,0.46,0.48,0.45,0.42,0.51,0.73,0.54,0.57,0.48,0.44,0.44,0.56,
鳳山,2023/10/15 00:00:00,NMHC,0.16,0.1,0.07,0.06,0.02,0.02,0.1,0.11,0.17,0.09,0.18,0.21,0.09,0.08,0.07,0.06,0.09,0.17,0.13,0.16,0.14,0.11,0.1,0.15,
鳳山,2023/10/15 00:00:00,NO,0.3,0.3,0.6,0.7,0.7,0.6,1.2,1.6,2.8,1.9,1.5,1.7,1.5,1.3,1.5,1.5,1.2,1.4,1,0.9,0.8,0.6,0.7,0.8,
鳳山,2023/10/15 00:00:00,NO2,9.4,8.6,8.1,6.7,9,8,8.5,12.5,11.8,8.3,13.2,16.4,11.4,11.5,9.2,8.3,11.4,19.6,11.8,14.1,12.4,10.6,9.3,12.7,
鳳山,2023/10/15 00:00:00,NOx,9.7,9,8.7,7.5,9.7,8.7,9.8,14.2,14.7,10.2,14.7,18.1,12.9,12.8,10.7,9.8,12.6,21,12.9,15,13.2,11.3,10.1,13.6,
鳳山,2023/10/15 00:00:00,O3,42.7,29.9,25.6,26.8,37.5,37.5,35.8,31.6,24.9,38.7,36.8,53.3,56.5,64.5,55.6,50,54.2,47.9,35.1,32,36.1,32.5,35.5,31.7,
鳳山,2023/10/15 00:00:00,PM10,42,49,38,33,19,20,15,24,46,34,48,44,32,40,26,25,34,39,28,32,33,26,21,50,
鳳山,2023/10/15 00:00:00,PM2.5,22,26,19,17,6,6,9,9,24,22,32,29,21,29,17,13,14,24,16,19,20,20,5,23,
鳳山,2023/10/15 00:00:00,RAINFALL,0,0,0,0,0,0,0,0,0,0,0,0,0,0,0,0,0,0,0,0,0,0,0,0,
鳳山,2023/10/15 00:00:00,RH,81,90,90,90,89,88,88,86,88,79,76,69,62,62,59,58,57,61,75,77,77,77,77,74,
鳳山,2023/10/15 00:00:00,SO2,1.8,1.2,1.4,0.9,1.6,1,0.7,1.1,1.6,1.5,2,2.3,1.5,1.5,1.1,0.7,1.3,1.7,1.3,2.1,2,3.5,5.1,4.7,
鳳山,2023/10/15 00:00:00,THC,2.45,2.57,2.5,2.46,2.06,2.08,2.17,2.19,2.43,2.31,2.44,2.36,2.22,2.23,2.18,2.13,2.19,2.31,2.26,2.32,2.3,2.33,2.27,2.45,
鳳山,2023/10/15 00:00:00,WD_HR,105,94,95,68,312,314,293,293,101,104,96,264,262,253,259,245,222,258,107,87,96,101,100,301,
鳳山,2023/10/15 00:00:00,WIND_DIREC,115,89,88,353,359,321,265,332,105,111,88,283,260,247,259,249,75,201,100,86,88,81,84,289,
鳳山,2023/10/15 00:00:00,WIND_SPEED,0.4,0.4,0.4,0.4,0.3,0.4,0.5,0.3,0.7,0.6,0.7,0.9,0.7,1.1,1.2,0.9,0.4,0.7,0.9,0.5,0.7,0.4,0.3,0.3,
鳳山,2023/10/15 00:00:00,WS_HR,0.5,0.4,0.4,0.2,0.2,0.2,0.3,0.2,0.3,0.4,0.2,0.3,0.5,0.6,0.8,0.6,0.2,0.2,0.6,0.5,0.5,0.4,0.3,0.1,
鳳山,2023/10/16 00:00:00,AMB_TEMP,27,27,26.9,26.6,26.7,26,25.7,26.2,26.8,27.1,27.8,28.8,29.8,29.9,29.7,29.1,28.8,28.5,28.3,28.1,27.6,27.7,27.6,26.7,
鳳山,2023/10/16 00:00:00,CH4,2.28,2.32,2.34,2.39,2.39,2.46,2.5,2.42,2.36,2.32,2.28,2.28,2.24,2.14,2.15,2.14,2.16,2.16,2.18,2.21,2.24,2.21,2.22,2.31,
鳳山,2023/10/16 00:00:00,CO,0.59,0.55,0.51,0.55,0.54,0.57,0.66,0.76,0.76,0.74,0.71,0.95,0.82,0.51,0.63,0.68,0.82,0.92,0.91,0.87,0.75,0.68,0.61,0.54,
鳳山,2023/10/16 00:00:00,NMHC,0.19,0.18,0.14,0.18,0.19,0.2,0.21,0.24,0.22,0.22,0.21,0.28,0.26,0.12,0.13,0.14,0.18,0.22,0.21,0.24,0.26,0.21,0.16,0.14,
鳳山,2023/10/16 00:00:00,NO,0.8,0.3,0.3,0.2,0.3,0.2,1.2,4.3,4.1,2.8,2.6,3.8,2.7,1.5,1.6,1.3,2.1,2.4,1.3,1.2,0.6,0.6,0.4,0.1,
鳳山,2023/10/16 00:00:00,NO2,15.9,12.8,12.3,12.4,12.9,12.6,16.1,21.1,25.4,25.1,23.3,31.7,28.3,15.6,20.3,17.1,23.3,26.8,22.1,24.4,25.8,26.7,23.9,20.9,
鳳山,2023/10/16 00:00:00,NOx,16.8,13.2,12.6,12.6,13.2,12.9,17.3,25.4,29.6,27.9,25.9,35.6,31,17.2,22,18.4,25.4,29.2,23.4,25.7,26.4,27.3,24.3,21,
鳳山,2023/10/16 00:00:00,O3,36.4,37,31,26.8,25.7,19.5,11.2,11.6,18.2,26.5,34.2,42.7,58.2,56.7,48.9,52.1,49.4,44,45.9,40.6,35.3,35.1,35.1,31.2,
鳳山,2023/10/16 00:00:00,PM10,64,62,51,60,63,63,66,69,72,86,77,81,62,45,45,41,44,43,44,49,55,45,53,56,
鳳山,2023/10/16 00:00:00,PM2.5,36,36,31,34,36,37,43,39,42,51,43,40,41,27,22,19,22,22,28,28,29,32,28,35,
鳳山,2023/10/16 00:00:00,RAINFALL,0,0,0,0,0,0,0,0,0,0,0,0,0,0,0,0,0,0,0,0,0,0,0,0,
鳳山,2023/10/16 00:00:00,RH,70,69,72,73,75,90,91,90,80,75,72,65,61,58,58,58,59,59,62,65,70,70,71,86,
鳳山,2023/10/16 00:00:00,SO2,2.6,2.5,2.6,2.5,2.6,1.8,1.6,2.8,3.9,3.6,4,4.7,3.5,2.6,2,1.6,1.8,1.8,1.7,2,2.1,2.3,2.4,1.8,
鳳山,2023/10/16 00:00:00,THC,2.48,2.51,2.49,2.58,2.59,2.67,2.71,2.67,2.59,2.55,2.49,2.57,2.51,2.27,2.29,2.29,2.35,2.39,2.4,2.46,2.51,2.43,2.39,2.46,
鳳山,2023/10/16 00:00:00,WD_HR,72,81,86,96,320,56,89,94,94,70,103,298,261,253,268,261,265,265,254,32,53,355,61,53,
鳳山,2023/10/16 00:00:00,WIND_DIREC,90,80,98,318,94,42,83,107,102,91,264,86,281,210,260,263,261,276,130,76,10,289,81,47,
鳳山,2023/10/16 00:00:00,WIND_SPEED,0.5,0.3,0.5,0.3,0.4,0.3,0.3,0.4,0.5,0.4,0.7,0.3,0.7,0.7,0.8,1,0.8,0.4,0.3,0.4,0.3,0.3,0.4,0.3,
鳳山,2023/10/16 00:00:00,WS_HR,0.2,0.3,0.4,0.3,0.1,0.2,0.2,0.3,0.5,0.2,0.3,0.1,0.3,0.4,0.6,0.8,0.8,0.5,0.1,0.1,0.2,0.2,0.2,0.3,
鳳山,2023/10/17 00:00:00,AMB_TEMP,26.7,26.4,26.1,26.2,25.9,25.8,25.8,26.2,26.9,27.4,28.1,29.4,29.6,29.1,27.9,28,28.1,28,27.6,27.6,27.1,26.8,27,26.7,
鳳山,2023/10/17 00:00:00,CH4,2.71,2.56,2.74,2.58,2.48,2.39,2.27,2.24,2.22,2.21,2.21,2.23,2.25,2.25,2.24,2.27,2.28,2.28,2.35,2.4,2.4,2.46,2.45,2.42,
鳳山,2023/10/17 00:00:00,CO,0.63,0.53,0.56,0.53,0.48,0.49,0.53,0.72,0.88,0.56,0.57,0.8,0.85,0.7,0.64,0.89,0.93,1.03,0.97,1,0.87,0.93,0.96,0.65,
鳳山,2023/10/17 00:00:00,NMHC,0.24,0.17,0.18,0.16,0.13,0.12,0.12,0.18,0.25,0.2,0.17,0.22,0.26,0.18,0.19,0.24,0.26,0.3,0.38,0.46,0.48,0.5,0.48,0.37,
鳳山,2023/10/17 00:00:00,NO,0.3,0.8,0.5,0.5,0.5,0.5,0.6,1.6,2.9,4.4,2.5,2.5,1.7,2.6,4.1,1.1,1.6,2.1,0.6,1,1,0.9,1.1,1.1,
鳳山,2023/10/17 00:00:00,NO2,17.1,11.3,12,10.5,9.8,10.1,10.1,14,21.5,19,15.1,20.1,26.6,23.7,30.3,24.7,30.9,32.5,31.5,36,33.7,31,31.3,21.1,
鳳山,2023/10/17 00:00:00,NOx,17.4,12.1,12.5,11.1,10.4,10.7,10.7,15.6,24.5,23.5,17.6,22.7,28.3,26.3,34.5,25.8,32.5,34.6,32.2,37.1,34.8,31.9,32.4,22.3,
鳳山,2023/10/17 00:00:00,O3,23,26.1,18.4,17.6,14.1,13.7,13.7,13.3,15.5,17.9,37.7,51.4,62.1,62.8,55.5,62.7,52.2,44.8,36.1,22.7,13.4,20.6,10.7,11.8,
鳳山,2023/10/17 00:00:00,PM10,58,50,69,57,50,49,42,50,56,47,54,56,68,63,65,84,75,72,80,87,91,112,83,59,
鳳山,2023/10/17 00:00:00,PM2.5,35,35,41,43,32,31,24,29,33,23,32,34,42,31,40,47,44,37,48,52,48,63,53,34,
鳳山,2023/10/17 00:00:00,RAINFALL,0,0,0,0,0,0,0,0,0,0,0,0,0,0,0,0,0,0,0,0,0,0,0,0,
鳳山,2023/10/17 00:00:00,RH,90,89,91,91,92,92,91,89,80,75,73,67,65,68,80,76,73,71,75,76,89,90,90,89,
鳳山,2023/10/17 00:00:00,SO2,1.5,1.4,1.3,1.3,1.3,1.2,1.2,1.3,1.7,1.9,2.1,2.2,2.3,2,1.5,1.7,2,2.1,2,1.8,1.8,2,2,1.9,
鳳山,2023/10/17 00:00:00,THC,2.96,2.74,2.93,2.75,2.62,2.52,2.4,2.43,2.48,2.42,2.39,2.46,2.52,2.44,2.44,2.52,2.55,2.59,2.73,2.87,2.89,2.97,2.94,2.8,
鳳山,2023/10/17 00:00:00,WD_HR,86,83,87,94,94,106,92,87,103,103,86,277,265,259,274,305,313,292,86,82,88,56,9,62,
鳳山,2023/10/17 00:00:00,WIND_DIREC,91,55,75,93,107,101,86,87,104,108,151,303,307,257,55,283,287,60,101,73,82,61,252,346,
鳳山,2023/10/17 00:00:00,WIND_SPEED,0.4,0.3,0.3,0.5,0.5,0.7,0.4,0.4,0.7,0.7,0.5,0.5,0.7,0.9,0.3,0.4,0.4,0.3,0.3,0.3,0.3,0.3,0.4,0.3,
鳳山,2023/10/17 00:00:00,WS_HR,0.3,0.3,0.3,0.3,0.4,0.4,0.5,0.4,0.5,0.5,0.2,0.3,0.5,0.7,0.2,0.2,0.1,0.1,0.3,0.3,0.3,0.3,0.2,0.1,
鳳山,2023/10/18 00:00:00,AMB_TEMP,26.3,25.9,25.7,25.5,25.6,25.7,25.8,26,26.6,27.3,28.6,29.6,29.9,30.6,30.7,30,29.4,28.8,28.6,28.5,28.4,28.5,28.3,27.9,
鳳山,2023/10/18 00:00:00,CH4,2.56,2.47,2.31,2.31,2.26,2.25,2.17,2.18,2.19,2.27,#,#,#,2.26,2.24,#,2.2,2.19,2.19,2.19,2.17,2.17,2.18,2.2,
鳳山,2023/10/18 00:00:00,CO,0.7,0.48,0.41,0.36,0.34,0.36,0.38,0.6,0.73,0.74,0.94,1.09,0.91,#,#,0.79,0.99,1.16,1.11,0.97,0.77,0.79,0.64,0.49,
鳳山,2023/10/18 00:00:00,NMHC,0.34,0.24,0.09,0.09,0.08,0.08,0.08,0.14,0.2,0.25,#,#,#,0.17,0.19,#,0.26,0.32,0.31,0.23,0.18,0.18,0.14,0.13,
鳳山,2023/10/18 00:00:00,NO,1.1,0.8,0.8,1,0.9,0.9,1.2,3.7,6.4,6.4,#,#,#,1.7,#,1.6,#,1.7,1.3,1.6,0.9,0.8,0.4,0.3,
鳳山,2023/10/18 00:00:00,NO2,21.7,10.9,8,6.6,6.1,7.2,7.7,10.9,16.5,19.9,#,#,#,17.8,#,17.6,#,25.8,26.4,24.9,17.7,19.1,13.6,10.9,
鳳山,2023/10/18 00:00:00,NOx,22.8,11.7,8.9,7.6,7,8.1,8.9,14.7,22.9,26.3,#,#,#,19.5,#,19.3,#,27.6,27.7,26.6,18.6,19.9,14.1,11.2,
鳳山,2023/10/18 00:00:00,O3,10.8,14.6,10.8,9.2,11.9,13.7,9.5,5.9,8,14.3,26.2,#,#,#,#,52.8,49.7,#,#,#,48.6,47.3,53.8,52.1,
鳳山,2023/10/18 00:00:00,PM10,81,58,45,38,26,28,23,26,42,59,70,76,77,57,#,48,55,50,38,40,34,30,30,31,
鳳山,2023/10/18 00:00:00,PM2.5,47,37,24,20,15,16,9,8,18,30,38,45,47,#,#,26,32,29,27,26,16,18,18,22,
鳳山,2023/10/18 00:00:00,RAINFALL,0,0,0,0,0,0,0,0,0,0,0,0,0,0,0,0,0,0,0,0,0,0,0,0,
鳳山,2023/10/18 00:00:00,RH,91,93,94,94,92,90,88,83,80,79,73,67,65,59,56,58,61,65,63,63,61,61,63,67,
鳳山,2023/10/18 00:00:00,SO2,1.9,1.8,1.5,1.4,1.3,1.4,1.3,1.3,1.7,1.7,2.5,3,#,#,#,2.7,2.5,2.6,2.5,2.5,2.2,2.3,2.4,2.3,
鳳山,2023/10/18 00:00:00,THC,2.91,2.72,2.41,2.41,2.34,2.34,2.26,2.33,2.4,2.53,#,#,#,2.43,2.44,#,2.47,2.52,2.51,2.43,2.35,2.36,2.32,2.34,
鳳山,2023/10/18 00:00:00,WD_HR,53,98,94,99,85,94,92,96,103,82,102,89,94,#,#,273,275,271,296,268,286,297,283,33,
鳳山,2023/10/18 00:00:00,WIND_DIREC,97,99,98,106,76,82,128,90,95,92,280,74,319,#,#,298,271,291,301,260,296,298,308,62,
鳳山,2023/10/18 00:00:00,WIND_SPEED,0.3,0.4,0.6,0.5,0.3,0.3,0.3,0.3,0.3,0.4,0.5,0.6,0.6,#,#,0.9,0.5,0.3,0.8,0.4,0.3,0.3,0.3,0.3,
鳳山,2023/10/18 00:00:00,WS_HR,0.2,0.4,0.4,0.4,0.3,0.3,0.3,0.4,0.5,0.3,0.1,0.1,0.1,#,#,0.8,0.5,0.5,0.3,0.4,0.3,0.3,0.3,0.1,
鳳山,2023/10/19 00:00:00,AMB_TEMP,27.4,26.7,26.2,25.8,25.7,25.5,25.6,26.5,28.6,30,31.5,32.4,32.4,32.2,31.5,30.6,29.7,28.9,28.6,28.4,28.2,27.7,27.7,27.2,
鳳山,2023/10/19 00:00:00,CH4,2.3,2.38,2.41,2.29,2.25,2.29,2.32,2.32,2.27,2.17,#,2.21,2.21,2.19,2.16,#,2.04,2.04,2.05,2.05,2.1,2.13,2.11,2.15,
鳳山,2023/10/19 00:00:00,CO,0.48,0.47,0.46,0.43,0.42,0.46,0.54,0.71,#,#,0.69,0.78,0.67,0.6,0.63,0.63,0.75,0.81,0.68,0.55,0.54,0.44,0.41,0.42,
鳳山,2023/10/19 00:00:00,NMHC,0.24,0.24,0.18,0.13,0.11,0.15,0.17,0.19,0.2,0.11,#,0.22,0.15,0.12,0.4,#,0.2,0.19,0.15,0.14,0.19,0.19,0.13,0.19,
鳳山,2023/10/19 00:00:00,NO,0.2,0.8,1.1,0.7,0.7,0.7,1,3.3,#,#,1.9,1.6,1.6,#,#,#,3,2.8,2.2,1.5,1.1,0.4,0.2,0.3,
鳳山,2023/10/19 00:00:00,NO2,12.3,12.7,11.1,8.2,6.9,7.7,10.5,12.7,#,#,16.7,18.5,16.4,#,#,#,17.9,18.3,14.8,14.4,14.6,14.2,10.8,10.6,
鳳山,2023/10/19 00:00:00,NOx,12.6,13.6,12.2,8.9,7.7,8.4,11.5,16.1,#,#,18.6,20.2,18,#,#,#,20.9,21.1,17,16,15.7,14.6,11,11,
鳳山,2023/10/19 00:00:00,O3,39.6,27.7,22.2,22.2,23.7,25.3,19,15.9,29,58.7,78.4,89.5,92.7,88.3,78.6,#,44.3,39.9,40.9,40,35.3,33.7,38.9,34.3,
鳳山,2023/10/19 00:00:00,PM10,50,65,68,55,48,56,58,50,59,51,54,53,56,55,54,47,41,32,34,35,40,40,33,38,
鳳山,2023/10/19 00:00:00,PM2.5,27,39,39,32,30,34,32,34,29,23,28,29,35,32,34,18,19,20,17,16,19,20,20,21,
鳳山,2023/10/19 00:00:00,RAINFALL,0,0,0,0,0,0,0,0,0,0,0,0,0,0,0,0,0,0,0,0,0,0,0,0,
鳳山,2023/10/19 00:00:00,RH,71,76,84,90,90,90,90,87,69,59,53,51,51,52,54,61,66,67,67,68,67,68,65,68,
鳳山,2023/10/19 00:00:00,SO2,2.8,1.8,1.3,1.2,1.1,1.3,1.2,1.3,#,#,2.4,1.9,1.8,1.9,2.2,#,1.1,1.1,0.9,1.2,1.3,1.3,1.5,1.1,
鳳山,2023/10/19 00:00:00,THC,2.54,2.63,2.6,2.43,2.37,2.45,2.5,2.52,2.47,2.29,#,2.44,2.37,2.32,2.57,#,2.25,2.24,2.21,2.2,2.3,2.33,2.25,2.35,
鳳山,2023/10/19 00:00:00,WD_HR,62,92,102,94,96,80,114,122,91,126,245,285,284,279,275,281,276,273,273,273,111,96,80,97,
鳳山,2023/10/19 00:00:00,WIND_DIREC,68,95,103,94,91,89,133,127,328,284,281,290,286,273,275,293,263,282,272,285,85,94,84,74,
鳳山,2023/10/19 00:00:00,WIND_SPEED,0.3,0.9,0.6,0.5,0.4,0.3,0.6,0.7,0.6,0.8,0.8,1.3,1.1,1.4,1.2,1.4,1.2,1.2,0.7,0.7,0.4,0.4,0.3,0.4,
鳳山,2023/10/19 00:00:00,WS_HR,0.2,0.5,0.4,0.4,0.3,0.2,0.5,0.5,0.3,0.4,0.3,0.7,0.8,0.9,1.1,1,0.9,0.8,0.5,0.5,0,0.5,0.3,0.4,
鳳山,2023/10/20 00:00:00,AMB_TEMP,26.8,27.1,26.5,25.9,26,25.9,26.1,27.2,29,30.7,30.8,31.4,31.4,31.5,31.2,30.7,30.1,29.6,28.9,28.1,27.5,27.1,26.8,26.4,
鳳山,2023/10/20 00:00:00,CH4,2.25,2.2,2.75,2.6,2.41,2.46,2.4,2.29,2.2,2.12,2.12,2.11,2.11,2.12,2.11,2.1,2.07,2.09,2.08,2.09,2.09,2.12,2.15,2.19,
鳳山,2023/10/20 00:00:00,CO,0.44,0.33,0.42,0.39,0.34,0.43,0.56,0.71,0.66,0.58,0.45,0.48,0.49,0.5,0.53,0.54,0.75,0.86,0.71,0.5,0.48,0.52,0.51,0.49,
鳳山,2023/10/20 00:00:00,NMHC,0.18,0.11,0.34,0.16,0.1,0.16,0.22,0.25,0.24,0.19,0.12,0.13,0.1,0.1,0.13,0.14,0.22,0.27,0.2,0.12,0.12,0.13,0.14,0.23,
鳳山,2023/10/20 00:00:00,NO,0.5,0.1,0.1,0.3,0,0,0.6,2.2,5,3.2,2.2,1.2,0.7,1.1,1.4,1.5,2.5,2.9,2.8,1.5,1.3,1.3,1.2,0.7,
鳳山,2023/10/20 00:00:00,NO2,13.1,8.7,13,11,7.9,10.4,14.9,17.9,24.7,18.8,15.1,13.7,13.2,12.4,14.3,14.8,22.7,26,17.8,13.2,11.9,13.9,15.7,19.3,
鳳山,2023/10/20 00:00:00,NOx,13.6,8.9,13.1,11.3,8,10.5,15.5,20.2,29.7,22,17.3,14.9,14,13.5,15.7,16.3,25.3,28.9,20.6,14.7,13.3,15.2,16.9,20.1,
鳳山,2023/10/20 00:00:00,O3,29,35.6,18.4,20.7,27.1,21.5,20,23.6,29.1,46.1,56.6,79,76.6,69.1,68.3,66.7,47.5,36.5,33.6,33.9,31.7,26.3,21,14.2,
鳳山,2023/10/20 00:00:00,PM10,42,32,49,48,44,51,51,55,45,39,40,47,42,44,44,49,47,54,50,45,39,40,41,43,
鳳山,2023/10/20 00:00:00,PM2.5,21,25,30,32,26,30,27,30,26,17,23,24,21,23,24,20,24,25,18,20,14,17,15,16,
鳳山,2023/10/20 00:00:00,RAINFALL,0,0,0,0,0,0,0,0,0,0,0,0,0,0,0,0,0,0,0,0,0,0,0,0,
鳳山,2023/10/20 00:00:00,RH,73,70,82,89,82,85,82,74,64,54,52,52,53,57,58,62,65,65,67,71,76,83,87,89,
鳳山,2023/10/20 00:00:00,SO2,4.5,2.7,1.7,1,1,1.2,1.6,2.6,3.4,1.9,1.6,1.9,1.6,1.5,1.7,2,1.8,2.1,2,1.3,1.3,1.7,1.7,2.6,
鳳山,2023/10/20 00:00:00,THC,2.44,2.32,3.09,2.77,2.52,2.63,2.63,2.55,2.45,2.32,2.25,2.25,2.22,2.23,2.25,2.25,2.3,2.37,2.29,2.22,2.22,2.26,2.3,2.42,
鳳山,2023/10/20 00:00:00,WD_HR,24,68,87,96,101,90,75,96,101,269,104,246,236,267,273,283,277,271,257,263,273,292,299,279,
鳳山,2023/10/20 00:00:00,WIND_DIREC,62,67,84,100,91,86,94,89,282,275,110,108,261,253,249,287,283,266,184,100,87,270,71,268,
鳳山,2023/10/20 00:00:00,WIND_SPEED,0.3,0.3,0.5,0.6,0.3,0.3,0.5,0.6,1,1.2,0.9,1.1,1.1,1.2,0.7,1.3,1.3,1.1,1,0.6,0.8,0.7,0.3,0.7,
鳳山,2023/10/20 00:00:00,WS_HR,0.2,0.3,0.5,0.5,0.3,0.3,0.3,0.5,0.1,0.5,0.3,0.4,0.2,0.8,0.9,1,0.9,0.6,0.4,0.2,0.5,0.2,0.2,0.3,
鳳山,2023/10/21 00:00:00,AMB_TEMP,26,25.7,25.6,25.3,25.4,25.3,25.5,26.4,27.9,29.3,30.5,31.2,31.6,31.8,31,30.3,29.6,28.8,28.8,28.5,28.2,28,27.6,26.7,
鳳山,2023/10/21 00:00:00,CH4,2.21,2.19,2.21,2.24,2.27,2.28,2.33,2.26,2.26,2.21,2.18,2.09,2.04,2.06,2.05,2.06,2.07,2.08,2.08,2.08,2.08,2.09,2.12,2.27,
鳳山,2023/10/21 00:00:00,CO,0.44,0.36,0.34,0.36,0.37,0.43,0.53,0.57,0.68,0.68,0.82,0.53,0.42,0.42,0.41,0.45,0.56,0.64,0.66,0.59,0.54,0.54,0.49,0.52,
鳳山,2023/10/21 00:00:00,NMHC,0.23,0.15,0.17,0.17,0.16,0.18,0.28,0.23,0.29,0.24,0.27,0.12,0.07,0.08,0.07,0.08,0.11,0.16,0.16,0.12,0.11,0.11,0.12,0.21,
鳳山,2023/10/21 00:00:00,NO,0.4,1,0.8,0.7,0.8,1,2.9,3.9,6.1,5.2,3.3,2.2,1.7,1.8,1.9,1.5,1.7,1.3,1.3,0.8,1.1,1.3,0.8,1.1,
鳳山,2023/10/21 00:00:00,NO2,18.8,15.8,16.6,14.9,13.4,13,17.4,16.8,22.6,22.6,23.1,14.7,8.5,8.9,8.5,9.8,13.7,16.4,18.3,17.7,18.6,13.7,12.7,19,
鳳山,2023/10/21 00:00:00,NOx,19.3,16.9,17.4,15.7,14.2,14,20.4,20.7,28.7,27.9,26.4,17,10.2,10.8,10.4,11.3,15.5,17.7,19.7,18.6,19.7,15,13.6,20.2,
鳳山,2023/10/21 00:00:00,O3,13.2,14.6,12.3,11.6,13.1,9.1,5.9,16.3,24.2,35.7,52.8,53.7,47.3,50.4,49.8,51,47.7,50.4,45.5,46.8,44.2,45.6,40.5,20.1,
鳳山,2023/10/21 00:00:00,PM10,29,27,29,24,28,31,32,37,47,45,46,30,25,31,32,34,33,47,49,46,37,40,36,61,
鳳山,2023/10/21 00:00:00,PM2.5,15,15,11,18,10,14,13,17,23,25,27,18,12,11,10,12,15,15,17,17,17,15,14,32,
鳳山,2023/10/21 00:00:00,RAINFALL,0,0,0,0,0,0,0,0,0,0,0,0,0,0,0,0,0,0,0,0,0,0,0,0,
鳳山,2023/10/21 00:00:00,RH,89,90,90,91,91,91,90,86,73,67,60,55,52,52,54,56,59,63,63,65,67,68,72,76,
鳳山,2023/10/21 00:00:00,SO2,3,2,2.3,1.8,1.3,0.9,1.2,1.8,2.4,2.9,2.3,1.5,0.9,0.8,1,1,1,1,1,1.2,1.2,0.9,1.1,1.5,
鳳山,2023/10/21 00:00:00,THC,2.45,2.35,2.39,2.42,2.44,2.47,2.62,2.5,2.56,2.46,2.46,2.22,2.12,2.15,2.13,2.15,2.19,2.25,2.25,2.21,2.2,2.21,2.25,2.49,
鳳山,2023/10/21 00:00:00,WD_HR,292,288,349,73,55,49,66,82,12,296,274,271,254,276,254,267,260,296,282,270,278,277,310,84,
鳳山,2023/10/21 00:00:00,WIND_DIREC,285,290,79,82,92,310,98,29,71,289,267,261,252,260,272,268,268,331,307,274,285,293,288,87,
鳳山,2023/10/21 00:00:00,WIND_SPEED,0.7,0.6,0.4,0.4,0.4,0.3,0.3,0.9,0.5,0.6,0.9,1.2,1.2,1.2,1.3,1.2,0.8,0.3,0.5,0.5,0.7,0.4,0.5,0.4,
鳳山,2023/10/21 00:00:00,WS_HR,0.3,0.6,0.1,0.2,0.1,0.1,0.2,0.2,0.1,0.1,0.5,0.7,0.7,0.8,0.8,0.9,0.6,0.2,0.3,0.4,0.6,0.3,0.2,0.2,
鳳山,2023/10/22 00:00:00,AMB_TEMP,26.4,26.4,26.2,25.9,25.8,25.8,25.8,26.6,28.5,29.5,30.6,31.1,31,31.6,31.1,30.4,29.7,29.2,28.7,28.6,28.6,28,27.7,27.5,
鳳山,2023/10/22 00:00:00,CH4,2.26,2.26,2.34,2.39,2.33,2.37,2.38,2.39,2.23,2.24,2.2,2.17,2.09,2.06,2.06,2.06,2.07,2.08,2.06,2.06,2.07,2.13,2.13,2.2,
鳳山,2023/10/22 00:00:00,CO,0.48,0.47,0.49,0.48,0.44,0.44,0.46,0.54,0.52,0.71,0.6,0.6,0.49,0.41,0.39,0.4,0.49,0.75,0.6,0.51,0.52,0.36,0.32,0.33,
鳳山,2023/10/22 00:00:00,NMHC,0.19,0.17,0.19,0.2,0.15,0.14,0.13,0.16,0.11,0.27,0.15,0.14,0.08,0.07,0.06,0.05,0.08,0.16,0.11,0.08,0.09,0.08,0.07,0.06,
鳳山,2023/10/22 00:00:00,NO,0.8,1.1,1.3,1.5,1.4,1,1.2,2.1,2.2,4,3.8,2.2,1.9,1.7,1.7,1.8,1.9,2.1,2.3,1.5,1.9,1.3,1,1,
鳳山,2023/10/22 00:00:00,NO2,15.6,14.5,15.3,17.5,15.5,10.3,10.2,9.8,9.4,23.8,19.7,16.8,13.6,10.1,10.1,9.4,10.7,15.1,13.6,11.1,13.1,9.4,8.1,8.2,
鳳山,2023/10/22 00:00:00,NOx,16.4,15.7,16.7,19,16.9,11.4,11.5,11.9,11.6,27.9,23.6,19.1,15.6,11.8,11.8,11.2,12.6,17.2,15.9,12.6,15,10.7,9.1,9.3,
鳳山,2023/10/22 00:00:00,O3,19.9,21.1,11.9,7.7,11.3,17.4,15.4,18.1,40.2,41.3,52.4,71,63.5,64.9,63.4,58.7,53.8,51.1,47.4,46.9,44.7,39.9,39.3,36,
鳳山,2023/10/22 00:00:00,PM10,55,53,49,54,51,53,48,49,50,63,55,51,41,33,34,33,27,34,32,28,38,46,30,41,
鳳山,2023/10/22 00:00:00,PM2.5,26,24,20,24,23,30,26,28,22,28,27,26,16,19,14,14,13,17,10,13,11,19,16,19,
鳳山,2023/10/22 00:00:00,RAINFALL,0,0,0,0,0,0,0,0,0,0,0,0,0,0,0,0,0,0,0,0,0,0,0,0,
鳳山,2023/10/22 00:00:00,RH,77,78,80,79,85,90,91,90,73,65,60,59,59,57,58,58,60,65,67,67,67,69,70,74,
鳳山,2023/10/22 00:00:00,SO2,1.7,2.1,1.9,1.9,2.2,1.5,1.3,1.3,2.1,3.1,3.3,2.8,2.3,1.6,1.6,1.4,1.3,1.4,1.2,1.2,1.2,1.7,1.9,1.9,
鳳山,2023/10/22 00:00:00,THC,2.45,2.44,2.54,2.6,2.48,2.51,2.52,2.56,2.35,2.52,2.36,2.32,2.18,2.14,2.13,2.12,2.16,2.25,2.18,2.15,2.17,2.22,2.21,2.27,
鳳山,2023/10/22 00:00:00,WD_HR,314,67,77,300,76,103,86,87,85,281,277,270,264,255,249,250,267,280,279,298,282,88,91,98,
鳳山,2023/10/22 00:00:00,WIND_DIREC,288,359,109,293,33,53,83,74,316,48,182,281,245,280,255,204,293,289,266,310,319,95,113,102,
鳳山,2023/10/22 00:00:00,WIND_SPEED,0.4,0.4,0.7,0.9,0.3,0.3,0.5,0.5,0.5,0.8,1,1.1,0.9,1.2,1.4,1.1,1.2,0.8,0.8,0.6,0.4,0.6,0.6,0.9,
鳳山,2023/10/22 00:00:00,WS_HR,0.2,0.1,0.1,0.2,0.2,0.3,0.3,0.4,0.2,0.4,0.6,0.6,0.5,0.6,0.7,0.9,1,0.8,0.5,0.4,0.4,0.3,0.4,0.5,
鳳山,2023/10/23 00:00:00,AMB_TEMP,27.2,26.9,26.4,26.2,26,25.8,25.6,27,28.6,30.3,31,30.8,31,31.3,31.2,30.2,29.6,29,28.7,27.6,26.5,26.2,26.2,26,
鳳山,2023/10/23 00:00:00,CH4,2.24,2.22,2.25,2.25,2.25,2.32,2.35,2.26,2.17,2.11,2.09,2.15,2.11,2.06,#,2.05,2.06,2.05,2.05,2.12,2.16,2.19,2.28,2.18,
鳳山,2023/10/23 00:00:00,CO,0.35,0.33,0.31,0.3,0.32,0.37,0.45,0.73,0.55,0.49,0.45,0.7,0.49,0.39,0.42,#,0.57,0.85,0.7,0.52,0.44,0.4,0.38,0.34,
鳳山,2023/10/23 00:00:00,NMHC,0.07,0.08,0.06,0.05,0.08,0.12,0.19,0.25,0.14,0.1,0.09,0.18,0.1,0.11,#,0.1,0.12,0.21,0.14,0.11,0.09,0.08,0.08,0.06,
鳳山,2023/10/23 00:00:00,NO,1.1,0.7,0.7,0.5,0.6,1,1.9,8.9,4.4,3.2,1.9,1.9,1.8,1.5,1.7,#,4.4,3,1.9,1.5,0.7,0.5,0.7,0.6,
鳳山,2023/10/23 00:00:00,NO2,10,7.8,7.6,7,7.8,10.6,14.5,24.1,17.9,13.1,10,19.2,13.2,8.8,11,#,16.9,21.1,16.5,11.1,10.3,10.8,11.1,7,
鳳山,2023/10/23 00:00:00,NOx,11.1,8.6,8.4,7.5,8.4,11.6,16.5,33,22.4,16.4,11.9,21.2,15.1,10.4,12.8,#,21.3,24.1,18.5,12.7,11.1,11.4,11.8,7.6,
鳳山,2023/10/23 00:00:00,O3,33.2,31.6,27.1,27.2,25.7,19.7,10.7,14.4,32.9,47.3,60.9,61.8,63.5,#,#,47.9,44,40,42.4,46.8,45.9,41.2,39.8,44,
鳳山,2023/10/23 00:00:00,PM10,48,39,41,38,42,40,42,57,46,46,39,55,39,28,34,#,34,34,35,38,23,30,22,22,
鳳山,2023/10/23 00:00:00,PM2.5,18,16,21,18,20,20,23,23,20,19,20,30,22,13,#,#,15,12,12,17,18,20,16,16,
鳳山,2023/10/23 00:00:00,RAINFALL,0,0,0,0,0,0,0,0,0,0,0,0,0,0,#,0,0,0,0,0,0,0,0,0,
鳳山,2023/10/23 00:00:00,RH,78,78,83,87,90,91,92,87,70,62,57,59,58,56,57,60,66,70,71,83,91,92,92,93,
鳳山,2023/10/23 00:00:00,SO2,1.9,1.3,0.9,0.9,1,1.1,1.2,2.3,2.7,1.9,1.3,2,2,1.1,1.1,#,0.9,1.1,1,0.9,0.9,1,1.1,0.7,
鳳山,2023/10/23 00:00:00,THC,2.31,2.31,2.32,2.31,2.34,2.45,2.55,2.52,2.31,2.22,2.19,2.34,2.22,2.17,#,2.16,2.19,2.27,2.2,2.24,2.26,2.27,2.37,2.25,
鳳山,2023/10/23 00:00:00,WD_HR,81,44,81,87,92,71,41,263,76,268,115,277,273,252,268,256,274,283,286,101,103,97,98,104,
鳳山,2023/10/23 00:00:00,WIND_DIREC,19,26,315,101,309,103,53,240,266,255,138,240,265,238,253,253,284,272,243,94,106,98,107,99,
鳳山,2023/10/23 00:00:00,WIND_SPEED,0.5,0.3,0.3,0.7,0.3,0.4,0.3,0.5,1,0.7,0.8,1,1.4,1.3,1,1.2,0.9,0.9,0.8,0.9,0.5,0.5,0.5,0.5,
鳳山,2023/10/23 00:00:00,WS_HR,0.2,0.1,0.3,0.2,0.3,0.1,0.2,0.1,0.1,0.2,0.4,0.6,0.9,0.9,0.9,1,0.8,0.8,0.7,0.6,0.6,0.5,0.4,0.6,
鳳山,2023/10/24 00:00:00,AMB_TEMP,26.2,26.3,26.1,25.9,25.8,25.7,25.8,26.2,27.2,28.9,30.5,31.8,32.6,32.9,32.2,31.9,31,29.9,29.6,29,28.6,28.4,28.5,28.4,
鳳山,2023/10/24 00:00:00,CH4,2.17,2.14,2.2,2.23,2.18,2.21,2.25,2.18,2.13,2.09,2.06,2.06,2.08,2.06,2.05,2.07,2.09,2.1,2.13,2.14,2.14,2.12,2.06,2.08,
鳳山,2023/10/24 00:00:00,CO,0.35,0.34,0.34,0.35,0.32,0.36,0.4,0.57,0.65,0.46,0.42,0.5,0.57,0.46,0.44,0.58,0.83,0.91,0.76,0.49,0.56,0.43,0.36,0.35,
鳳山,2023/10/24 00:00:00,NMHC,0.06,0.06,0.08,0.12,0.06,0.11,0.13,0.13,0.16,0.13,0.11,0.14,0.14,0.11,0.14,0.14,0.23,0.26,0.24,0.16,0.16,0.11,0.06,0.09,
鳳山,2023/10/24 00:00:00,NO,0.5,0.7,0.6,0.7,0.7,1,1.2,2.2,3,4.2,3,2.5,1.7,1.9,2,2.7,2.8,2.6,2,0.9,1.2,0.7,0.8,0.6,
鳳山,2023/10/24 00:00:00,NO2,5.8,5.8,5.3,6.6,6,10.6,15.1,15.2,16.3,17,13.3,17.2,14.8,11.9,13.3,17.4,24.9,24.4,22.1,13.9,14.2,12.1,12.8,10.4,
鳳山,2023/10/24 00:00:00,NOx,6.3,6.5,6,7.4,6.7,11.6,16.3,17.4,19.4,21.3,16.3,19.8,16.6,13.8,15.4,20.2,27.7,27.1,24.2,14.8,15.4,12.9,13.6,11.1,
鳳山,2023/10/24 00:00:00,O3,43.6,43.2,41.2,32.3,30.4,16.3,12.5,20.4,29.6,37,48.2,62.5,67.1,62.2,56.7,55,47.8,43.2,42.7,48,42.7,41.5,42.1,43.9,
鳳山,2023/10/24 00:00:00,PM10,18,19,21,23,35,43,46,52,45,48,34,39,39,34,34,44,51,54,50,56,54,53,34,43,
鳳山,2023/10/24 00:00:00,PM2.5,11,16,10,16,14,19,21,25,24,22,12,19,16,18,16,21,22,26,26,27,31,24,20,22,
鳳山,2023/10/24 00:00:00,RAINFALL,0,0,0,0,0,0,0,0,0,0,0,0,0,0,0,0,0,0,0,0,0,0,0,0,
鳳山,2023/10/24 00:00:00,RH,91,90,91,92,93,94,94,91,88,72,63,57,54,52,55,58,65,72,73,75,76,77,76,77,
鳳山,2023/10/24 00:00:00,SO2,0.6,0.8,0.7,0.7,0.9,1.6,2.2,2.4,3.1,2.7,1.8,1.9,1.2,0.9,0.9,0.9,1.2,1.2,1.4,1.6,1.6,1.5,1.5,1.2,
鳳山,2023/10/24 00:00:00,THC,2.24,2.21,2.29,2.36,2.25,2.33,2.39,2.32,2.3,2.23,2.18,2.21,2.23,2.18,2.2,2.22,2.33,2.37,2.38,2.31,2.3,2.23,2.13,2.18,
鳳山,2023/10/24 00:00:00,WD_HR,71,93,92,20,284,286,93,106,14,100,302,119,277,282,279,272,282,273,75,86,287,43,308,280,
鳳山,2023/10/24 00:00:00,WIND_DIREC,297,92,99,89,267,272,95,153,6,108,81,38,274,259,271,275,274,276,105,265,296,2,276,281,
鳳山,2023/10/24 00:00:00,WIND_SPEED,0.3,0.6,0.8,0.4,0.3,0.5,0.4,0.3,0.7,0.9,0.7,0.7,1.4,1.2,1,1.3,1.1,0.6,0.4,0.4,0.4,0.6,0.5,0.5,
鳳山,2023/10/24 00:00:00,WS_HR,0.2,0.4,0.5,0.1,0.2,0.4,0.4,0.3,0.1,0.3,0,0.1,0.8,0.9,0.6,1,0.8,0.6,0,0.1,0.2,0.1,0.2,0.4,
鳳山,2023/10/25 00:00:00,AMB_TEMP,28.3,28.3,27.7,26.9,27.1,27.1,27.3,27.7,29,30.3,31,31.7,31.9,31.7,31.5,31.1,30.4,29.5,29.4,29.3,29.1,28.6,28.9,28.1,
鳳山,2023/10/25 00:00:00,CH4,2.12,2.11,2.21,2.37,2.33,2.32,2.24,2.22,2.2,2.23,2.25,2.16,2.14,2.11,2.08,2.07,2.09,2.08,2.09,2.09,2.1,2.12,2.07,2.18,
鳳山,2023/10/25 00:00:00,CO,0.31,0.25,0.3,0.29,0.29,0.33,0.38,0.51,0.58,0.65,0.66,0.62,0.5,0.44,0.45,0.6,0.76,0.83,0.91,0.74,0.64,0.56,0.41,0.43,
鳳山,2023/10/25 00:00:00,NMHC,0.07,0.06,0.13,0.1,0.09,0.12,0.13,0.16,0.16,0.19,0.24,0.18,0.1,0.08,0.08,0.15,0.2,0.2,0.23,0.2,0.17,0.16,0.1,0.21,
鳳山,2023/10/25 00:00:00,NO,0.7,0.2,0.3,0.3,0.4,0.5,0.5,1.3,1.7,2.5,4.6,2.2,1.5,0.9,1,1.7,2.1,1.3,1.9,0.8,0.7,0.4,0.4,0.2,
鳳山,2023/10/25 00:00:00,NO2,9.3,6.2,7.2,9.1,8.5,9.9,10.5,12.4,14.6,21.7,27.5,18.7,11.9,11,9.7,16.1,21,18.9,24.9,18.1,17.8,16.3,18.1,13.1,
鳳山,2023/10/25 00:00:00,NOx,10,6.5,7.5,9.4,8.9,10.5,11.1,13.7,16.4,24.2,32.2,21,13.4,12,10.8,17.8,23.1,20.2,26.8,18.9,18.5,16.8,18.5,13.4,
鳳山,2023/10/25 00:00:00,O3,41.3,43.6,35,23.8,24,24.2,24.7,29.8,42.1,47.9,56.1,79.6,78.1,73.2,68.5,67.2,59.4,53.5,43.3,45.2,41.3,39.2,35.4,30,
鳳山,2023/10/25 00:00:00,PM10,42,37,40,41,40,46,48,65,63,68,70,67,51,54,45,42,40,38,42,41,39,44,33,50,
鳳山,2023/10/25 00:00:00,PM2.5,17,18,21,19,25,22,18,37,37,36,40,42,31,33,23,19,27,18,24,25,23,24,24,28,
鳳山,2023/10/25 00:00:00,RAINFALL,0,0,0,0,0,0,0,0,0,0,0,0,0,0,0,0,0,0,0,0,0,0,0,0,
鳳山,2023/10/25 00:00:00,RH,79,81,85,92,91,91,90,89,79,69,67,62,58,59,58,62,62,65,65,64,64,68,65,73,
鳳山,2023/10/25 00:00:00,SO2,1.1,1.6,1.3,1.6,1.4,1.6,1.7,2.1,2.9,2.2,2.7,2.3,2,1.8,1.7,1.7,1.6,1.4,1.5,1.3,1.3,1.4,1.8,1.9,
鳳山,2023/10/25 00:00:00,THC,2.2,2.18,2.35,2.48,2.43,2.45,2.38,2.39,2.37,2.43,2.5,2.35,2.25,2.2,2.17,2.23,2.3,2.29,2.33,2.3,2.28,2.29,2.18,2.4,
鳳山,2023/10/25 00:00:00,WD_HR,313,294,80,90,87,86,78,101,103,266,265,265,260,271,273,280,265,272,294,293,67,99,287,86,
鳳山,2023/10/25 00:00:00,WIND_DIREC,58,318,100,91,80,90,94,117,118,257,261,276,256,259,276,269,256,257,292,219,104,46,300,96,
鳳山,2023/10/25 00:00:00,WIND_SPEED,0.3,0.5,0.6,0.4,0.3,0.5,0.4,0.6,0.7,1.1,1.1,1.2,1.5,1.5,1,0.9,0.8,0.4,0.4,0.3,0.6,0.3,0.3,0.3,
鳳山,2023/10/25 00:00:00,WS_HR,0.3,0.4,0.2,0.4,0.3,0.3,0.3,0.5,0.2,0.5,0.7,0.5,0.9,1,0.9,0.7,0.7,0.5,0.5,0.2,0.1,0.4,0.4,0.3,
鳳山,2023/10/26 00:00:00,AMB_TEMP,27.7,27.9,27.9,26.8,26.2,26.1,25.9,26.6,28.5,29.7,29.7,30.9,31.8,31.8,31.1,30.4,29.5,28.7,28.5,28,27.7,27.5,27.3,27,
鳳山,2023/10/26 00:00:00,CH4,2.15,2.05,2.05,2.54,2.51,2.39,2.24,2.24,2.16,2.11,2.12,2.09,2.05,2.04,2.03,2.03,2.02,2.03,2.06,2.08,2.1,2.14,2.14,2.26,
鳳山,2023/10/26 00:00:00,CO,0.35,0.24,0.23,0.35,0.37,0.38,0.41,0.53,0.46,0.5,0.94,0.72,0.46,0.43,0.43,0.49,0.64,0.83,0.73,0.49,0.5,0.53,0.44,0.47,
鳳山,2023/10/26 00:00:00,NMHC,0.11,0.01,0.02,0.09,0.08,0.09,0.09,0.11,0.12,0.15,0.51,0.24,0.08,0.1,0.09,0.1,0.14,0.21,0.17,0.1,0.12,0.19,0.14,0.19,
鳳山,2023/10/26 00:00:00,NO,0.2,0.5,0.3,0.4,0.6,0.5,0.9,3.6,3.3,2.4,1.6,2.7,2,1.7,2.1,2.6,3.5,5.5,2.9,1,0.4,0.7,0.7,0.7,
鳳山,2023/10/26 00:00:00,NO2,14.5,7.9,7.5,8.4,8.7,9.1,9.9,12,10.9,10.3,14,16.1,10.9,9.4,9.8,13.5,17.4,21.4,19.6,15.3,15,19.2,15.8,15.3,
鳳山,2023/10/26 00:00:00,NOx,14.7,8.4,7.9,8.9,9.4,9.6,10.9,15.7,14.3,12.7,15.6,18.9,12.9,11.2,11.9,16.2,21,27,22.5,16.4,15.5,20,16.6,16,
鳳山,2023/10/26 00:00:00,O3,33.2,48.4,48.8,20.5,16.6,17.1,13.9,12.1,25.9,44.4,51.5,54.5,60.8,58.4,51.5,42.8,38.7,33.8,38.4,46.8,44.2,29,33,25.7,
鳳山,2023/10/26 00:00:00,PM10,36,30,30,50,52,54,42,44,51,*,*,64,34,40,36,35,26,30,27,34,33,39,33,39,
鳳山,2023/10/26 00:00:00,PM2.5,20,17,17,29,35,32,32,30,26,x,x,23,17,12,10,11,13,13,13,14,16,25,21,24,
鳳山,2023/10/26 00:00:00,RAINFALL,0,0,0,0,0,0,0,0,0,0,0,0,0,0,0,0,0,0,0,0,0,0,0,0,
鳳山,2023/10/26 00:00:00,RH,78,79,83,91,92,92,90,84,72,67,66,62,59,58,59,62,64,66,65,67,66,69,69,72,
鳳山,2023/10/26 00:00:00,SO2,1.9,1.2,1.2,1.4,1.4,1.5,1.3,1.5,1.5,1.6,1.5,1.4,1.3,1.3,0.9,1.1,1,1.2,1.3,1.4,1.4,1.6,3.3,2.6,
鳳山,2023/10/26 00:00:00,THC,2.27,2.07,2.08,2.64,2.6,2.49,2.34,2.36,2.29,2.27,2.64,2.34,2.14,2.15,2.13,2.13,2.17,2.25,2.24,2.19,2.23,2.34,2.29,2.46,
鳳山,2023/10/26 00:00:00,WD_HR,25,307,300,94,93,98,102,100,111,291,308,273,278,282,282,284,281,275,284,102,102,81,81,81,
鳳山,2023/10/26 00:00:00,WIND_DIREC,284,303,36,103,94,94,95,107,152,285,273,279,297,279,281,283,289,293,309,116,122,111,82,83,
鳳山,2023/10/26 00:00:00,WIND_SPEED,0.5,0.4,0.3,0.7,0.4,0.6,0.8,0.7,0.7,0.9,1.1,1,1.2,1.1,1.4,1.4,1.2,0.7,0.4,0.8,0.7,0.4,0.3,0.3,
鳳山,2023/10/26 00:00:00,WS_HR,0.2,0.4,0.2,0.5,0.5,0.5,0.7,0.5,0.5,0.3,0.1,0.8,0.9,1.1,1.1,1.1,1,0.8,0.5,0.3,0.3,0.3,0.3,0.3,
鳳山,2023/10/27 00:00:00,AMB_TEMP,26.2,25.7,25.7,25.5,25.1,24.8,24.9,25.9,27.3,29.3,29.4,30.1,30.7,29.9,29.7,30,29.4,28.6,28,27.9,27.8,27.9,27.7,27.7,
鳳山,2023/10/27 00:00:00,CH4,2.45,2.41,2.5,2.48,2.42,2.29,2.28,2.15,2.12,2.13,2.04,2.06,2.02,2.02,2.02,2.01,2.02,2.03,2.04,2.04,2.07,2.05,2.06,2.05,
鳳山,2023/10/27 00:00:00,CO,0.49,0.36,0.33,0.32,0.32,0.32,0.39,0.54,0.44,0.61,0.45,0.59,0.42,0.37,0.42,0.5,0.75,0.85,0.63,0.61,0.63,0.45,0.37,0.32,
鳳山,2023/10/27 00:00:00,NMHC,0.27,0.16,0.13,0.14,0.12,0.09,0.13,0.14,0.1,0.18,0.12,0.17,0.08,0.06,0.09,0.1,0.18,0.21,0.13,0.13,0.17,0.09,0.07,0.08,
鳳山,2023/10/27 00:00:00,NO,0.6,0.8,0.5,0.5,0.7,0.6,1,3.1,3.1,4,3.4,2.8,3,2.2,2.5,2.8,3.7,4.8,1.7,1.4,1.1,1,0.5,0.4,
鳳山,2023/10/27 00:00:00,NO2,19.6,13.7,11.9,11,11.6,10,11,14,12.4,17.7,15.9,17,11.3,10.8,11.7,11.4,17.2,22.3,16.3,16.9,18.1,13.2,11,9.5,
鳳山,2023/10/27 00:00:00,NOx,20.3,14.6,12.4,11.5,12.4,10.6,12,17.2,15.5,21.7,19.4,19.8,14.3,13,14.3,14.3,20.9,27.1,18.1,18.3,19.3,14.3,11.5,9.9,
鳳山,2023/10/27 00:00:00,O3,15.2,17.1,15.5,14,11.1,12.9,12.2,14.5,26.3,31.9,37.6,46,45.5,44.4,40.1,40.7,36.2,33.8,43.2,40.9,36.6,53.2,53.3,53.4,
鳳山,2023/10/27 00:00:00,PM10,44,45,43,36,39,30,30,40,53,42,27,32,25,27,17,27,31,33,29,31,35,39,33,30,
鳳山,2023/10/27 00:00:00,PM2.5,22,24,23,20,24,20,16,20,21,19,8,15,11,8,13,13,13,13,20,19,17,24,19,18,
鳳山,2023/10/27 00:00:00,RAINFALL,0,0,0,0,0,0,0,0,0,0,0,0,0,0,0,0,0,0,0,0,0,0,0,0,
鳳山,2023/10/27 00:00:00,RH,83,90,91,91,92,92,91,86,75,67,63,63,61,62,63,61,64,65,67,67,69,69,70,71,
鳳山,2023/10/27 00:00:00,SO2,1.6,1.4,1.3,1.4,1.3,1.5,1.3,1.4,2.7,2.9,2,1.7,1.1,1,0.9,1,1.1,1.3,1.2,1.1,1.2,1.4,1.3,1.3,
鳳山,2023/10/27 00:00:00,THC,2.72,2.58,2.64,2.63,2.55,2.39,2.42,2.3,2.23,2.32,2.17,2.24,2.11,2.09,2.12,2.12,2.21,2.25,2.18,2.17,2.25,2.15,2.14,2.14,
鳳山,2023/10/27 00:00:00,WD_HR,83,87,99,82,91,101,97,103,117,230,262,284,270,280,283,271,276,278,319,318,318,274,283,268,
鳳山,2023/10/27 00:00:00,WIND_DIREC,91,115,75,62,98,106,93,115,79,301,234,254,291,287,281,269,280,276,358,344,264,303,287,259,
鳳山,2023/10/27 00:00:00,WIND_SPEED,0.4,0.6,0.3,0.4,0.6,0.3,0.6,0.9,0.7,1,0.8,1.4,1.3,1,1.3,1.2,1.3,0.7,0.3,0.3,0.5,0.3,0.6,0.5,
鳳山,2023/10/27 00:00:00,WS_HR,0.3,0.3,0.4,0.4,0.3,0.4,0.5,0.6,0.6,0.1,0.4,0.8,1.1,0.9,0.9,0.8,0.8,0.6,0.1,0.3,0.1,0.3,0.2,0.4,
鳳山,2023/10/28 00:00:00,AMB_TEMP,27.4,27.1,26.7,26.5,26,26,26.3,27.1,28,29.1,30,30.1,30.9,31.3,30.9,30.1,29,28.4,27.9,27.8,27.6,27.2,26.9,26.1,
鳳山,2023/10/28 00:00:00,CH4,2.05,2.04,2.41,2.45,2.53,2.48,2.36,2.17,2.14,2.12,2.1,2.08,2.04,2.04,2.04,2.05,2.05,2.07,2.08,2.08,2.08,2.08,2.1,2.21,
鳳山,2023/10/28 00:00:00,CO,0.27,0.23,0.29,0.32,0.32,0.35,0.36,0.49,0.46,0.44,0.51,0.48,0.43,0.4,0.38,0.47,0.58,0.72,0.71,0.65,0.65,0.54,0.47,0.43,
鳳山,2023/10/28 00:00:00,NMHC,0.05,0.04,0.12,0.11,0.08,0.07,0.08,0.12,0.1,0.1,0.12,0.1,0.08,0.06,0.06,0.1,0.13,0.18,0.17,0.15,0.18,0.18,0.11,0.13,
鳳山,2023/10/28 00:00:00,NO,0.5,0.6,0.6,0.6,0.5,0.6,0.8,1.4,1.9,1.6,1.5,1.5,1.5,1.8,1.6,1.6,1.7,2.2,1.7,2,2,1.3,0.9,0.9,
鳳山,2023/10/28 00:00:00,NO2,7.8,6.3,8.6,10,9.7,9,9.8,12.1,10.9,9.8,12,10.7,9.3,8.5,8.7,10.3,12.7,20.1,19.4,17.7,16.8,14.2,12.5,12.1,
鳳山,2023/10/28 00:00:00,NOx,8.3,6.9,9.3,10.7,10.3,9.7,10.7,13.5,12.8,11.4,13.5,12.3,10.9,10.4,10.3,12,14.5,22.3,21.1,19.8,18.9,15.6,13.4,13,
鳳山,2023/10/28 00:00:00,O3,52.3,47.2,26.8,16.5,13,15.1,16.4,24.1,37.2,45.8,54.3,58.3,50.4,54,53.6,54.7,53.1,45.4,42.3,42.1,43.3,46.7,45.1,34.4,
鳳山,2023/10/28 00:00:00,PM10,30,21,27,33,33,31,35,49,54,46,43,38,28,28,29,26,36,38,39,29,35,35,34,48,
鳳山,2023/10/28 00:00:00,PM2.5,14,10,18,19,16,20,21,21,26,27,22,19,12,14,10,13,11,17,17,14,15,15,12,23,
鳳山,2023/10/28 00:00:00,RAINFALL,0,0,0,0,0,0,0,0,0,0,0,0,0,0,0,0,0,0,0,0,0,0,0,0,
鳳山,2023/10/28 00:00:00,RH,73,80,85,90,93,92,90,86,73,68,62,58,52,51,53,59,64,68,71,71,73,75,76,78,
鳳山,2023/10/28 00:00:00,SO2,1.2,1,1,0.9,0.8,0.9,1.1,1.6,2.1,2,1.8,1.2,1,0.8,0.9,0.8,1,1,1.2,1.1,0.8,1.1,0.9,1,
鳳山,2023/10/28 00:00:00,THC,2.11,2.09,2.54,2.57,2.61,2.56,2.45,2.3,2.25,2.23,2.23,2.19,2.13,2.11,2.11,2.15,2.19,2.26,2.26,2.24,2.27,2.27,2.22,2.35,
鳳山,2023/10/28 00:00:00,WD_HR,300,306,41,86,95,90,84,95,86,123,272,230,248,267,285,286,277,275,263,264,275,278,273,321,
鳳山,2023/10/28 00:00:00,WIND_DIREC,318,335,75,102,103,97,87,132,107,185,277,261,254,268,281,285,274,253,269,254,287,287,88,105,
鳳山,2023/10/28 00:00:00,WIND_SPEED,0.3,0.3,0.5,0.9,0.7,0.5,0.3,0.7,0.5,1.2,0.8,1.2,1.4,1.3,1,1.2,0.9,0.5,0.8,0.8,0.5,0.4,0.3,0.5,
鳳山,2023/10/28 00:00:00,WS_HR,0.3,0.2,0.2,0.4,0.4,0.4,0.4,0.4,0.2,0.1,0.3,0.3,0.8,0.9,1,1.1,0.7,0.5,0.5,0.6,0.6,0.4,0.1,0.1,
鳳山,2023/10/29 00:00:00,AMB_TEMP,25.9,25.6,25.6,25.3,25,24.9,24.9,26.1,27.8,28.8,28.7,29.3,30.2,30.6,30.6,30.1,29.5,28.6,28.1,27.9,27.2,27.1,26.9,26.4,
鳳山,2023/10/29 00:00:00,CH4,2.21,2.21,2.27,2.43,2.35,2.27,2.22,2.23,2.16,2.13,2.1,2.11,2.07,2.07,2.07,2.08,2.07,2.07,2.07,2.09,2.12,2.11,2.13,2.18,
鳳山,2023/10/29 00:00:00,CO,0.38,0.33,0.32,0.32,0.32,0.35,0.4,0.52,0.49,0.48,0.52,0.7,0.47,0.43,0.42,0.52,0.6,0.72,0.62,0.53,0.39,0.37,0.38,0.39,
鳳山,2023/10/29 00:00:00,NMHC,0.11,0.06,0.07,0.09,0.1,0.22,0.14,0.17,0.17,0.16,0.12,0.18,0.1,0.07,0.07,0.09,0.12,0.16,0.13,0.13,0.1,0.1,0.1,0.13,
鳳山,2023/10/29 00:00:00,NO,0.6,0.7,0.7,0.8,0.8,0.9,0.9,1.6,2.5,2,1.4,5,5.9,1.8,1.3,2.2,2.8,3.3,2.2,1.8,1,0.9,0.8,0.8,
鳳山,2023/10/29 00:00:00,NO2,11.1,7.8,7,7.5,7,6.8,8.4,10.5,14.4,12.9,10.8,19.8,16.7,7.6,7.8,11,13.2,21.3,15.9,16.5,10.8,9.7,10.4,11,
鳳山,2023/10/29 00:00:00,NOx,11.8,8.6,7.7,8.4,7.9,7.7,9.4,12.1,17,15,12.2,24.9,22.6,9.5,9.2,13.3,16,24.6,18.2,18.3,11.9,10.6,11.2,11.8,
鳳山,2023/10/29 00:00:00,O3,39.1,45,44.3,33.4,33.4,33.8,29.1,27.3,41.6,56.9,62.1,48.8,53.8,61.7,60,56.9,49.1,40.1,42.4,40.2,41.9,43.3,39.2,31.9,
鳳山,2023/10/29 00:00:00,PM10,43,44,54,46,49,43,44,47,49,43,43,39,24,27,22,32,31,36,33,40,37,31,35,40,
鳳山,2023/10/29 00:00:00,PM2.5,22,28,28,32,22,32,28,35,32,25,28,15,9,13,17,16,12,16,14,13,19,16,17,16,
鳳山,2023/10/29 00:00:00,RAINFALL,0,0,0,0,0,0,0,0,0,0,0,0,0,0,0,0,0,0,0,0,0,0,0,0,
鳳山,2023/10/29 00:00:00,RH,78,78,80,90,91,91,92,89,72,64,62,60,55,54,55,57,59,63,63,65,68,66,68,73,
鳳山,2023/10/29 00:00:00,SO2,1.6,2.1,1.8,1.6,1.4,1.4,1.5,2.2,4.2,3.8,2.6,1.7,1.6,1.4,1.6,1.6,1.5,1.4,1.4,1.8,1.8,1.5,1.6,1.9,
鳳山,2023/10/29 00:00:00,THC,2.33,2.28,2.35,2.53,2.45,2.5,2.37,2.41,2.34,2.3,2.23,2.3,2.18,2.15,2.15,2.18,2.2,2.24,2.21,2.23,2.23,2.21,2.24,2.32,
鳳山,2023/10/29 00:00:00,WD_HR,75,84,95,89,93,80,97,99,80,230,174,281,281,269,276,279,285,276,285,259,100,80,71,87,
鳳山,2023/10/29 00:00:00,WIND_DIREC,87,40,108,108,119,73,103,91,301,260,279,292,284,210,286,296,280,269,263,96,103,92,82,43,
鳳山,2023/10/29 00:00:00,WIND_SPEED,0.5,0.3,0.5,0.4,0.3,0.3,0.6,0.7,0.6,0.7,0.8,0.9,1,0.8,1.2,1,1,0.7,0.6,0.6,0.5,0.3,0.4,0.3,
鳳山,2023/10/29 00:00:00,WS_HR,0.2,0.4,0.5,0.3,0.4,0.3,0.4,0.4,0,0.1,0.1,0.7,0.6,0.5,0.5,0.9,0.8,0.7,0.4,0.1,0.5,0.2,0.2,0.3,
鳳山,2023/10/30 00:00:00,AMB_TEMP,25.8,25.4,24.7,24.6,24.6,24.5,24.6,25.5,27,27.9,29.2,30.5,31.1,32,31.7,31.1,29.9,29.1,28.5,28,27.1,26.6,26.1,25.7,
鳳山,2023/10/30 00:00:00,CH4,2.2,2.26,2.27,2.22,2.2,2.25,2.25,2.3,2.26,2.17,2.12,2.11,2.13,2.14,2.11,2.08,2.06,2.07,2.06,2.1,2.1,2.12,2.13,2.16,
鳳山,2023/10/30 00:00:00,CO,0.37,0.4,0.39,0.39,0.37,0.38,0.5,0.77,0.73,0.6,0.39,0.53,0.51,0.5,0.52,0.62,0.7,0.87,0.67,0.57,0.53,0.51,0.5,0.41,
鳳山,2023/10/30 00:00:00,NMHC,0.16,0.12,0.1,0.11,0.1,0.09,0.13,0.26,0.3,0.18,0.13,0.17,0.12,0.12,0.14,0.16,0.18,0.24,0.18,0.16,0.15,0.13,0.14,0.13,
鳳山,2023/10/30 00:00:00,NO,0.7,1.1,0.9,1.1,1,0.8,1.1,5.3,9.4,5.4,2.4,2.7,1.8,1.5,2.1,2.1,3.3,2.7,2.1,2.1,2,1.9,1.6,1.2,
鳳山,2023/10/30 00:00:00,NO2,9.5,15,14.5,12.7,12.2,9.5,12,19.6,24.4,19,11.3,16.5,14.1,14.3,14.1,16.3,21.4,21.9,18.5,17.6,15.6,14.7,15.5,16.4,
鳳山,2023/10/30 00:00:00,NOx,10.3,16.2,15.4,13.9,13.3,10.4,13.2,25,33.8,24.4,13.8,19.2,16,15.9,16.2,18.4,24.7,24.6,20.6,19.7,17.6,16.6,17.2,17.6,
鳳山,2023/10/30 00:00:00,O3,30.7,21.5,17.1,17.2,21.3,21,20.4,15.7,18.2,28.3,48.4,52.9,72.1,77.7,66.2,59.3,45.7,37.9,38.1,36.9,32.8,29.2,24.8,21.1,
鳳山,2023/10/30 00:00:00,PM10,41,41,43,42,43,40,42,58,55,#,#,41,45,42,51,53,67,59,44,50,43,45,41,42,
鳳山,2023/10/30 00:00:00,PM2.5,21,22,23,21,18,18,23,29,24,25,#,#,#,25,17,19,19,11,18,18,10,17,18,14,
鳳山,2023/10/30 00:00:00,RAINFALL,0,0,0,0,0,0,0,0,0,0,0,0,0,0,0,0,0,0,0,0,0,0,0,0,
鳳山,2023/10/30 00:00:00,RH,77,79,86,82,85,89,89,87,76,70,62,54,51,48,50,53,61,65,68,63,68,71,74,78,
鳳山,2023/10/30 00:00:00,SO2,2,2.6,3,2.9,3.4,2.2,1.8,2.3,2.9,2.2,2.1,2.4,2,2,2.2,2.1,2.2,1.8,1.7,2,2.2,1.8,2,2.6,
鳳山,2023/10/30 00:00:00,THC,2.37,2.39,2.38,2.34,2.31,2.35,2.39,2.57,2.57,2.35,2.26,2.29,2.26,2.27,2.26,2.25,2.25,2.31,2.25,2.27,2.26,2.26,2.28,2.3,
鳳山,2023/10/30 00:00:00,WD_HR,86,284,288,276,263,91,87,72,97,275,101,282,268,274,267,282,271,294,285,274,270,270,276,280,
鳳山,2023/10/30 00:00:00,WIND_DIREC,327,60,258,280,236,104,68,89,126,59,105,278,302,275,252,268,275,312,319,283,212,276,269,284,
鳳山,2023/10/30 00:00:00,WIND_SPEED,0.3,0.5,0.4,1,0.3,0.4,0.3,0.4,0.8,1.1,1.2,1.2,0.9,1.6,1.4,1.2,0.8,1.3,0.5,1.1,0.6,1,0.8,1.1,
鳳山,2023/10/30 00:00:00,WS_HR,0.2,0.7,0.4,0.5,0.3,0.3,0.2,0.2,0.2,0.4,0.5,0.6,0.3,1,1,1,0.9,1,0.7,0.7,0.5,0.5,0.5,0.5,
鳳山,2023/10/31 00:00:00,AMB_TEMP,25.4,24.8,24.7,24.7,24.6,24.2,24.4,25.4,27.3,29.5,30.1,30.8,30.9,31.4,30.7,30,29.1,28.5,28.5,28.5,28.3,27.9,27.1,26.6,
鳳山,2023/10/31 00:00:00,CH4,2.17,2.18,2.19,2.21,2.24,2.3,2.28,2.25,2.18,2.09,2.11,2.12,2.12,2.12,2.09,2.07,2.06,2.05,2.07,2.08,2.06,2.06,2.43,2.57,
鳳山,2023/10/31 00:00:00,CO,0.46,0.33,0.31,0.31,0.35,0.38,0.47,0.56,0.55,0.51,0.65,0.75,0.58,0.45,0.46,0.5,0.64,0.7,0.81,0.78,0.54,0.49,0.52,0.43,
鳳山,2023/10/31 00:00:00,NMHC,0.11,0.11,0.07,0.1,0.19,0.22,0.19,0.16,0.13,0.1,0.17,0.19,0.15,0.11,0.1,0.11,0.14,0.16,0.2,0.18,0.1,0.08,0.2,0.14,
鳳山,2023/10/31 00:00:00,NO,1.2,0.8,1,0.9,1,1,1.6,3.3,3.3,2.3,3.7,2.2,1.6,1.7,2,2.2,3,3.3,2.5,1.7,1.2,1.1,0.9,0.8,
鳳山,2023/10/31 00:00:00,NO2,15.7,12,9.8,9.5,14,15.7,15.7,14,13.1,14.2,25.6,18.9,14.8,12.9,10.9,15.2,23.3,28.8,29,22.4,17.1,13,17.6,14.6,
鳳山,2023/10/31 00:00:00,NOx,17,12.8,10.8,10.5,15,16.7,17.3,17.3,16.4,16.5,29.4,21.2,16.4,14.7,13,17.4,26.3,32.2,31.6,24.1,18.3,14.2,18.5,15.4,
鳳山,2023/10/31 00:00:00,O3,19.7,17.5,20.1,16.6,10.3,4.5,9.4,17.1,34,51.9,52.6,73,76.8,68.5,60.7,50.7,41,38.2,35.4,42,44.9,48.1,27.8,32.9,
鳳山,2023/10/31 00:00:00,PM10,42,38,38,40,42,39,56,58,38,29,43,48,47,40,35,30,31,27,27,31,24,31,43,49,
鳳山,2023/10/31 00:00:00,PM2.5,18,16,15,18,16,19,23,25,18,19,21,25,22,17,11,14,13,12,19,13,20,11,25,29,
鳳山,2023/10/31 00:00:00,RAINFALL,0,0,0,0,0,0,0,0,0,0,0,0,0,0,0,0,0,0,0,0,0,0,0,0,
鳳山,2023/10/31 00:00:00,RH,85,90,91,91,91,93,92,88,72,57,55,54,52,49,50,52,55,60,59,60,58,59,70,80,
鳳山,2023/10/31 00:00:00,SO2,2.9,2.1,1.7,1.3,1.5,1.6,1.4,1.7,2.3,2.6,3.2,3.4,2.9,1.6,1.3,1.2,1.4,1.6,1.7,1.6,1.3,1.1,1.8,1.8,
鳳山,2023/10/31 00:00:00,THC,2.29,2.3,2.27,2.32,2.44,2.52,2.48,2.42,2.32,2.2,2.29,2.32,2.28,2.24,2.19,2.19,2.21,2.22,2.28,2.27,2.17,2.15,2.64,2.72,
鳳山,2023/10/31 00:00:00,WD_HR,274,216,354,60,343,66,98,90,104,195,271,289,281,282,278,281,260,260,272,285,273,335,87,90,
鳳山,2023/10/31 00:00:00,WIND_DIREC,8,291,60,343,97,64,79,107,74,240,294,292,287,294,282,280,269,252,239,265,258,84,85,110,
鳳山,2023/10/31 00:00:00,WIND_SPEED,0.4,0.5,0.3,0.3,0.3,0.3,0.3,0.7,0.6,0.9,1.1,1.3,1.4,1.3,0.9,0.9,1,0.7,0.6,0.5,0.3,0.5,0.4,0.5,
鳳山,2023/10/31 00:00:00,WS_HR,0.3,0.1,0,0.2,0.1,0.3,0.3,0.4,0.5,0.2,0.2,0.7,0.8,0.8,0.9,0.7,0.8,0.6,0.5,0.4,0.3,0.2,0.4,0.4,
鳳山,2023/11/01 00:00:00,AMB_TEMP,25.9,25.2,25,25,24.7,24.4,24.5,25.7,27.5,29,30.3,31.2,31.4,31.1,30.6,30.2,29.3,28.4,28,27.7,27.2,27.1,27,26.5,
鳳山,2023/11/01 00:00:00,CH4,2.53,2.54,2.45,2.31,2.23,2.19,2.26,2.15,2.14,2.11,2.13,2.12,2.13,2.11,2.12,2.11,2.06,2.05,2.07,2.11,2.07,2.07,2.09,2.16,
鳳山,2023/11/01 00:00:00,CO,0.43,0.44,0.43,0.41,0.41,0.43,0.58,0.64,0.59,0.39,0.44,0.63,0.71,0.51,0.48,0.55,0.71,0.81,0.75,0.7,0.5,0.46,0.47,0.39,
鳳山,2023/11/01 00:00:00,NMHC,0.17,0.14,0.13,0.11,0.09,0.1,0.17,0.15,0.15,0.08,0.11,0.18,0.17,0.1,0.11,0.12,0.18,0.2,0.16,0.15,0.08,0.07,0.08,0.12,
鳳山,2023/11/01 00:00:00,NO,0.7,1.2,1.2,1.2,1,1.1,2.3,2.8,4.6,2.8,1.9,2.5,2.6,2,2.2,1.9,2.6,2.4,2.1,1.7,1.5,1.4,1.2,1.2,
鳳山,2023/11/01 00:00:00,NO2,11.5,12.5,11.9,9.6,8.4,8.2,14.2,14,15,9.1,9.8,19.6,19.4,15.2,16,14.3,17.2,19,19.4,16.2,12.1,11,12.1,10.9,
鳳山,2023/11/01 00:00:00,NOx,12.2,13.8,13.2,10.8,9.4,9.3,16.5,16.8,19.6,11.9,11.7,22.2,22.1,17.2,18.3,16.3,19.9,21.4,21.5,18,13.7,12.4,13.4,12.1,
鳳山,2023/11/01 00:00:00,O3,27.6,19.3,18.1,24.8,25.5,20.4,13.4,21.7,22.9,45.9,64.4,68.9,81.2,81.3,77.9,76.6,53.6,47.3,53.7,59.9,61.2,58.8,50.9,47.4,
鳳山,2023/11/01 00:00:00,PM10,44,43,38,32,38,32,43,44,46,39,35,46,58,43,52,48,40,31,33,39,38,35,39,37,
鳳山,2023/11/01 00:00:00,PM2.5,26,27,23,20,20,21,23,22,21,16,15,18,29,25,25,26,16,15,14,20,16,16,15,21,
鳳山,2023/11/01 00:00:00,RAINFALL,0,0,0,0,0,0,0,0,0,0,0,0,0,0,0,0,0,0,0,0,0,0,0,0,
鳳山,2023/11/01 00:00:00,RH,88,90,89,89,88,89,89,75,65,57,51,49,53,53,54,60,63,70,71,72,74,74,74,79,
鳳山,2023/11/01 00:00:00,SO2,1.2,1.5,1.5,2,1.8,1.8,1.8,2.4,2.8,2.3,2.4,3.6,7.1,4.3,2.9,2.6,1.9,1.8,2,2.2,1.9,1.9,1.7,1.9,
鳳山,2023/11/01 00:00:00,THC,2.71,2.69,2.59,2.43,2.32,2.29,2.44,2.31,2.3,2.2,2.25,2.31,2.31,2.22,2.24,2.24,2.25,2.26,2.23,2.27,2.16,2.14,2.18,2.29,
鳳山,2023/11/01 00:00:00,WD_HR,87,81,84,97,96,100,93,108,103,116,127,280,270,269,258,268,280,284,286,282,270,293,303,84,
鳳山,2023/11/01 00:00:00,WIND_DIREC,92,77,97,101,98,115,97,105,137,109,98,193,251,275,270,285,286,289,285,299,268,321,109,97,
鳳山,2023/11/01 00:00:00,WIND_SPEED,0.6,0.3,0.3,0.4,0.5,0.6,0.4,0.9,0.9,1,1.3,0.9,1.3,1.1,1.2,1.3,0.9,0.9,0.7,0.4,0.4,0.3,0.4,0.5,
鳳山,2023/11/01 00:00:00,WS_HR,0.5,0.4,0.3,0.4,0.4,0.4,0.3,0.6,0.6,0.6,0.3,0.1,1,0.8,0.8,0.8,0.8,0.8,0.6,0.5,0.3,0.2,0.1,0.3,
鳳山,2023/11/02 00:00:00,AMB_TEMP,25.9,25.4,25.2,24.9,24.6,24.5,24.3,25.2,27.3,28.8,29.9,30.6,30.7,31.4,31,29.9,29.1,28.3,27.9,27.7,27,26.5,26.3,25.8,
鳳山,2023/11/02 00:00:00,CH4,2.31,2.36,2.41,2.42,2.32,2.21,2.17,2.18,2.12,2.09,2.09,2.11,2.1,2.1,2.09,2.08,2.06,2.05,2.05,2.06,2.08,2.09,2.11,2.13,
鳳山,2023/11/02 00:00:00,CO,0.38,0.33,0.35,0.36,0.32,0.33,0.38,0.61,0.51,0.39,0.48,0.64,0.61,0.5,0.5,0.51,0.71,0.9,0.75,0.58,0.4,0.37,0.4,0.31,
鳳山,2023/11/02 00:00:00,NMHC,0.19,0.12,0.14,0.13,0.09,0.09,0.08,0.14,0.12,0.09,0.13,0.18,0.15,0.11,0.12,0.15,0.19,0.24,0.2,0.15,0.13,0.12,0.11,0.09,
鳳山,2023/11/02 00:00:00,NO,1.2,0.5,0.6,0.4,0.4,0.4,0.7,3.6,3.4,2,1.5,1.5,1.6,1.6,1.7,1.9,2.8,2.9,3.2,2.1,1.3,0.8,2,0.8,
鳳山,2023/11/02 00:00:00,NO2,11.8,9.6,9.8,9.8,8.8,9.2,9.5,14,13.7,10.2,12.8,19.5,16.1,13.3,13.5,13.7,20.7,23.2,21.5,18.3,13.7,11.7,11.8,9.2,
鳳山,2023/11/02 00:00:00,NOx,13.1,10.1,10.5,10.3,9.3,9.7,10.3,17.6,17.2,12.2,14.4,21,17.7,14.9,15.3,15.7,23.6,26.2,24.7,20.5,15.1,12.6,13.8,10.1,
鳳山,2023/11/02 00:00:00,O3,35.9,33.4,26.4,22.6,22.7,21.9,15.9,13.7,31.3,47.5,68.3,83.6,81.9,78.3,66,54.8,46.4,33.3,30.1,29.6,30.5,31.9,34.3,32.6,
鳳山,2023/11/02 00:00:00,PM10,41,51,52,43,42,35,32,45,48,42,44,53,48,41,54,37,33,32,27,37,35,52,40,34,
鳳山,2023/11/02 00:00:00,PM2.5,19,29,31,27,22,23,21,25,20,20,25,32,26,21,21,18,18,16,9,17,14,13,15,17,
鳳山,2023/11/02 00:00:00,RAINFALL,0,0,0,0,0,0,0,0,0,0,0,0,0,0,0,0,0,0,0,0,0,0,0,0,
鳳山,2023/11/02 00:00:00,RH,90,94,95,96,95,93,92,91,72,63,57,54,52,51,54,60,63,66,68,69,73,77,82,89,
鳳山,2023/11/02 00:00:00,SO2,1.9,1.6,1.3,1.5,1.3,1.3,1.3,1.7,2,2.1,2.8,2.6,2.1,1.8,1.8,1.6,1.6,1.4,1.7,1.8,1.8,1.7,1.9,1.7,
鳳山,2023/11/02 00:00:00,THC,2.5,2.49,2.55,2.56,2.42,2.31,2.26,2.33,2.24,2.19,2.23,2.3,2.26,2.22,2.21,2.23,2.26,2.3,2.26,2.22,2.22,2.22,2.22,2.23,
鳳山,2023/11/02 00:00:00,WD_HR,91,101,80,82,97,101,102,100,107,83,90,247,258,285,282,284,282,283,288,271,94,90,274,74,
鳳山,2023/11/02 00:00:00,WIND_DIREC,107,81,78,94,91,99,101,95,89,70,313,257,223,297,291,288,281,284,306,165,43,55,183,83,
鳳山,2023/11/02 00:00:00,WIND_SPEED,0.5,0.3,0.4,0.5,0.3,0.5,0.6,0.3,0.6,0.7,1.2,0.6,0.9,1.1,1.1,1.2,0.9,0.9,0.5,0.3,0.3,0.4,0.3,0.4,
鳳山,2023/11/02 00:00:00,WS_HR,0.4,0.4,0.3,0.3,0.3,0.4,0.4,0.4,0.6,0.4,0.4,0.1,0.5,0.8,0.9,1.1,0.7,0.6,0.4,0.3,0.1,0.2,0.2,0.2,
鳳山,2023/11/03 00:00:00,AMB_TEMP,25.5,25.3,24.9,24.5,24.4,24.2,24.4,24.8,26.9,28.6,30.1,31.2,31.8,31.6,31.4,30.6,29.7,29,28.6,28.3,28.1,27.6,27,26.5,
鳳山,2023/11/03 00:00:00,CH4,2.19,2.33,2.25,2.26,2.21,2.18,2.25,2.18,2.1,2.08,2.1,2.09,2.16,2.16,2.14,2.1,2.07,2.07,2.08,2.1,2.11,2.13,2.17,2.19,
鳳山,2023/11/03 00:00:00,CO,0.28,0.3,0.25,0.24,0.26,0.26,0.43,0.53,0.5,0.45,0.5,0.5,0.67,0.56,0.53,0.57,0.85,0.99,0.73,0.54,0.64,0.58,0.48,0.41,
鳳山,2023/11/03 00:00:00,NMHC,0.08,0.12,0.09,0.06,0.06,0.05,0.12,0.14,0.11,0.09,0.17,0.14,0.18,0.14,0.15,0.16,0.23,0.29,0.22,0.19,0.21,0.21,0.19,0.19,
鳳山,2023/11/03 00:00:00,NO,0.4,0.3,0.6,0.6,0.4,0.6,1.1,3.9,3.7,2.6,3.5,2.1,1.5,1.4,1.4,1.7,2.3,3.2,1.9,1.2,3,2.2,1.7,0.8,
鳳山,2023/11/03 00:00:00,NO2,8.9,9.8,8,7.5,6.5,6.2,11.5,14.7,12.6,11,19.2,14.3,19,15.3,14.8,17,22.8,30.3,24.3,19.6,19.9,20.1,20.4,16.7,
鳳山,2023/11/03 00:00:00,NOx,9.4,10.2,8.6,8.2,7,6.9,12.7,18.7,16.3,13.6,22.7,16.4,20.5,16.8,16.3,18.8,25.2,33.5,26.2,20.8,22.9,22.3,22.1,17.5,
鳳山,2023/11/03 00:00:00,O3,30.8,24.4,24.1,20.9,21.9,18.2,14.8,13.2,26.6,47.5,57.5,73.9,92.1,85.9,77.5,66.7,53.9,37.5,35.4,34.9,28,24.8,21.7,19.9,
鳳山,2023/11/03 00:00:00,PM10,38,33,37,34,32,31,34,42,38,42,54,49,74,65,64,55,50,47,42,49,42,39,40,39,
鳳山,2023/11/03 00:00:00,PM2.5,21,18,20,13,19,18,19,23,25,21,27,29,37,37,35,34,27,14,22,27,24,26,17,21,
鳳山,2023/11/03 00:00:00,RAINFALL,0,0,0,0,0,0,0,0,0,0,0,0,0,0,0,0,0,0,0,0,0,0,0,0,
鳳山,2023/11/03 00:00:00,RH,90,91,92,92,90,89,89,87,69,62,56,49,53,56,56,60,65,70,71,66,66,67,70,74,
鳳山,2023/11/03 00:00:00,SO2,1.8,1.2,1.4,1,1.2,1,1,1.1,1.5,3.3,3.4,2.4,2.4,2.3,2,2,1.8,1.6,1.6,1.9,1.8,2.4,2.6,2,
鳳山,2023/11/03 00:00:00,THC,2.28,2.46,2.35,2.33,2.27,2.24,2.38,2.33,2.22,2.18,2.28,2.24,2.35,2.31,2.3,2.27,2.31,2.37,2.31,2.3,2.33,2.35,2.37,2.39,
鳳山,2023/11/03 00:00:00,WD_HR,79,77,98,105,97,83,90,106,100,102,267,268,272,281,280,288,290,268,114,287,280,308,302,81,
鳳山,2023/11/03 00:00:00,WIND_DIREC,79,58,112,105,102,322,99,103,278,281,285,246,249,284,281,295,280,256,97,274,279,62,66,111,
鳳山,2023/11/03 00:00:00,WIND_SPEED,0.3,0.3,0.5,0.7,0.4,0.3,0.5,0.7,0.8,1.2,0.9,1.1,1.7,1.4,1.4,1.2,0.8,0.4,0.4,0.4,0.7,0.3,0.3,0.3,
鳳山,2023/11/03 00:00:00,WS_HR,0.3,0.3,0.4,0.6,0.5,0.2,0.4,0.6,0.3,0.4,0.5,0.5,0.9,1.2,1,1.1,0.7,0.4,0,0.1,0.3,0.1,0,0.2,
鳳山,2023/11/04 00:00:00,AMB_TEMP,25.8,25.5,25.2,24.9,24.9,24.7,24.7,25.4,27.6,28.8,30.2,31,31.5,32,31.5,31.3,29.9,29,28.4,28.2,28,27.6,26.9,26.3,
鳳山,2023/11/04 00:00:00,CH4,2.34,2.51,2.34,2.3,2.25,2.21,2.14,2.16,2.12,2.1,2.11,2.1,2.12,2.14,2.13,2.08,2.06,2.05,2.06,2.1,2.11,2.12,2.14,2.24,
鳳山,2023/11/04 00:00:00,CO,0.37,0.39,0.36,0.34,0.33,0.29,0.33,0.47,0.57,0.4,0.54,0.49,0.54,0.54,0.51,0.49,0.59,0.79,0.61,0.46,0.48,0.49,0.41,0.37,
鳳山,2023/11/04 00:00:00,NMHC,0.12,0.14,0.08,0.07,0.08,0.07,0.08,0.13,0.13,0.08,0.14,0.13,0.11,0.12,0.11,0.14,0.14,0.19,0.14,0.12,0.16,0.17,0.13,0.16,
鳳山,2023/11/04 00:00:00,NO,0.7,0,0,0,0.1,0,0.3,1.3,3.3,1,1.6,0.9,0.5,0.7,1,1.4,1.5,2.3,2.1,0.2,0.2,0.7,0.7,0.3,
鳳山,2023/11/04 00:00:00,NO2,12.1,11.4,9,8,7.5,7.2,7.5,13.7,17.1,7.6,14.9,13.7,13,14.8,13.5,13.2,14.6,20.7,21.9,16.1,19,17.6,15.7,13.4,
鳳山,2023/11/04 00:00:00,NOx,12.8,11.2,9.1,8,7.7,7.2,7.8,15.1,20.4,8.7,16.5,14.6,13.6,15.6,14.5,14.7,16.2,23.1,24.1,16.3,19.2,18.4,16.5,13.8,
鳳山,2023/11/04 00:00:00,O3,27,28,31.3,28.7,28.4,25.1,18.5,22.7,39.4,59.4,69.5,89,93.7,94.2,80.5,58.9,52.3,44.1,42.1,40.6,31.7,26.9,28,24.7,
鳳山,2023/11/04 00:00:00,PM10,49,53,57,44,39,32,30,49,50,54,54,54,63,50,46,36,25,37,33,36,36,35,34,37,
鳳山,2023/11/04 00:00:00,PM2.5,32,36,39,36,33,30,23,32,35,30,30,33,36,31,24,16,14,16,18,21,19,19,22,23,
鳳山,2023/11/04 00:00:00,RAINFALL,0,0,0,0,0,0,0,0,0,0,0,0,0,0,0,0,0,0,0,0,0,0,0,0,
鳳山,2023/11/04 00:00:00,RH,87,92,92,90,89,81,73,75,68,63,56,51,50,49,49,44,50,56,63,64,62,63,68,71,
鳳山,2023/11/04 00:00:00,SO2,1.8,1.5,1.5,1.7,1.4,1.2,1,1.5,2.1,2.3,2.5,2.9,2.8,2.8,2.4,1.9,1.9,1.8,1.5,1.6,2,2.3,2.6,1.8,
鳳山,2023/11/04 00:00:00,THC,2.47,2.66,2.43,2.38,2.34,2.29,2.23,2.3,2.26,2.19,2.25,2.24,2.24,2.26,2.24,2.23,2.21,2.25,2.21,2.23,2.28,2.3,2.28,2.41,
鳳山,2023/11/04 00:00:00,WD_HR,95,90,95,98,91,100,94,95,296,116,266,264,292,280,278,280,276,277,228,65,76,290,324,89,
鳳山,2023/11/04 00:00:00,WIND_DIREC,93,82,104,79,97,99,84,77,296,295,269,279,275,287,282,284,270,276,105,74,82,274,85,94,
鳳山,2023/11/04 00:00:00,WIND_SPEED,0.3,0.5,0.3,0.3,0.4,0.3,0.4,0.4,1.1,1,1.1,1,1.1,1.4,1.2,1.4,1.5,1,0.5,0.3,0.3,0.7,0.4,0.4,
鳳山,2023/11/04 00:00:00,WS_HR,0.3,0.4,0.4,0.4,0.4,0.5,0.5,0.3,0.3,0.3,0.4,0.4,0.3,0.8,1,1,1.1,0.8,0.1,0.3,0.2,0.2,0,0.3,
鳳山,2023/11/05 00:00:00,AMB_TEMP,25.9,25.4,25.1,25.1,25,24.8,24.7,25.5,27.8,29.5,30.7,32,32.1,31.8,31.4,31,30.3,29.2,28.7,28.7,28.3,27.9,27.3,26.9,
鳳山,2023/11/05 00:00:00,CH4,2.53,2.44,2.25,2.22,2.39,2.33,2.22,2.17,2.1,2.09,2.08,2.11,2.14,2.13,2.11,2.09,2.09,2.1,2.1,2.12,2.09,2.13,2.16,2.16,
鳳山,2023/11/05 00:00:00,CO,0.41,0.41,0.35,0.31,0.34,0.33,0.33,0.43,0.39,0.45,0.52,0.57,0.59,0.6,0.57,0.52,0.64,0.77,0.7,0.66,0.47,0.47,0.36,0.36,
鳳山,2023/11/05 00:00:00,NMHC,0.15,0.12,0.07,0.08,0.08,0.09,0.07,0.13,0.13,0.1,0.1,0.15,0.13,0.11,0.09,0.08,0.14,0.16,0.16,0.17,0.11,0.2,0.24,0.1,
鳳山,2023/11/05 00:00:00,NO,0.1,0.8,0.6,0.9,0.8,0.7,0.9,1.6,2,2.1,2.3,1.6,1.4,1.2,1.2,1.3,1.5,1.3,1.5,1.7,1.2,1.4,0.9,1,
鳳山,2023/11/05 00:00:00,NO2,14,10.6,8.4,7.5,7.7,8,8.1,8.5,9,11.5,14.7,13.5,15.6,16,15.2,12.6,14.6,16.2,22.5,20.6,14.6,16.9,13.4,11.4,
鳳山,2023/11/05 00:00:00,NOx,14.1,11.4,9.1,8.5,8.6,8.7,9.1,10.1,11,13.6,17.1,15.2,17,17.2,16.4,14,16.1,17.5,24,22.3,15.8,18.4,14.3,12.5,
鳳山,2023/11/05 00:00:00,O3,22.6,27.6,26.5,25.6,21.1,19.9,19.4,24.1,34.7,50.7,66.8,88.2,102.9,106,97.5,81.3,65.3,69.2,50.9,43.6,44.7,33.6,33.2,35.9,
鳳山,2023/11/05 00:00:00,PM10,54,54,43,37,39,36,32,41,33,37,38,46,54,55,48,46,41,44,36,36,27,25,36,35,
鳳山,2023/11/05 00:00:00,PM2.5,28,37,33,31,27,29,21,21,28,19,27,26,32,41,37,26,17,29,26,22,17,11,24,22,
鳳山,2023/11/05 00:00:00,RAINFALL,0,0,0,0,0,0,0,0,0,0,0,0,0,0,0,0,0,0,0,0,0,0,0,0,
鳳山,2023/11/05 00:00:00,RH,77,89,90,89,89,89,85,77,67,59,51,49,51,51,51,52,54,61,63,63,63,64,65,63,
鳳山,2023/11/05 00:00:00,SO2,1.8,1.4,1.2,1.2,1.2,1.2,1.1,1.5,2.9,3.3,4.6,3.5,3.7,5.7,4.7,3.4,2.2,2.2,2.2,1.8,1.5,1.7,2,1.9,
鳳山,2023/11/05 00:00:00,THC,2.69,2.57,2.33,2.31,2.48,2.43,2.3,2.31,2.24,2.19,2.19,2.27,2.28,2.25,2.21,2.18,2.24,2.27,2.27,2.3,2.21,2.33,2.4,2.27,
鳳山,2023/11/05 00:00:00,WD_HR,96,98,96,94,46,100,100,99,109,117,322,256,254,219,253,273,276,292,291,303,328,304,95,102,
鳳山,2023/11/05 00:00:00,WIND_DIREC,110,103,102,83,111,93,91,88,228,113,44,229,242,191,260,257,301,308,341,256,284,94,89,100,
鳳山,2023/11/05 00:00:00,WIND_SPEED,0.6,0.5,0.6,0.3,0.3,0.4,0.6,0.5,0.9,0.8,0.6,1.2,1.1,1,1.2,1.1,0.8,0.6,0.3,0.4,0.8,0.4,0.5,0.4,
鳳山,2023/11/05 00:00:00,WS_HR,0.4,0.5,0.5,0.4,0.1,0.4,0.6,0.6,0.3,0.1,0.2,0.3,0.6,0.5,0.7,0.9,0.8,0.6,0.6,0.3,0.1,0.1,0.4,0.4,
鳳山,2023/11/06 00:00:00,AMB_TEMP,26.6,26.3,26.2,26.4,25.8,25.6,25.7,26.3,28.3,30,31.7,32.5,33,32.8,32.3,31.4,30.6,30,29.6,29.4,29.3,28.7,28.3,27.9,
鳳山,2023/11/06 00:00:00,CH4,2.22,2.31,2.2,2.2,2.21,2.21,2.31,2.4,2.25,2.14,2.07,2.06,2.16,2.16,2.09,2.07,2.05,2.05,2.06,2.09,2.12,2.12,2.18,2.18,
鳳山,2023/11/06 00:00:00,CO,0.41,0.39,0.31,0.29,0.29,0.32,0.49,0.7,0.64,0.47,0.44,0.43,0.57,0.49,0.45,0.52,0.68,0.89,0.88,0.83,0.7,0.43,0.46,0.42,
鳳山,2023/11/06 00:00:00,NMHC,0.12,0.16,0.1,0.11,0.06,0.07,0.18,0.3,0.21,0.13,0.14,0.1,0.16,0.1,0.11,0.15,0.2,0.26,0.26,0.28,0.26,0.15,0.18,0.17,
鳳山,2023/11/06 00:00:00,NO,0.9,0.8,0.9,0.7,0.7,0.8,1.1,3.3,4,2.8,2.7,2.2,1.9,1.7,2.6,2.9,4.5,5.6,3.8,2.8,1.5,0.7,0.8,0.7,
鳳山,2023/11/06 00:00:00,NO2,11.3,12.9,8.9,8.1,7.6,6.8,14.8,22.6,20.2,16.4,12.9,10.6,18.9,14.6,14.5,14.8,19.8,23.7,24.9,22.9,19.7,14.8,13.2,13.7,
鳳山,2023/11/06 00:00:00,NOx,12.3,13.7,9.8,8.8,8.3,7.6,15.9,26,24.3,19.3,15.7,12.8,20.8,16.4,17.1,17.8,24.4,29.3,28.7,25.8,21.2,15.5,14,14.5,
鳳山,2023/11/06 00:00:00,O3,32.5,27.6,36.2,41,41.6,39.3,28,20.8,40,45.3,56,63.5,82.6,76.1,49.1,38.4,30.4,21.8,25.2,29.2,32.4,38.7,35.6,32,
鳳山,2023/11/06 00:00:00,PM10,33,33,30,37,32,33,37,51,50,39,36,31,49,42,30,33,28,33,39,42,42,39,46,47,
鳳山,2023/11/06 00:00:00,PM2.5,24,23,22,20,23,28,26,33,31,21,12,14,28,24,14,11,13,10,17,23,25,22,26,25,
鳳山,2023/11/06 00:00:00,RAINFALL,0,0,0,0,0,0,0,0,0,0,0,0,0,0,0,0,0,0,0,0,0,0,0,0,
鳳山,2023/11/06 00:00:00,RH,67,69,66,64,71,70,71,71,62,51,44,41,43,44,48,53,56,59,60,61,59,63,66,69,
鳳山,2023/11/06 00:00:00,SO2,2.1,1.7,1.5,2,1.7,1.6,1.6,1.7,3,1.8,2.1,1.9,2.3,2.5,1.6,1.7,1.5,1.2,1.3,1.3,1.9,1.7,1.7,1.7,
鳳山,2023/11/06 00:00:00,THC,2.35,2.48,2.31,2.32,2.28,2.28,2.5,2.71,2.47,2.28,2.22,2.17,2.33,2.27,2.21,2.23,2.26,2.32,2.33,2.38,2.39,2.28,2.36,2.36,
鳳山,2023/11/06 00:00:00,WD_HR,96,81,328,283,42,262,42,102,122,135,267,264,272,282,280,279,262,273,280,275,57,88,95,70,
鳳山,2023/11/06 00:00:00,WIND_DIREC,90,273,3,273,108,245,84,119,128,268,292,292,290,283,257,271,262,249,280,347,70,84,63,67,
鳳山,2023/11/06 00:00:00,WIND_SPEED,0.4,0.3,0.4,0.4,0.3,0.3,0.3,0.7,0.9,1,1,1.1,1.4,1.3,1.1,1.1,0.8,0.6,0.4,0.3,0.3,0.4,0.3,0.3,
鳳山,2023/11/06 00:00:00,WS_HR,0.4,0.2,0.1,0.2,0.1,0.1,0.2,0.5,0.4,0.3,0.3,0.4,0.7,0.7,1,0.9,0.8,0.5,0.3,0.3,0,0.4,0.4,0.2,
鳳山,2023/11/07 00:00:00,AMB_TEMP,27.3,26.6,26.3,26.2,26,25.7,25.6,26.4,27.7,28.5,29.2,30.2,30.5,29.7,29.3,29.3,28.7,28.3,27.9,28,28,27.5,26.5,26.1,
鳳山,2023/11/07 00:00:00,CH4,2.32,2.47,2.61,2.51,2.56,2.46,2.43,2.39,2.29,2.32,2.26,#,#,2.16,2.22,2.21,2.2,2.23,2.2,2.15,2.16,2.24,2.28,2.3,
鳳山,2023/11/07 00:00:00,CO,0.4,0.34,0.35,0.3,0.33,0.36,0.45,0.58,0.68,0.92,0.7,#,0.68,0.57,0.73,0.74,0.65,0.78,0.75,0.66,0.64,0.81,0.66,0.58,
鳳山,2023/11/07 00:00:00,NMHC,0.19,0.13,0.1,0.08,0.11,0.1,0.12,0.15,0.18,0.33,0.28,#,#,0.13,0.24,0.27,0.18,0.28,0.25,0.27,0.17,0.32,0.35,0.32,
鳳山,2023/11/07 00:00:00,NO,0.6,0.6,0.7,0.4,0.5,0.7,1,2.4,3.6,5.5,4.7,#,1.3,2.2,2,1.6,0.7,0.6,1,1,1.1,1.6,1.7,1.2,
鳳山,2023/11/07 00:00:00,NO2,14.5,11.1,10.4,8.1,9.1,9.5,11.7,14.1,18.5,30.3,29.2,#,20.9,25.3,23,20,19,26.8,29,24.8,28.6,29.6,26.2,25.2,
鳳山,2023/11/07 00:00:00,NOx,15.2,11.8,11.1,8.6,9.6,10.2,12.8,16.5,22.2,35.8,34,#,22.2,27.5,25.1,21.6,19.7,27.5,30.1,25.9,29.7,31.2,27.9,26.4,
鳳山,2023/11/07 00:00:00,O3,26.4,28.7,28.8,28.6,22.4,17.8,13.2,16.6,25.2,20.5,#,#,67.1,50.3,60.6,66.7,69.8,50.2,41.9,49.2,42.8,30.8,24.1,20.8,
鳳山,2023/11/07 00:00:00,PM10,53,45,49,43,42,42,41,41,51,67,74,#,69,58,70,69,75,86,82,79,82,86,95,88,
鳳山,2023/11/07 00:00:00,PM2.5,31,32,29,26,31,21,24,28,30,46,#,59,45,31,39,34,37,41,41,28,31,27,32,33,
鳳山,2023/11/07 00:00:00,RAINFALL,0,0,0,0,0,0,0,0,0,0,0,#,0,0,0,0,0,0,0,0,0,0,0,0,
鳳山,2023/11/07 00:00:00,RH,76,90,91,91,91,92,91,89,80,74,70,63,60,62,67,66,68,72,72,72,73,68,67,70,
鳳山,2023/11/07 00:00:00,SO2,1.8,1.2,0.8,1.5,0.9,0.6,0.5,10.5,10.3,5.4,2.9,#,1.3,1.5,1.3,1.3,1.4,2.2,2.4,2.4,2.3,2.4,2.9,2.9,
鳳山,2023/11/07 00:00:00,THC,2.52,2.61,2.71,2.6,2.68,2.57,2.55,2.55,2.48,2.66,2.55,#,#,2.3,2.47,2.49,2.39,2.52,2.46,2.43,2.33,2.57,2.64,2.62,
鳳山,2023/11/07 00:00:00,WD_HR,95,100,96,70,97,96,78,102,103,301,102,112,276,263,260,274,72,95,95,358,322,298,286,278,
鳳山,2023/11/07 00:00:00,WIND_DIREC,98,101,96,28,100,95,38,97,161,294,115,286,251,252,308,287,69,115,102,354,316,281,282,15,
鳳山,2023/11/07 00:00:00,WIND_SPEED,0.6,0.5,0.5,0.3,0.6,0.5,0.3,0.3,0.6,0.7,0.9,0.7,1.1,0.9,0.7,0.5,0.5,1.1,0.6,0.3,0.5,0.6,0.6,0.3,
鳳山,2023/11/07 00:00:00,WS_HR,0.4,0.6,0.4,0.3,0.5,0.4,0.4,0.3,0.4,0.3,0.1,0.1,0.5,0.7,0.6,0.5,0.1,0.6,0.6,0.1,0.3,0.6,0.4,0.2,
鳳山,2023/11/08 00:00:00,AMB_TEMP,25.6,25.7,25.9,26.2,26.3,25.9,25.8,26.3,28.1,28.9,29.3,29.6,29.8,30.7,30.3,29.8,29.1,28.6,28.5,28.2,28,27.7,27.7,27.2,
鳳山,2023/11/08 00:00:00,CH4,2.31,2.48,2.53,2.49,2.55,2.63,2.62,2.66,2.35,2.13,2.16,2.18,2.14,2.15,2.15,2.13,2.12,2.13,2.12,2.1,2.12,2.13,2.14,2.19,
鳳山,2023/11/08 00:00:00,CO,0.5,0.48,0.47,0.45,0.52,0.47,0.55,0.73,0.76,0.62,0.71,0.65,0.53,0.57,0.62,0.72,0.79,0.98,0.89,0.62,0.69,0.57,0.54,0.51,
鳳山,2023/11/08 00:00:00,NMHC,0.19,0.15,0.18,0.18,0.2,0.15,0.15,0.19,0.23,0.3,0.73,0.34,0.18,0.18,0.2,0.25,0.28,0.3,0.22,0.14,0.19,0.15,0.16,0.22,
鳳山,2023/11/08 00:00:00,NO,0.6,0.7,0.6,0.4,0.4,0.5,0.8,2.6,5.9,2.8,2,2.1,1.4,1.5,1.6,1.6,1.7,2,2,1,0.8,0.7,0.6,0.7,
鳳山,2023/11/08 00:00:00,NO2,19,11,11.4,11.4,13.4,12.1,12.5,16.1,25.8,15,16,19.2,14,14.4,15,15.1,18,25,20.9,13.8,19.5,15.9,18.6,16.7,
鳳山,2023/11/08 00:00:00,NOx,19.6,11.7,12.1,11.9,13.9,12.7,13.4,18.8,31.8,17.8,18.1,21.4,15.4,16,16.6,16.8,19.8,27.1,22.9,14.9,20.3,16.7,19.2,17.5,
鳳山,2023/11/08 00:00:00,O3,24.7,23.7,25.5,27.6,21.5,20.5,13.5,16.8,26,46.3,53.3,60.8,70.3,75.3,75.3,65,57.2,49.3,46.9,50.8,41,42,40.3,35.5,
鳳山,2023/11/08 00:00:00,PM10,82,75,75,78,81,74,69,73,76,74,67,75,59,60,62,54,53,52,39,32,36,40,38,45,
鳳山,2023/11/08 00:00:00,PM2.5,29,37,42,34,35,37,33,37,34,23,26,33,23,26,24,20,17,18,13,20,13,16,18,19,
鳳山,2023/11/08 00:00:00,RAINFALL,0,0,0,0,0,0,0,0,0,0,0,0,0,0,0,0,0,0,0,0,0,0,0,0,
鳳山,2023/11/08 00:00:00,RH,79,92,93,91,91,93,95,92,75,66,64,63,60,57,59,60,62,64,63,64,69,70,68,74,
鳳山,2023/11/08 00:00:00,SO2,1.9,1.1,12.7,11.8,4.7,2.4,1.5,1.7,2.3,2.4,2.8,2.5,2.2,1.9,1.9,1.5,1.3,1.4,1.4,1.2,1.2,1.3,1.5,1.5,
鳳山,2023/11/08 00:00:00,THC,2.51,2.64,2.72,2.68,2.76,2.79,2.78,2.86,2.59,2.44,2.9,2.53,2.33,2.34,2.35,2.38,2.4,2.43,2.34,2.24,2.31,2.28,2.3,2.41,
鳳山,2023/11/08 00:00:00,WD_HR,80,81,93,85,90,95,82,91,274,257,285,278,312,273,273,282,280,286,260,256,301,354,289,29,
鳳山,2023/11/08 00:00:00,WIND_DIREC,91,61,60,69,94,65,56,79,297,267,312,236,290,289,261,283,280,285,255,287,312,281,310,13,
鳳山,2023/11/08 00:00:00,WIND_SPEED,0.3,0.3,0.3,0.3,0.7,0.3,0.3,0.5,1,1.2,1.2,0.9,1.1,0.8,1.2,1.2,0.8,0.9,0.4,0.4,0.3,0.3,0.3,0.3,
鳳山,2023/11/08 00:00:00,WS_HR,0.2,0.3,0.2,0.3,0.4,0.3,0.3,0.2,0.1,0.5,0.8,0.7,0.1,0.6,0.9,0.9,0.7,0.7,0.4,0.2,0.3,0.1,0.4,0.2,
鳳山,2023/11/09 00:00:00,AMB_TEMP,26.7,26.1,25.9,25.8,25.6,25.6,25.7,25.8,27.6,29.4,30.2,30.9,30.9,31.5,31.6,30.7,29.8,28.8,28.3,28.1,27.5,27.3,27,26.5,
鳳山,2023/11/09 00:00:00,CH4,2.24,2.32,2.71,2.75,2.61,2.36,2.27,2.26,2.22,2.18,2.2,2.25,2.19,2.13,2.13,2.11,2.11,2.1,2.11,2.14,2.15,2.16,2.18,2.21,
鳳山,2023/11/09 00:00:00,CO,0.46,0.47,0.46,0.47,0.47,0.44,0.5,0.68,0.76,0.73,0.75,0.84,0.61,0.45,0.58,0.64,0.81,1.01,0.86,0.75,0.52,0.46,0.51,0.41,
鳳山,2023/11/09 00:00:00,NMHC,0.22,0.26,0.15,0.17,0.14,0.12,0.13,0.16,0.18,0.17,0.21,0.31,0.16,0.09,0.15,0.16,0.22,0.27,0.21,0.24,0.18,0.16,0.14,0.15,
鳳山,2023/11/09 00:00:00,NO,0.5,0.4,0.5,0.4,0.6,0.5,0.4,1.3,2.6,2.4,1.7,2.5,1.4,1.5,2.7,2.2,2.5,4.5,2.6,1.5,1.1,1,0.9,0.7,
鳳山,2023/11/09 00:00:00,NO2,14.7,15.8,12.3,10.8,10.3,8.7,9.8,14,16.7,17.8,21.1,26.4,17.8,10.6,16,17.4,22.9,27.9,23.2,22.5,16.3,13.5,13.8,12.1,
鳳山,2023/11/09 00:00:00,NOx,15.2,16.2,12.8,11.2,10.9,9.3,10.2,15.4,19.3,20.3,22.8,28.9,19.3,12.2,18.7,19.6,25.5,32.5,25.8,24.1,17.5,14.6,14.8,12.8,
鳳山,2023/11/09 00:00:00,O3,34.9,23.2,26,26.5,27.5,32.4,30.5,28.2,35.5,56.7,76.9,83.1,83.8,67.2,66.7,57.7,47.6,40.7,41.6,39.3,37.4,37.4,36.1,31.5,
鳳山,2023/11/09 00:00:00,PM10,48,52,61,68,63,65,55,70,72,60,68,74,59,47,55,46,49,56,40,52,50,42,55,57,
鳳山,2023/11/09 00:00:00,PM2.5,18,25,32,31,33,31,28,31,32,26,33,36,30,16,24,20,22,20,22,23,20,17,18,21,
鳳山,2023/11/09 00:00:00,RAINFALL,0,0,0,0,0,0,0,0,0,0,0,0,0,0,0,0,0,0,0,0,0,0,0,0,
鳳山,2023/11/09 00:00:00,RH,78,85,91,93,93,93,92,92,80,66,59,56,53,51,52,56,59,65,66,71,73,73,80,88,
鳳山,2023/11/09 00:00:00,SO2,1.5,1.2,0.9,0.7,0.7,0.9,0.8,0.9,1.9,3.3,2.4,1.9,1.8,1.2,1.1,0.9,0.9,0.8,0.8,1.2,1,1.3,1.1,0.7,
鳳山,2023/11/09 00:00:00,THC,2.46,2.58,2.86,2.92,2.75,2.48,2.4,2.42,2.4,2.35,2.41,2.56,2.35,2.22,2.28,2.27,2.33,2.37,2.32,2.38,2.33,2.32,2.32,2.36,
鳳山,2023/11/09 00:00:00,WD_HR,27,81,88,80,99,102,92,111,103,120,267,273,269,289,285,276,283,278,280,286,118,351,288,62,
鳳山,2023/11/09 00:00:00,WIND_DIREC,51,91,78,92,110,105,85,123,105,185,4,285,297,306,299,263,277,287,307,29,260,281,318,115,
鳳山,2023/11/09 00:00:00,WIND_SPEED,0.3,0.4,0.3,0.6,0.5,0.5,0.4,0.5,0.7,0.8,0.6,0.9,1,1.4,0.9,1,0.8,0.8,0.4,0.3,0.7,0.5,0.3,0.4,
鳳山,2023/11/09 00:00:00,WS_HR,0.2,0.3,0.3,0.3,0.5,0.4,0.4,0.6,0.5,0.4,0,0.6,0.3,0.9,0.9,0.9,0.6,0.7,0.5,0.1,0.1,0,0.3,0.1,
鳳山,2023/11/10 00:00:00,AMB_TEMP,26.1,25.8,25.5,25.2,25.3,24.9,25.2,26.4,28.9,30.9,32.5,33.3,33.8,34,33.7,33,32.1,31,30.4,30,29.3,28.7,28.4,27.9,
鳳山,2023/11/10 00:00:00,CH4,2.25,2.27,2.31,2.3,2.24,2.24,2.19,2.23,2.18,2.16,2.08,2.04,2.13,2.2,2.19,2.13,2.11,2.11,2.12,2.1,2.1,2.16,2.2,2.2,
鳳山,2023/11/10 00:00:00,CO,0.35,0.33,0.36,0.36,0.37,0.39,0.42,0.8,0.71,0.57,0.45,0.46,0.52,0.64,0.62,0.65,0.92,1.11,0.76,0.65,0.51,0.68,0.61,0.44,
鳳山,2023/11/10 00:00:00,NMHC,0.13,0.14,0.1,0.09,0.1,0.09,0.09,0.22,0.23,0.18,0.13,0.13,0.16,0.19,0.18,0.2,0.3,0.39,0.27,0.18,0.14,0.23,0.24,0.2,
鳳山,2023/11/10 00:00:00,NO,0.5,0.6,0.6,0.5,0.5,0.6,0.6,3,4.7,4.5,3.4,2.4,1.9,1.5,2.7,2,2.9,4.8,1.8,4.2,2,2.5,2,0.9,
鳳山,2023/11/10 00:00:00,NO2,10.7,9.5,7.1,6.7,6.8,6.5,7.7,16.7,21.8,20.7,15,11.7,16,16.7,22.6,17.3,24.1,32.3,25.3,18.6,13,21.1,21.4,16.1,
鳳山,2023/11/10 00:00:00,NOx,11.2,10.1,7.8,7.2,7.3,7.2,8.4,19.7,26.5,25.3,18.4,14.2,18,18.3,25.3,19.4,27,37.2,27.2,22.8,15,23.6,23.4,17,
鳳山,2023/11/10 00:00:00,O3,33.1,28.9,32.4,23.8,28.2,23.2,22.5,18.4,30.3,42.2,46.1,47.4,73.7,85.8,69.9,60.4,44.9,26.4,26.3,19.3,23,15.1,14.6,15,
鳳山,2023/11/10 00:00:00,PM10,57,49,61,54,56,53,43,51,65,55,41,32,44,58,60,47,42,50,51,39,36,38,46,41,
鳳山,2023/11/10 00:00:00,PM2.5,25,24,25,27,31,30,24,26,33,22,17,8,19,27,27,19,19,18,20,12,9,18,15,14,
鳳山,2023/11/10 00:00:00,RAINFALL,0,0,0,0,0,0,0,0,0,0,0,0,0,0,0,0,0,0,0,0,0,0,0,0,
鳳山,2023/11/10 00:00:00,RH,90,91,92,93,93,93,90,78,67,55,45,41,44,46,47,48,52,61,60,55,59,64,67,72,
鳳山,2023/11/10 00:00:00,SO2,1.1,1.1,1,0.9,1.1,0.8,0.7,1.5,2.4,2.1,1.6,0.8,1.2,1.6,1.9,1.5,1.4,1.4,1.4,1.3,1.2,1.6,2.2,1.6,
鳳山,2023/11/10 00:00:00,THC,2.38,2.41,2.41,2.39,2.34,2.33,2.28,2.45,2.41,2.34,2.21,2.17,2.29,2.39,2.37,2.33,2.41,2.5,2.39,2.28,2.24,2.39,2.44,2.4,
鳳山,2023/11/10 00:00:00,WD_HR,102,96,98,95,98,108,92,103,94,85,297,257,277,277,294,290,280,262,100,275,262,268,321,84,
鳳山,2023/11/10 00:00:00,WIND_DIREC,73,105,107,82,116,113,112,122,319,278,288,260,294,269,337,298,303,242,313,113,68,248,315,287,
鳳山,2023/11/10 00:00:00,WIND_SPEED,0.3,0.6,0.5,0.3,0.6,0.4,0.4,0.4,0.5,1,1.3,1.1,1,1.2,0.8,1.1,0.7,0.4,0.4,0.3,0.3,0.3,0.5,0.3,
鳳山,2023/11/10 00:00:00,WS_HR,0.4,0.4,0.5,0.5,0.3,0.4,0.3,0.3,0.3,0,0.5,0.5,0.8,1,0.8,0.9,0.7,0.4,0.2,0.3,0.1,0.2,0.2,0.3,
鳳山,2023/11/11 00:00:00,AMB_TEMP,27.7,27.3,26.9,26.6,26.1,25.8,25.4,26.2,27.9,29.4,30.5,31.1,31,30.8,30.1,29.7,29.2,29.2,29,28.4,27.5,26.9,26.1,25.6,
鳳山,2023/11/11 00:00:00,CH4,2.25,2.41,2.42,2.36,2.36,2.33,2.25,2.24,2.19,2.18,2.13,2.12,2.11,2.08,2.07,2.06,2.05,2.09,2.1,2.13,2.14,2.16,2.18,2.22,
鳳山,2023/11/11 00:00:00,CO,0.43,0.41,0.41,0.4,0.43,0.51,0.49,0.57,0.65,0.8,0.58,0.52,0.46,0.4,0.4,0.45,0.52,0.74,0.64,0.52,0.47,0.5,0.44,0.43,
鳳山,2023/11/11 00:00:00,NMHC,0.17,0.13,0.14,0.13,0.27,0.26,0.18,0.18,0.17,0.27,0.21,0.14,0.12,0.09,0.09,0.11,0.14,0.2,0.2,0.14,0.15,0.2,0.18,0.19,
鳳山,2023/11/11 00:00:00,NO,1,0.7,0.9,0.7,1,2.6,2.3,3.8,5.4,4.2,3.5,2.3,2.3,2,1.7,1.5,1.4,1.9,2.2,2,1.7,2.3,1.8,1.9,
鳳山,2023/11/11 00:00:00,NO2,16.5,10.5,10.1,9.3,14.6,19,13.9,14.4,15.2,20.2,18,14.3,12.9,10.1,13.3,13,15.7,22.3,18.3,15.3,15.1,19,17.4,17.1,
鳳山,2023/11/11 00:00:00,NOx,17.5,11.2,11.1,10.1,15.6,21.7,16.2,18.2,20.6,24.4,21.5,16.6,15.3,12.1,15,14.6,17.1,24.3,20.5,17.4,16.9,21.4,19.2,19,
鳳山,2023/11/11 00:00:00,O3,14.9,24.8,25.4,24.2,12.5,5.9,8.1,10.4,20.2,33.8,41,54.8,56.8,55.8,52.7,51.4,49.5,46.6,35.9,36.2,31.6,22.1,20.1,16.1,
鳳山,2023/11/11 00:00:00,PM10,48,53,53,44,47,45,42,41,43,50,49,44,38,37,41,42,40,45,68,61,61,59,57,54,
鳳山,2023/11/11 00:00:00,PM2.5,22,28,31,24,23,21,15,19,28,32,22,18,16,13,16,16,16,17,16,20,15,11,14,13,
鳳山,2023/11/11 00:00:00,RAINFALL,0,0,0,0,0,0,0,0,0,0,0,0,0,0,0,0,0,0,0,0,0,0,0,0,
鳳山,2023/11/11 00:00:00,RH,74,88,91,91,93,93,93,90,78,71,66,61,60,59,63,64,65,67,67,66,70,73,78,86,
鳳山,2023/11/11 00:00:00,SO2,1.6,1.8,1.5,1.4,1.7,2.1,2,1.9,3.5,6.4,3.4,2.1,2,2.1,2,1.8,1.9,2.1,1.7,1.8,2,2.6,3.1,2.9,
鳳山,2023/11/11 00:00:00,THC,2.42,2.54,2.56,2.49,2.63,2.59,2.43,2.42,2.36,2.45,2.34,2.26,2.23,2.17,2.16,2.17,2.19,2.29,2.3,2.27,2.29,2.36,2.36,2.41,
鳳山,2023/11/11 00:00:00,WD_HR,82,71,86,86,307,298,73,89,94,275,233,264,251,253,260,273,263,258,286,273,294,281,279,280,
鳳山,2023/11/11 00:00:00,WIND_DIREC,81,90,84,67,308,291,84,66,192,272,263,158,242,249,276,271,256,273,303,289,315,275,278,265,
鳳山,2023/11/11 00:00:00,WIND_SPEED,0.3,0.3,0.4,0.3,0.4,0.8,0.4,0.6,0.6,0.6,1,1.1,1.2,1.3,1.2,1.2,0.9,0.8,0.5,0.9,0.5,0.8,0.9,0.8,
鳳山,2023/11/11 00:00:00,WS_HR,0.2,0.2,0.2,0.2,0.2,0.2,0.2,0.4,0.3,0.1,0.4,0.5,0.9,0.8,0.5,0.8,0.3,0.5,0.6,0.4,0.3,0.8,0.8,0.6,
鳳山,2023/11/12 00:00:00,AMB_TEMP,25.3,25.2,25,24.3,24.2,24.2,24.1,24.4,25.5,26.7,28.7,29.6,30.1,30.4,30.9,29.9,28.7,28.3,27.2,26.2,26,25.8,25.3,25.1,
鳳山,2023/11/12 00:00:00,CH4,2.22,2.22,2.22,2.2,2.25,2.26,2.24,2.24,2.25,2.21,2.17,2.14,2.11,2.09,2.08,2.08,2.09,2.12,2.12,2.12,2.13,2.15,2.15,2.17,
鳳山,2023/11/12 00:00:00,CO,0.43,0.44,0.4,0.36,0.36,0.39,0.44,0.54,0.61,0.55,0.52,0.57,0.49,0.47,0.44,0.52,0.56,0.75,0.59,0.54,0.48,0.45,0.4,0.37,
鳳山,2023/11/12 00:00:00,NMHC,0.2,0.21,0.24,0.17,0.19,0.23,0.22,0.23,0.83,0.66,0.23,0.2,0.26,0.25,0.14,0.14,0.14,0.22,0.18,0.13,0.16,0.14,0.13,0.14,
鳳山,2023/11/12 00:00:00,NO,1.6,0.7,0.3,0.2,0.7,1.2,2.2,5,7.2,5.5,2.7,1.7,1.4,0.9,0.8,1.1,1,2.4,1.5,1.9,1.9,0.9,1,0.5,
鳳山,2023/11/12 00:00:00,NO2,18.1,19,17.6,15.8,16.2,17.1,17.2,15.6,18.3,15.8,13.3,13.3,10.8,10,9.4,12,14.2,25,16.5,15.8,14.5,15,15.1,15,
鳳山,2023/11/12 00:00:00,NOx,19.8,19.7,17.9,16.1,16.9,18.3,19.5,20.6,25.5,21.3,16,15,12.3,11,10.3,13.1,15.2,27.4,18,17.7,16.4,16,16.2,15.6,
鳳山,2023/11/12 00:00:00,O3,10.4,8.5,8.2,9,6.3,3.6,5.2,6.9,11.4,20.6,43.6,52.3,59.5,64.8,57.7,49.5,44,32.2,34.4,30.6,26.9,24.6,22.2,19.8,
鳳山,2023/11/12 00:00:00,PM10,49,47,45,45,38,46,44,43,47,56,67,56,50,46,51,60,69,65,54,47,39,32,30,31,
鳳山,2023/11/12 00:00:00,PM2.5,14,14,16,12,16,20,15,15,19,27,33,30,22,22,12,14,18,15,15,13,9,11,10,10,
鳳山,2023/11/12 00:00:00,RAINFALL,0,0,0,0,0,0,0,0,0,0,0,0,0,0,0,0,0,0,0,0,0,0,0,0,
鳳山,2023/11/12 00:00:00,RH,89,90,90,92,92,92,92,91,86,75,68,62,58,56,55,58,62,62,63,64,62,61,61,62,
鳳山,2023/11/12 00:00:00,SO2,3.1,2.6,2.6,2.5,2.4,2.4,2.8,2.6,3.2,3.2,2.6,2.3,2.1,1.8,1.4,1.4,1.4,1.6,1.5,1.9,2,1.7,1.9,1.9,
鳳山,2023/11/12 00:00:00,THC,2.42,2.43,2.46,2.37,2.44,2.49,2.46,2.47,3.08,2.87,2.4,2.34,2.37,2.34,2.22,2.22,2.23,2.34,2.3,2.25,2.29,2.29,2.28,2.31,
鳳山,2023/11/12 00:00:00,WD_HR,282,282,285,276,276,278,279,288,282,278,276,283,280,279,281,278,256,277,279,281,280,276,279,261,
鳳山,2023/11/12 00:00:00,WIND_DIREC,284,271,282,271,48,284,283,290,284,10,291,278,283,265,288,296,257,282,279,284,318,267,274,282,
鳳山,2023/11/12 00:00:00,WIND_SPEED,0.7,0.6,1.1,0.7,0.3,1,1.4,0.8,1.2,0.9,1,1.3,1.2,1.1,1,1.1,0.9,0.9,1.7,1.4,0.8,1,0.7,0.8,
鳳山,2023/11/12 00:00:00,WS_HR,0.5,0.8,0.8,0.9,0.4,0.4,1,0.3,0.7,0.5,0.1,0.5,0.8,0.8,0.9,0.9,0.9,0.6,1.1,1.4,0.9,0.7,1,0.2,
鳳山,2023/11/13 00:00:00,AMB_TEMP,24.6,24.2,23.5,23.1,22.9,22.3,22.7,23.1,25,26.5,28,29.1,28.5,28.1,27.5,27.4,27.1,26.5,25.4,24.5,23.7,23,22.6,22.2,
鳳山,2023/11/13 00:00:00,CH4,2.18,2.18,2.17,2.24,2.26,2.2,2.21,2.21,2.23,2.19,2.2,2.18,2.14,2.1,2.12,2.1,2.12,2.17,2.18,2.18,2.16,2.15,2.17,2.17,
鳳山,2023/11/13 00:00:00,CO,0.34,0.3,0.3,0.33,0.32,0.31,0.5,0.9,0.99,0.72,0.7,0.79,0.71,0.58,0.64,0.6,0.8,1.03,0.99,0.81,0.6,0.58,0.59,0.54,
鳳山,2023/11/13 00:00:00,NMHC,0.14,0.13,0.09,0.17,0.19,0.11,0.18,0.23,0.31,0.28,0.28,0.24,0.19,0.3,0.2,0.19,0.27,0.36,0.33,0.27,0.2,0.19,0.21,0.16,
鳳山,2023/11/13 00:00:00,NO,0.4,1.3,1.3,1.3,1.5,1.5,4.6,11.1,13.5,10.5,9.4,5.4,3.3,2.1,2.6,2,3.1,4,3.9,4.1,3.1,3,2.4,1.4,
鳳山,2023/11/13 00:00:00,NO2,13.7,12.8,11.7,14.3,15.1,12.5,15.9,20.3,24.2,23.8,25.9,22,22.3,15.7,21.3,19.9,26.2,31.8,30,27.3,21.1,22.2,21.7,19.4,
鳳山,2023/11/13 00:00:00,NOx,14.2,14.2,13.1,15.6,16.7,14,20.5,31.5,37.7,34.4,35.3,27.4,25.7,17.9,23.9,21.9,29.4,35.8,33.9,31.4,24.2,25.3,24.1,20.8,
鳳山,2023/11/13 00:00:00,O3,18.5,17.6,16.7,10.8,9.3,14.4,10.6,8.6,14,23.6,29.4,46.3,58.3,57.6,52.8,52.6,46.2,38.4,32.6,23.7,24.8,18.9,15.7,17.3,
鳳山,2023/11/13 00:00:00,PM10,22,25,27,29,30,25,28,32,65,41,55,54,58,42,55,55,73,101,101,97,67,55,44,42,
鳳山,2023/11/13 00:00:00,PM2.5,11,11,11,9,11,8,9,10,11,20,17,24,19,13,16,17,19,26,28,20,17,20,16,18,
鳳山,2023/11/13 00:00:00,RAINFALL,0,0,0,0,0,0,0,0,0,0,0,0,0,0,0,0,0,0,0,0,0,0,0,0,
鳳山,2023/11/13 00:00:00,RH,64,67,71,74,75,79,78,76,67,62,56,52,54,55,56,56,58,56,54,55,56,56,57,58,
鳳山,2023/11/13 00:00:00,SO2,2,2.1,2.2,2.3,2.3,2,2,2.9,3.3,3.2,2.5,3.4,5,3.4,2.3,2.2,2.1,1.9,2.6,2.9,2.5,2.5,2.8,2.6,
鳳山,2023/11/13 00:00:00,THC,2.32,2.31,2.26,2.41,2.45,2.31,2.39,2.44,2.54,2.47,2.48,2.42,2.33,2.4,2.32,2.29,2.39,2.53,2.51,2.45,2.36,2.34,2.38,2.33,
鳳山,2023/11/13 00:00:00,WD_HR,316,279,289,271,281,282,281,278,284,287,283,276,265,257,269,291,276,283,275,272,272,278,276,274,
鳳山,2023/11/13 00:00:00,WIND_DIREC,359,256,13,283,282,293,281,276,286,284,312,264,222,243,307,331,299,246,272,266,281,273,280,276,
鳳山,2023/11/13 00:00:00,WIND_SPEED,0.6,0.8,0.6,0.8,1.1,0.9,1,0.8,1.4,1.1,1.1,1.1,1,1,0.9,0.6,0.7,0.8,1.1,1.4,1.1,0.8,1.3,1.5,
鳳山,2023/11/13 00:00:00,WS_HR,0.1,0.4,0.6,0.5,0.6,0.7,0.5,0.9,0.9,0.9,0.8,0.7,0.6,0.6,0.5,0.2,0.5,0.5,1.1,1,1.1,0.9,1,1,
鳳山,2023/11/14 00:00:00,AMB_TEMP,21.9,21.9,22,21.9,21.8,21.8,21.7,22,23.7,25.8,27.2,27.5,28,27.7,28.4,28.4,27.1,26.5,25.6,25,24.4,24.1,23.7,23.2,
鳳山,2023/11/14 00:00:00,CH4,2.17,2.16,2.2,2.2,2.27,2.25,2.25,2.29,2.26,2.24,2.2,2.15,2.14,2.12,2.12,2.12,2.11,2.12,2.12,2.14,2.17,2.2,2.2,2.22,
鳳山,2023/11/14 00:00:00,CO,0.52,0.35,0.34,0.41,0.44,0.39,0.65,0.92,0.92,1.19,1.03,0.66,0.53,0.44,0.52,0.62,0.78,1.07,0.8,0.61,0.63,0.68,0.88,0.65,
鳳山,2023/11/14 00:00:00,NMHC,0.16,0.12,0.27,0.19,0.23,0.19,0.27,0.36,0.33,0.31,0.28,0.19,0.16,0.14,0.17,0.21,0.23,0.34,0.27,0.25,0.31,0.34,0.32,0.22,
鳳山,2023/11/14 00:00:00,NO,1.6,0.5,0.5,0.5,0.6,1.1,5,16.8,14.7,10.9,6.4,3,2.2,1.1,1.4,1.9,4,4.5,2.8,2,2.3,3.2,3.9,2,
鳳山,2023/11/14 00:00:00,NO2,19.6,14.5,18.6,18.7,21.3,19.1,23.9,30.4,30.8,38.8,34.4,22.6,19,14.9,18.2,18.5,24.4,32.9,27.4,26,28,28.1,25.7,22.3,
鳳山,2023/11/14 00:00:00,NOx,21.2,15,19.2,19.3,22,20.3,28.9,47.3,45.5,49.8,40.8,25.7,21.2,16,19.7,20.4,28.4,37.5,30.3,28.1,30.3,31.4,29.6,24.3,
鳳山,2023/11/14 00:00:00,O3,16.2,18,13.8,13.4,9.3,10.3,5.4,4.8,14.1,26.7,48.4,56,61.4,67.4,61.1,56.9,47.6,34.7,27.8,25.6,18.9,14.1,13.6,14.2,
鳳山,2023/11/14 00:00:00,PM10,39,30,37,37,43,42,48,51,79,79,68,58,52,52,51,47,40,51,48,46,44,45,46,52,
鳳山,2023/11/14 00:00:00,PM2.5,13,13,11,17,21,16,11,23,18,30,27,19,22,22,13,10,12,11,16,12,14,15,21,22,
鳳山,2023/11/14 00:00:00,RAINFALL,0,0,0,0,0,0,0,0,0,0,0,0,0,0,0,0,0,0,0,0,0,0,0,0,
鳳山,2023/11/14 00:00:00,RH,59,59,59,60,61,63,63,62,58,53,49,49,47,49,48,49,54,55,56,59,63,66,67,70,
鳳山,2023/11/14 00:00:00,SO2,2.8,2.5,3.3,3.2,3.3,2.7,3.1,4.4,3.9,6.9,5.9,2.9,2.4,2,1.9,2.1,2.2,2.1,1.9,2.6,3.3,3,3.1,3.4,
鳳山,2023/11/14 00:00:00,THC,2.33,2.28,2.47,2.39,2.5,2.44,2.52,2.65,2.59,2.55,2.48,2.34,2.3,2.26,2.29,2.33,2.34,2.46,2.39,2.39,2.48,2.54,2.52,2.44,
鳳山,2023/11/14 00:00:00,WD_HR,279,286,280,280,261,54,274,254,271,302,296,242,254,102,293,285,284,269,282,292,287,283,279,279,
鳳山,2023/11/14 00:00:00,WIND_DIREC,288,282,280,77,19,94,256,242,286,316,242,280,135,251,292,290,282,258,61,63,104,288,294,293,
鳳山,2023/11/14 00:00:00,WIND_SPEED,1,1,0.6,0.6,0.5,0.4,0.8,0.5,0.8,0.7,1,1.2,0.7,0.6,0.8,1.3,1.1,0.8,0.5,0.6,0.3,0.6,1.1,0.6,
鳳山,2023/11/14 00:00:00,WS_HR,0.9,0.2,0.6,0.4,0.1,0.1,0.6,0.3,0.4,0.4,0.1,0.2,0.2,0.4,0.3,0.9,0.9,0.7,0.5,0.2,0.3,0.4,0.8,0.5,
鳳山,2023/11/15 00:00:00,AMB_TEMP,22.8,22.5,22.4,22.1,21.6,21.7,22.1,23.2,24.9,26.2,27.6,28.4,28.8,29.6,29.4,28.5,27.2,26.5,26.3,26.3,26.2,25.9,25.3,24.9,
鳳山,2023/11/15 00:00:00,CH4,2.24,2.26,2.3,2.32,2.32,2.28,2.27,2.3,2.29,2.2,2.12,2.09,2.08,2.08,2.08,2.08,2.1,2.09,2.08,2.08,2.07,2.08,2.16,2.16,
鳳山,2023/11/15 00:00:00,CO,0.43,0.42,0.42,0.43,0.48,0.47,0.61,0.98,1.12,0.63,0.61,0.55,0.49,0.41,0.51,0.58,0.78,0.91,0.78,0.7,0.52,0.52,0.44,0.4,
鳳山,2023/11/15 00:00:00,NMHC,0.29,0.24,0.32,0.34,0.32,0.24,0.22,0.47,0.41,0.28,0.19,0.14,0.13,0.09,0.14,0.15,0.21,0.25,0.21,0.18,0.12,0.13,0.18,0.16,
鳳山,2023/11/15 00:00:00,NO,1.3,1,1.8,2.2,2.6,3.4,2,17.8,13.4,5,3.2,1.9,2,1.7,1.8,2.2,2.2,1.8,2.2,1.7,1,1.1,0.5,0.3,
鳳山,2023/11/15 00:00:00,NO2,23,22.2,25.3,26.3,26.4,22.4,19.2,32.8,32.9,26.4,18.7,15.2,16.2,11.4,14.5,15,20.8,22.3,21.2,19.3,13.7,13.2,15,14.8,
鳳山,2023/11/15 00:00:00,NOx,24.3,23.3,27.1,28.5,29,25.9,21.3,50.6,46.4,31.4,21.9,17.1,18.2,13.1,16.4,17.3,23.1,24.2,23.5,21,14.8,14.3,15.6,15.2,
鳳山,2023/11/15 00:00:00,O3,8.3,7.2,2.3,1.3,1.2,6.8,9.2,6.4,17.6,43,53.3,61.9,59.6,61.7,56.5,53.3,58.1,55.3,43.2,43.7,48.2,47.4,40.2,38.1,
鳳山,2023/11/15 00:00:00,PM10,50,55,58,44,55,51,56,74,73,58,41,36,33,25,23,36,42,39,31,33,22,29,41,40,
鳳山,2023/11/15 00:00:00,PM2.5,20,22,28,28,21,30,23,39,38,28,14,9,11,9,11,13,15,17,9,12,9,9,16,17,
鳳山,2023/11/15 00:00:00,RAINFALL,0,0,0,0,0,0,0,0,0,0,0,0,0,0,0,0,0,0,0,0,0,0,0,0,
鳳山,2023/11/15 00:00:00,RH,73,76,79,84,88,89,89,79,69,62,53,49,48,46,47,51,57,62,65,66,65,67,72,74,
鳳山,2023/11/15 00:00:00,SO2,3.6,3.3,4.1,3.7,3.6,3.3,2.7,3.9,5.1,4.5,3,2.4,2.2,2,1.9,1.6,1.8,2.2,2,1.8,1.8,1.7,2,2.1,
鳳山,2023/11/15 00:00:00,THC,2.53,2.5,2.62,2.66,2.64,2.52,2.49,2.77,2.7,2.48,2.31,2.23,2.21,2.17,2.22,2.23,2.31,2.34,2.29,2.26,2.19,2.21,2.34,2.32,
鳳山,2023/11/15 00:00:00,WD_HR,285,276,298,287,286,34,340,282,283,116,288,256,265,268,293,286,281,284,283,293,278,283,346,96,
鳳山,2023/11/15 00:00:00,WIND_DIREC,124,275,6,274,294,53,295,275,104,187,41,264,276,282,278,313,276,281,311,295,273,278,245,104,
鳳山,2023/11/15 00:00:00,WIND_SPEED,0.4,0.5,0.3,1.1,0.8,0.3,0.4,1,0.8,0.7,0.7,0.9,1.2,1.5,1.3,0.9,1,0.7,0.4,0.7,0.8,0.9,0.6,0.5,
鳳山,2023/11/15 00:00:00,WS_HR,0.3,0.4,0.3,0.6,0.7,0.1,0.1,0.6,0.2,0.2,0.5,0.5,0.3,0.7,1,0.9,0.9,0.7,0.5,0.6,0.6,0.5,0,0.4,
鳳山,2023/11/16 00:00:00,AMB_TEMP,24.4,24,24.2,24.2,23.8,23.6,23.5,24,26.4,28.1,29.5,30.7,31.7,31.4,30.5,30.1,28.5,26.1,25.1,24.1,23.5,23.1,22.9,22.6,
鳳山,2023/11/16 00:00:00,CH4,2.15,2.19,2.2,2.19,2.29,2.22,2.19,2.15,2.1,2.11,2.07,2.06,2.06,2.13,2.11,2.09,2.09,2.09,2.1,2.1,2.1,2.1,2.11,2.12,
鳳山,2023/11/16 00:00:00,CO,0.39,0.39,0.36,0.35,0.36,0.36,0.43,0.6,0.5,0.48,0.47,0.51,0.42,0.4,0.39,0.49,0.61,0.66,0.63,0.54,0.48,0.47,0.45,0.41,
鳳山,2023/11/16 00:00:00,NMHC,0.14,0.17,0.15,0.21,0.26,0.14,0.12,0.19,0.21,0.13,0.13,0.12,0.12,0.1,0.11,0.15,0.16,0.17,0.17,0.14,0.14,0.14,0.1,0.09,
鳳山,2023/11/16 00:00:00,NO,0.2,0.9,0.6,0.7,0.8,0.8,1.1,3.8,3.6,4,2.9,2.6,2.8,2.7,2.2,2.6,3.1,3.2,3,2.3,2.8,5.6,2.6,0.9,
鳳山,2023/11/16 00:00:00,NO2,10.7,10.3,9.7,12.3,15,12.5,12.8,18.7,16.5,14.8,13,10.5,11.5,12.6,10.9,15.1,17.2,18.3,17.8,16.7,16.3,16.2,13.2,11.1,
鳳山,2023/11/16 00:00:00,NOx,11,11.3,10.3,13,15.8,13.4,13.9,22.5,20.2,18.9,15.9,13.2,14.4,15.3,13.1,17.7,20.3,21.6,20.9,19.1,19.2,21.9,15.8,12.1,
鳳山,2023/11/16 00:00:00,O3,39.7,35.2,36.8,33.2,24.9,29.3,21.8,19.3,30.2,40.9,45.7,46.1,50.1,53.4,55.8,51.6,47,44.7,37.2,31,27.8,25.3,27.7,29.6,
鳳山,2023/11/16 00:00:00,PM10,42,46,33,36,41,40,39,46,40,45,32,27,26,75,74,57,62,71,60,49,38,34,24,22,
鳳山,2023/11/16 00:00:00,PM2.5,14,13,15,12,18,14,17,17,10,13,7,3,3,12,13,14,12,22,18,24,12,9,10,9,
鳳山,2023/11/16 00:00:00,RAINFALL,0,0,0,0,0,0,0,0,0,0,0,0,0,0,0,0,0,0,0,0,0,0,0,0,
鳳山,2023/11/16 00:00:00,RH,77,82,79,78,87,86,89,86,65,54,47,42,39,47,45,47,53,66,69,71,67,68,69,69,
鳳山,2023/11/16 00:00:00,SO2,2.1,1.3,1.2,1.6,1.7,1.6,1.6,2.4,2.5,2,1.5,1.2,1.2,1.4,1.7,1.6,1.6,1.7,1.5,1.9,2.3,2,1.9,1.7,
鳳山,2023/11/16 00:00:00,THC,2.29,2.36,2.35,2.4,2.55,2.36,2.31,2.34,2.31,2.24,2.2,2.18,2.18,2.23,2.22,2.24,2.25,2.26,2.27,2.24,2.24,2.24,2.21,2.21,
鳳山,2023/11/16 00:00:00,WD_HR,100,94,309,278,57,109,96,85,114,293,279,271,282,282,276,276,271,279,275,273,275,273,278,280,
鳳山,2023/11/16 00:00:00,WIND_DIREC,86,66,292,191,83,71,97,326,128,102,280,285,287,273,262,118,264,280,277,279,276,277,292,280,
鳳山,2023/11/16 00:00:00,WIND_SPEED,0.4,0.3,0.6,0.4,0.5,0.4,0.4,0.6,0.9,1.1,1.6,1.7,1.8,1.7,1.6,1.3,1.8,2.2,1.7,2.5,1.3,1.5,1.2,1.8,
鳳山,2023/11/16 00:00:00,WS_HR,0.3,0.4,0.1,0.4,0.3,0.2,0.2,0.3,0.2,0.4,0.8,0.7,1.2,1.3,1.2,1,1,1.8,1,1.2,1.3,1.3,1.2,1,
鳳山,2023/11/17 00:00:00,AMB_TEMP,22,21.3,20.8,20.3,19.8,19.5,19.3,19.8,20.6,21.7,23,23.7,25,25.2,25.5,25.4,25,23.9,22.9,22.2,21.3,20.2,19.3,18.7,
鳳山,2023/11/17 00:00:00,CH4,2.15,2.16,2.17,2.17,2.15,2.16,2.18,2.19,2.18,2.16,2.17,2.15,2.15,2.13,2.15,2.13,2.15,2.17,2.17,2.18,2.18,2.19,2.19,2.2,
鳳山,2023/11/17 00:00:00,CO,0.36,0.37,0.4,0.41,0.37,0.4,0.52,0.79,0.7,0.58,0.69,0.68,0.62,0.53,0.56,0.56,0.76,0.87,0.8,0.75,0.68,0.63,0.56,0.49,
鳳山,2023/11/17 00:00:00,NMHC,0.09,0.1,0.11,0.11,0.08,0.1,0.13,0.24,0.24,0.22,0.23,0.23,0.17,0.14,0.14,0.14,0.22,0.26,0.26,0.27,0.22,0.24,0.22,0.21,
鳳山,2023/11/17 00:00:00,NO,0.8,0.6,0.4,0.5,0.4,0.7,1.8,7.8,9.7,7.8,9.9,8.1,6.9,2.8,2.1,1.2,1.8,2.8,3.1,3,3,2.9,2.1,1.5,
鳳山,2023/11/17 00:00:00,NO2,10,10,9.6,9.8,9.2,10.4,14.4,23.7,24.8,20.3,24.5,25.1,23.4,19.6,18.6,18.5,27.2,30.8,31,32.5,28,26.8,25.4,24.4,
鳳山,2023/11/17 00:00:00,NOx,10.9,10.7,10,10.4,9.6,11.2,16.2,31.5,34.5,28.2,34.5,33.3,30.4,22.5,20.8,19.8,29.1,33.6,34.2,35.6,31,29.7,27.5,25.9,
鳳山,2023/11/17 00:00:00,O3,29.9,34.5,35.6,30.3,29.5,28.2,24.5,17.2,19,25.1,25.9,28.9,34.9,48.2,58.3,63.4,54.1,43.5,36.9,29.4,28.4,25.6,24.2,22.7,
鳳山,2023/11/17 00:00:00,PM10,19,12,33,27,31,29,33,49,69,55,68,#,56,52,54,57,59,77,77,72,95,73,70,73,
鳳山,2023/11/17 00:00:00,PM2.5,8,5,7,6,8,9,9,9,18,21,30,#,20,23,21,17,21,27,26,28,24,30,28,29,
鳳山,2023/11/17 00:00:00,RAINFALL,0,0,0,0,0,0,0,0,0,0,0,0,0,0,0,0,0,0,0,0,0,0,0,0,
鳳山,2023/11/17 00:00:00,RH,70,67,66,66,60,58,59,59,56,51,46,46,44,45,44,45,45,43,43,45,46,48,50,52,
鳳山,2023/11/17 00:00:00,SO2,1.5,1.3,1.2,1.4,1.4,1.4,1.6,2,2.1,2.3,2.5,2.8,2.3,1.4,1.7,1.7,1.4,1.4,1.8,2.4,1.9,2.4,2,2.1,
鳳山,2023/11/17 00:00:00,THC,2.24,2.26,2.28,2.28,2.23,2.26,2.31,2.43,2.42,2.38,2.4,2.38,2.32,2.27,2.29,2.27,2.37,2.43,2.43,2.45,2.4,2.43,2.41,2.41,
鳳山,2023/11/17 00:00:00,WD_HR,276,274,278,280,279,275,275,276,272,274,273,276,278,271,265,257,282,273,262,269,275,275,275,274,
鳳山,2023/11/17 00:00:00,WIND_DIREC,278,275,283,282,284,267,279,276,272,275,266,315,278,272,249,155,285,278,62,270,275,263,269,274,
鳳山,2023/11/17 00:00:00,WIND_SPEED,1.4,1.5,1.6,1.3,2.1,1.3,1.5,1.1,1.7,1.3,1.4,0.9,1.3,0.9,1.1,0.8,1.2,1.3,0.7,1.1,1.5,1.2,1.2,1.3,
鳳山,2023/11/17 00:00:00,WS_HR,1.2,0.7,1.1,1.2,1.5,1.3,1.3,0.9,1,1.1,1.2,0.8,0.7,0.4,0.7,0.2,0.6,0.9,0.5,0.3,1.2,1.2,1.1,1.1,
鳳山,2023/11/18 00:00:00,AMB_TEMP,18.3,18.1,17.8,17.4,17.1,17.2,17.2,17.9,19.9,22.2,24.3,25.7,26.2,26,25.2,24.9,24.2,23.7,23.5,22.7,21.8,20.9,20.6,20.5,
鳳山,2023/11/18 00:00:00,CH4,2.23,2.23,2.25,2.25,2.27,2.28,2.32,2.34,2.28,2.22,2.13,2.21,2.17,2.15,2.13,2.12,2.12,2.13,2.13,2.16,2.2,2.17,2.19,2.26,
鳳山,2023/11/18 00:00:00,CO,0.46,0.4,0.41,0.4,0.42,0.46,0.62,0.69,0.61,0.6,0.48,0.93,0.71,0.63,0.62,0.62,0.67,0.78,0.74,0.69,0.62,0.5,0.5,0.57,
鳳山,2023/11/18 00:00:00,NMHC,0.22,0.22,0.25,0.23,0.27,0.25,0.35,0.39,0.29,0.2,0.12,0.31,0.16,0.12,0.13,0.16,0.17,0.21,0.2,0.23,0.23,0.16,0.22,0.31,
鳳山,2023/11/18 00:00:00,NO,1.2,1.2,1.2,1.1,1.1,1.9,7.7,12.7,10.3,5.9,2.4,4.1,2.9,2,1.8,1.8,2.3,2.3,3.3,3.4,3.1,2,1.6,1.8,
鳳山,2023/11/18 00:00:00,NO2,23.9,22.4,22.9,22.2,23,24.3,29.1,29,27.2,21.1,11.4,35.4,20.9,16.5,14.2,16.6,18.4,24.2,26.7,27.6,29,21.4,25.7,31.5,
鳳山,2023/11/18 00:00:00,NOx,25.1,23.6,24.2,23.4,24.1,26.3,36.9,41.8,37.6,27.1,13.9,39.5,23.9,18.6,16,18.4,20.8,26.5,30,31,32.1,23.5,27.4,33.3,
鳳山,2023/11/18 00:00:00,O3,19.8,18.2,15.9,15.3,12.7,9.4,4.1,7,18.4,36.3,52,56.3,69.8,68.5,73.7,64,59.3,53.7,50.4,41.6,33.7,37.3,28.3,19,
鳳山,2023/11/18 00:00:00,PM10,69,61,66,63,61,65,63,82,80,78,52,76,63,62,61,69,68,75,72,89,101,104,104,98,
鳳山,2023/11/18 00:00:00,PM2.5,26,21,30,24,27,30,34,35,36,31,14,30,24,15,16,17,17,19,20,28,26,30,33,28,
鳳山,2023/11/18 00:00:00,RAINFALL,0,0,0,0,0,0,0,0,0,0,0,0,0,0,0,0,0,0,0,0,0,0,0,0,
鳳山,2023/11/18 00:00:00,RH,53,55,56,57,59,59,61,60,59,53,43,42,42,42,44,43,44,47,46,43,45,46,48,49,
鳳山,2023/11/18 00:00:00,SO2,2.2,3.1,3.4,3.5,3.5,3.2,3.5,4.1,3.9,3.5,2.7,6.6,5.7,3.5,3.2,2.4,2.2,2,2,2.3,2.9,2.8,4.2,4.3,
鳳山,2023/11/18 00:00:00,THC,2.45,2.45,2.5,2.48,2.54,2.53,2.67,2.73,2.57,2.42,2.25,2.52,2.33,2.27,2.26,2.28,2.29,2.34,2.33,2.39,2.43,2.33,2.41,2.57,
鳳山,2023/11/18 00:00:00,WD_HR,278,275,272,276,279,281,280,288,87,122,133,253,286,273,281,272,284,273,282,280,275,272,291,286,
鳳山,2023/11/18 00:00:00,WIND_DIREC,282,275,269,284,285,286,287,271,102,145,120,263,293,293,256,254,301,301,285,267,263,284,280,289,
鳳山,2023/11/18 00:00:00,WIND_SPEED,1.4,1.4,1.2,1.1,0.9,1.4,1.3,0.9,1,0.9,1.4,1.2,1.6,1.4,1.2,1.2,0.9,0.8,0.8,0.7,0.8,1,0.8,0.8,
鳳山,2023/11/18 00:00:00,WS_HR,1.1,0.8,0.9,1,1,1.1,0.7,0.1,0.6,0.4,0.4,0.5,0.8,1,0.9,1,0.8,0.6,0.6,0.5,0.6,0.4,0.3,0.6,
鳳山,2023/11/19 00:00:00,AMB_TEMP,19.5,18.7,18.9,18.4,18.1,18.2,18.1,18.8,21.5,23.3,24.7,25.3,26,25.8,25.5,25.4,24.4,23.8,23.5,23.6,23.6,23,22.3,21.4,
鳳山,2023/11/19 00:00:00,CH4,2.35,2.32,2.36,2.36,2.45,2.49,2.23,2.22,2.14,2.12,2.14,2.15,2.17,2.17,2.17,2.13,2.12,2.12,2.14,2.13,2.12,2.19,2.23,2.23,
鳳山,2023/11/19 00:00:00,CO,0.56,0.43,0.46,0.42,0.45,0.5,0.4,0.47,0.46,0.57,0.73,0.6,0.6,0.57,0.55,0.56,0.64,0.71,0.85,0.7,0.56,0.57,0.52,0.37,
鳳山,2023/11/19 00:00:00,NMHC,0.36,0.28,0.29,0.31,0.31,0.32,0.15,0.12,0.17,0.16,0.17,0.16,0.16,0.12,0.11,0.13,0.14,0.15,0.23,0.16,0.14,0.21,0.18,0.11,
鳳山,2023/11/19 00:00:00,NO,1.4,0.6,0.7,0.6,0.6,1,0.4,1.5,2.1,1.8,2.4,1.7,1.1,1.3,1.1,1,1.5,2,1.6,1.7,1.1,0.9,1.1,0.5,
鳳山,2023/11/19 00:00:00,NO2,31.7,23.2,25,23.6,20.3,20.5,14.1,11.8,11.3,11.3,17.9,14.5,14.9,14.7,14.7,14.1,18.7,26.1,27.7,25,18.3,22.4,24.6,13.1,
鳳山,2023/11/19 00:00:00,NOx,33.1,23.8,25.8,24.3,21,21.5,14.5,13.3,13.5,13.2,20.3,16.2,16,16.1,15.8,15.2,20.2,28.1,29.3,26.8,19.4,23.3,25.7,13.7,
鳳山,2023/11/19 00:00:00,O3,13.1,15,14.5,14.8,10.1,9.7,21.8,21.1,30.5,47.8,55.3,72.5,85,85.6,82.4,73.7,64.2,56.5,51.5,54.9,55.7,39.6,32.6,41.5,
鳳山,2023/11/19 00:00:00,PM10,96,86,85,81,76,75,51,45,49,61,67,70,74,78,73,64,63,61,62,54,55,62,66,56,
鳳山,2023/11/19 00:00:00,PM2.5,36,27,29,33,29,30,26,21,22,19,21,20,32,28,32,21,21,20,23,16,16,20,27,26,
鳳山,2023/11/19 00:00:00,RAINFALL,0,0,0,0,0,0,0,0,0,0,0,0,0,0,0,0,0,0,0,0,0,0,0,0,
鳳山,2023/11/19 00:00:00,RH,55,60,60,62,66,68,66,64,51,46,40,43,43,46,47,46,48,50,51,51,50,51,55,59,
鳳山,2023/11/19 00:00:00,SO2,3.4,2.4,2.8,3.4,1.9,1.6,1.4,1.2,1.6,2.8,5.9,3.6,2.6,3,2.5,1.9,1.8,1.8,1.8,1.9,1.6,2.2,2.9,2,
鳳山,2023/11/19 00:00:00,THC,2.71,2.6,2.65,2.67,2.76,2.81,2.38,2.34,2.31,2.28,2.31,2.31,2.33,2.29,2.28,2.26,2.26,2.27,2.37,2.29,2.26,2.4,2.41,2.34,
鳳山,2023/11/19 00:00:00,WD_HR,88,95,282,29,51,77,96,100,103,27,270,283,280,278,282,291,275,280,290,283,289,282,253,104,
鳳山,2023/11/19 00:00:00,WIND_DIREC,89,101,282,65,33,106,96,112,32,302,179,296,285,275,295,299,293,287,284,264,280,281,109,107,
鳳山,2023/11/19 00:00:00,WIND_SPEED,0.3,0.4,0.8,0.3,0.3,0.7,0.6,0.7,1.1,0.9,1,1.1,1.4,1.2,1.3,1,0.9,0.5,0.6,0.8,0.9,0.8,0.7,0.4,
鳳山,2023/11/19 00:00:00,WS_HR,0.2,0.3,0.5,0.1,0.2,0.3,0.6,0.5,0.4,0,0.2,0.5,0.9,1,0.9,0.8,0.7,0.5,0.6,0.6,0.4,0.6,0,0.4,
鳳山,2023/11/20 00:00:00,AMB_TEMP,21.1,20.4,20.2,20,19.9,19.9,19.6,20.7,22.7,24.6,25.8,26.7,27.5,27.2,26.5,26.4,25.4,24.6,24,23.7,23.4,22.8,22.4,21.9,
鳳山,2023/11/20 00:00:00,CH4,2.25,2.27,2.28,2.27,2.23,2.33,2.4,2.32,2.18,2.18,2.15,2.13,2.11,2.07,2.06,2.06,2.08,2.08,2.11,2.13,2.16,2.25,2.3,2.35,
鳳山,2023/11/20 00:00:00,CO,0.38,0.37,0.35,0.35,0.33,0.45,0.53,0.76,0.66,0.63,0.62,0.6,0.53,0.4,0.45,0.52,0.72,0.84,0.72,0.64,0.7,0.71,0.62,0.61,
鳳山,2023/11/20 00:00:00,NMHC,0.09,0.08,0.09,0.12,0.15,0.28,0.37,0.28,0.2,0.19,0.22,0.18,0.15,0.09,0.11,0.18,0.2,0.24,0.19,0.17,0.25,0.39,0.28,0.34,
鳳山,2023/11/20 00:00:00,NO,0.3,0.2,0.4,0.2,0.2,0.8,2.9,4.7,4.3,4,3.5,2.8,2.3,2.1,2.5,2.3,3.2,2.7,1.7,1.2,1.3,0.5,0.5,0.5,
鳳山,2023/11/20 00:00:00,NO2,12.2,11.3,10.1,9.9,9,17.6,30.2,29.8,25.5,24.6,22.2,19.3,16.7,12.6,13.9,17.1,23.7,26.6,24,24.8,28.4,32.4,26.3,28,
鳳山,2023/11/20 00:00:00,NOx,12.5,11.6,10.6,10.2,9.3,18.4,33.1,34.5,29.8,28.6,25.7,22.1,19.1,14.8,16.5,19.4,27,29.4,25.7,26.1,29.7,32.9,26.9,28.6,
鳳山,2023/11/20 00:00:00,O3,40.3,34.3,36.5,35.1,36,19.4,9.3,16.9,35.3,48.8,57.2,60.8,65.4,58.6,53.6,52,45.9,42.2,44.4,44.6,35.4,22.2,28.8,23.2,
鳳山,2023/11/20 00:00:00,PM10,57,56,60,56,55,59,57,61,79,69,66,68,55,51,43,36,39,39,38,44,43,52,56,54,
鳳山,2023/11/20 00:00:00,PM2.5,24,27,23,27,24,24,33,31,33,30,26,21,15,13,15,10,12,14,15,17,19,22,19,27,
鳳山,2023/11/20 00:00:00,RAINFALL,0,0,0,0,0,0,0,0,0,0,0,0,0,0,0,0,0,0,0,0,0,0,0,0,
鳳山,2023/11/20 00:00:00,RH,60,66,66,68,68,70,75,70,56,48,43,40,39,42,45,42,44,49,50,52,52,56,56,60,
鳳山,2023/11/20 00:00:00,SO2,1.8,1.5,1.6,1.7,1.8,2.3,3.9,3.1,4,3.1,2.9,2.2,2,1.8,1.5,1.5,1.7,1.7,1.9,2.3,2.5,2.4,2.5,2.2,
鳳山,2023/11/20 00:00:00,THC,2.34,2.35,2.37,2.39,2.38,2.61,2.77,2.6,2.38,2.37,2.37,2.31,2.26,2.16,2.17,2.24,2.28,2.32,2.3,2.3,2.41,2.64,2.58,2.69,
鳳山,2023/11/20 00:00:00,WD_HR,97,99,84,101,80,284,110,93,103,286,286,283,290,285,273,280,276,282,274,261,286,93,84,90,
鳳山,2023/11/20 00:00:00,WIND_DIREC,77,107,87,79,83,284,43,99,283,284,284,293,289,281,265,285,277,19,258,277,93,100,96,98,
鳳山,2023/11/20 00:00:00,WIND_SPEED,0.4,0.5,0.4,0.3,0.3,0.9,0.3,0.8,0.9,1,1.3,1.5,2,1.4,1.5,1.2,1,0.6,0.6,0.4,0.3,0.3,0.3,0.7,
鳳山,2023/11/20 00:00:00,WS_HR,0.4,0.5,0.3,0.4,0.1,0.5,0.1,0.3,0.2,0.5,0.7,0.8,1,1.3,1.3,1.1,1,0.6,0.5,0.1,0.1,0.3,0.3,0.3,
鳳山,2023/11/21 00:00:00,AMB_TEMP,21.2,20.7,20.6,20.5,20.1,20.1,20,21.1,24,26.1,27,27.9,28.8,29.2,28.7,28.3,26.7,25.2,24.4,24.1,23.9,23.2,22.6,22,
鳳山,2023/11/21 00:00:00,CH4,2.34,2.49,2.3,2.22,2.19,2.19,2.17,2.16,2.09,2.08,2.05,2.05,2.06,2.09,2.1,2.06,2.06,2.08,2.11,2.14,2.19,2.25,2.16,2.18,
鳳山,2023/11/21 00:00:00,CO,0.4,0.37,0.32,0.28,0.28,0.29,0.41,0.63,0.55,0.45,0.36,0.37,0.38,0.41,0.49,0.56,0.88,0.96,0.74,0.75,0.76,0.77,0.46,0.37,
鳳山,2023/11/21 00:00:00,NMHC,0.19,0.15,0.1,0.1,0.09,0.1,0.12,0.18,0.19,0.17,0.1,0.12,0.11,0.13,0.17,0.18,0.21,0.26,0.19,0.2,0.29,0.36,0.14,0.1,
鳳山,2023/11/21 00:00:00,NO,0.3,0,0,0,0,0,0,1.6,3.4,#,2.9,2.3,3.2,1.8,3.9,7.5,5,4.8,1.5,0.8,1.4,2,1,0.5,
鳳山,2023/11/21 00:00:00,NO2,15.6,16.3,13.4,10.3,9.5,10.2,13.5,22.1,22,#,12.7,13.9,16.6,16.9,21.8,24.5,25.8,32.6,24.2,27.4,31.1,33.6,16.2,12.6,
鳳山,2023/11/21 00:00:00,NOx,15.9,16.2,13.2,10,9.2,10,13.4,23.8,25.4,#,15.6,16.3,19.8,18.8,25.7,32.1,30.9,37.4,25.8,28.3,32.6,35.6,17.2,13.1,
鳳山,2023/11/21 00:00:00,O3,31.1,23.3,27.5,30.4,29.7,28.8,24.7,22.9,32,37.7,47.7,54.3,61.5,69.9,55.3,38.6,38.9,36.9,46.4,44.6,38,30.2,43,41.3,
鳳山,2023/11/21 00:00:00,PM10,53,50,45,39,39,33,36,44,52,47,42,37,35,48,44,44,37,40,39,39,61,70,55,51,
鳳山,2023/11/21 00:00:00,PM2.5,25,28,23,21,19,14,14,14,14,11,11,12,9,12,12,14,9,9,15,22,24,32,24,23,
鳳山,2023/11/21 00:00:00,RAINFALL,0,0,0,0,0,0,0,0,0,0,0,0,0,0,0,0,0,0,0,0,0,0,0,0,
鳳山,2023/11/21 00:00:00,RH,65,70,69,68,70,65,63,56,47,43,38,36,34,37,40,37,40,51,54,56,59,64,70,76,
鳳山,2023/11/21 00:00:00,SO2,1.9,1.5,1.4,1.3,1.3,1.2,1.2,2.1,2.5,2.9,1.6,1.9,1.9,1.8,1.6,1.5,1.3,1.3,1.9,1.8,2.2,2.6,2,1.7,
鳳山,2023/11/21 00:00:00,THC,2.53,2.64,2.4,2.32,2.28,2.29,2.29,2.34,2.28,2.25,2.15,2.17,2.17,2.22,2.27,2.24,2.27,2.34,2.3,2.34,2.48,2.61,2.3,2.28,
鳳山,2023/11/21 00:00:00,WD_HR,97,101,101,100,108,104,106,106,100,273,272,143,275,295,280,277,278,261,227,57,281,284,287,106,
鳳山,2023/11/21 00:00:00,WIND_DIREC,100,89,114,110,90,103,111,102,119,277,241,159,255,315,277,280,283,244,76,73,70,284,281,146,
鳳山,2023/11/21 00:00:00,WIND_SPEED,0.6,0.3,0.5,0.3,0.3,0.4,0.4,0.7,0.7,1.4,1.1,1.4,1.1,1.1,1.4,1.4,1,0.7,0.3,0.3,0.3,1.1,0.5,0.3,
鳳山,2023/11/21 00:00:00,WS_HR,0.5,0.5,0.4,0.3,0.5,0.5,0.4,0.6,0.5,0.4,0.4,0.2,0.6,0.8,1.1,0.9,1,0.7,0.1,0.1,0.2,0.4,0.2,0.1,
鳳山,2023/11/22 00:00:00,AMB_TEMP,21.5,21.2,20.4,20,19.9,19.9,19.8,20.8,23.6,25.7,27.5,28.6,29.1,29.4,28.5,28.3,27,26.1,25.2,24.3,24.1,23.7,22.8,22.1,
鳳山,2023/11/22 00:00:00,CH4,2.26,2.3,2.19,2.15,2.26,2.36,2.26,2.12,2.07,2.04,2.03,2.03,2.04,2.05,2.04,2.04,2.04,2.09,2.13,2.13,2.15,2.16,2.22,2.21,
鳳山,2023/11/22 00:00:00,CO,0.39,0.4,0.3,0.22,0.26,0.36,0.43,0.62,0.48,0.37,0.47,0.37,0.37,0.43,0.42,0.51,0.62,1.08,0.83,0.48,0.63,0.59,0.55,0.44,
鳳山,2023/11/22 00:00:00,NMHC,0.18,0.21,0.11,0.07,0.13,0.29,0.24,0.22,0.15,0.15,0.18,0.16,0.12,0.12,0.11,0.14,0.17,0.34,0.26,0.21,0.22,0.22,0.27,0.27,
鳳山,2023/11/22 00:00:00,NO,0.4,0.7,0.7,0.8,0.7,0.5,1.1,2.7,4.3,3.4,4.1,2.3,1.9,1.9,2.3,3,3.2,5.2,3.1,0.8,1.3,1.1,0.6,0.5,
鳳山,2023/11/22 00:00:00,NO2,14.3,13.7,11.4,7.3,8.9,16.3,20,18.8,16.8,14.5,17.2,15,13.5,14.3,14.3,16,18.6,34,27.9,20,23.3,20.8,24,14.7,
鳳山,2023/11/22 00:00:00,NOx,14.7,14.4,12.2,8.1,9.6,16.9,21.2,21.5,21.2,18,21.4,17.3,15.4,16.3,16.6,19,21.9,39.2,31.1,20.8,24.6,21.9,24.6,15.2,
鳳山,2023/11/22 00:00:00,O3,33.8,31,33,31.2,26.5,12.8,17.7,20.2,25.2,40,49.2,60.8,68.8,65.2,54.8,48.7,43.6,31.3,44.2,57.7,55.7,55.1,41,46.3,
鳳山,2023/11/22 00:00:00,PM10,54,54,40,26,26,32,33,32,30,43,34,34,39,39,35,29,29,37,50,57,57,61,65,63,
鳳山,2023/11/22 00:00:00,PM2.5,32,28,23,10,11,17,19,14,11,7,10,6,7,13,14,12,9,11,21,27,23,37,36,44,
鳳山,2023/11/22 00:00:00,RAINFALL,0,0,0,0,0,0,0,0,0,0,0,0,0,0,0,0,0,0,0,0,0,0,0,0,
鳳山,2023/11/22 00:00:00,RH,79,83,83,70,70,74,71,62,49,44,37,32,33,39,42,42,43,47,54,55,54,58,67,74,
鳳山,2023/11/22 00:00:00,SO2,1.9,1.4,1.1,1,0.9,1.2,1.4,1.7,1.4,1.8,2.7,2.1,1.6,1.4,1.4,1.2,1.1,1.5,1.8,2.3,2.6,2.9,2.7,2,
鳳山,2023/11/22 00:00:00,THC,2.44,2.51,2.3,2.22,2.39,2.65,2.5,2.34,2.22,2.19,2.21,2.19,2.16,2.17,2.15,2.18,2.21,2.43,2.39,2.34,2.37,2.38,2.49,2.48,
鳳山,2023/11/22 00:00:00,WD_HR,70,81,105,103,85,79,96,107,100,109,271,144,249,287,277,281,280,277,282,82,284,284,92,93,
鳳山,2023/11/22 00:00:00,WIND_DIREC,350,45,109,115,100,73,89,103,87,113,281,252,280,281,281,288,277,269,101,69,237,26,99,81,
鳳山,2023/11/22 00:00:00,WIND_SPEED,0.3,0.3,0.7,0.4,0.4,0.3,0.6,0.8,0.7,1,1.1,0.8,1.5,1.3,1.2,0.9,1.1,0.7,0.6,0.3,0.5,0.4,0.4,0.4,
鳳山,2023/11/22 00:00:00,WS_HR,0.2,0.3,0.6,0.5,0.3,0.4,0.5,0.6,0.6,0.7,0.6,0.2,0.2,1,1.1,0.9,1.2,0.7,0.3,0.3,0.2,0.3,0.2,0.3,
鳳山,2023/11/23 00:00:00,AMB_TEMP,21.6,21.3,20.9,20.7,20.8,20.4,20.1,21.2,24.4,26.2,27.5,28.5,29.2,29.8,29.1,28.3,27.1,26,25.4,24.6,23.9,23.4,22.9,22.3,
鳳山,2023/11/23 00:00:00,CH4,2.24,2.22,2.21,2.23,2.12,2.16,2.33,2.24,2.1,2.05,#,#,2.05,2.09,2.08,2.08,2.06,2.08,2.11,2.11,2.12,2.16,2.17,2.19,
鳳山,2023/11/23 00:00:00,CO,0.43,0.28,0.27,0.23,0.22,0.25,0.47,0.71,0.66,0.42,0.4,#,#,0.53,0.55,0.6,0.65,0.92,0.76,0.56,0.49,0.59,0.54,0.41,
鳳山,2023/11/23 00:00:00,NMHC,0.2,0.12,0.13,0.13,0.13,0.11,0.3,0.29,0.22,0.14,#,#,0.13,0.17,0.16,0.17,0.19,0.25,0.26,0.17,0.15,0.26,0.24,0.15,
鳳山,2023/11/23 00:00:00,NO,0.7,0.8,0.6,0.4,0.4,0.5,2.3,6,4.4,2.5,1.9,#,1.7,1.7,1.5,2.1,2.6,3.3,1.9,1.8,1.3,1.4,2,1,
鳳山,2023/11/23 00:00:00,NO2,13.3,9.9,9.3,9,8.1,9.4,26.6,27.9,24.1,13.4,12.5,#,14.9,20.3,17.4,20.1,22.3,30.2,28.2,20.8,17.1,24.8,24.7,17,
鳳山,2023/11/23 00:00:00,NOx,14.1,10.7,10,9.4,8.6,10,28.9,34,28.5,15.9,14.4,#,16.7,22,18.9,22.2,25,33.5,30.2,22.6,18.4,26.2,26.7,18,
鳳山,2023/11/23 00:00:00,O3,44.9,39.1,34.1,30.8,33.1,29.1,8.1,14.2,40.4,54.9,#,67.6,72.5,87,80.3,66.6,54.7,49.6,43.2,42.1,39.1,25.9,21.4,28.9,
鳳山,2023/11/23 00:00:00,PM10,58,30,28,25,24,18,31,35,43,40,32,#,42,54,43,42,41,48,50,45,50,47,44,46,
鳳山,2023/11/23 00:00:00,PM2.5,35,21,16,11,11,6,16,21,17,13,#,#,12,23,19,18,14,18,23,21,16,24,24,25,
鳳山,2023/11/23 00:00:00,RAINFALL,0,0,0,0,0,0,0,0,0,0,#,0,0,0,0,0,0,0,0,0,0,0,0,0,
鳳山,2023/11/23 00:00:00,RH,76,69,68,65,63,63,71,64,51,44,36,33,30,33,35,38,39,50,57,62,66,70,74,77,
鳳山,2023/11/23 00:00:00,SO2,2,1.1,1.2,1,1.3,1,1.1,1.6,3.1,2.4,1.8,#,1.7,1.7,1.6,1.2,1.3,1.4,1.7,1.7,1.4,1.9,2,1.9,
鳳山,2023/11/23 00:00:00,THC,2.44,2.34,2.34,2.36,2.25,2.27,2.63,2.53,2.32,2.19,#,#,2.18,2.26,2.24,2.25,2.25,2.33,2.37,2.28,2.27,2.42,2.41,2.34,
鳳山,2023/11/23 00:00:00,WD_HR,105,96,92,68,89,86,88,105,136,151,231,111,149,287,286,279,283,276,257,249,219,277,270,95,
鳳山,2023/11/23 00:00:00,WIND_DIREC,110,91,77,119,98,79,94,115,125,151,192,271,174,296,263,281,290,265,101,268,137,272,260,96,
鳳山,2023/11/23 00:00:00,WIND_SPEED,0.5,0.3,0.3,0.4,0.3,0.3,0.3,0.5,0.9,0.8,1.1,1,1,0.8,0.9,1.2,1.6,1.1,0.7,0.6,0.3,0.8,0.5,0.7,
鳳山,2023/11/23 00:00:00,WS_HR,0.4,0.4,0.3,0.2,0.2,0.3,0.3,0.4,0.2,0.1,0.3,0.3,0.1,0.9,1,1,1,0.9,0.1,0.1,0.1,0.6,0.4,0.4,
鳳山,2023/11/24 00:00:00,AMB_TEMP,21.5,21,20.7,20.5,20.4,20.7,20.6,21.2,23.2,25.4,27.1,28.1,28.6,28.8,28.3,27.4,26.3,25.8,25.4,25,24.1,23.6,23.3,22.8,
鳳山,2023/11/24 00:00:00,CH4,2.28,2.22,2.16,2.13,2.2,2.14,2.15,2.12,2.1,2.16,2.07,2.04,2.03,2.03,2.03,2.07,2.08,2.12,2.14,2.18,2.22,2.24,2.24,2.27,
鳳山,2023/11/24 00:00:00,CO,0.36,0.28,0.25,0.24,0.26,0.3,0.4,0.55,0.54,0.5,0.49,0.5,0.38,0.36,0.38,0.52,0.79,1.05,0.9,0.86,0.78,0.85,0.72,0.69,
鳳山,2023/11/24 00:00:00,NMHC,0.13,0.1,0.07,0.07,0.09,0.11,0.13,0.17,0.2,0.17,0.17,0.15,0.09,0.12,0.1,0.13,0.2,0.3,0.22,0.26,0.24,0.3,0.29,0.29,
鳳山,2023/11/24 00:00:00,NO,0.6,0.5,0.2,0.2,0,0.2,0.3,1.1,3.3,4.1,7,4.6,2.6,1.9,1.8,1.2,2.9,2.1,1.2,0.9,1.2,1.5,1.8,1.5,
鳳山,2023/11/24 00:00:00,NO2,12.1,9.6,8.1,7,8.1,9.1,12.5,16,19.6,20.2,29,20.6,13.6,13.9,11.8,14.9,27.2,29.4,25.8,27.6,28.1,31.7,32.3,28.3,
鳳山,2023/11/24 00:00:00,NOx,12.8,10.2,8.3,7.2,8.1,9.4,12.8,17.2,22.9,24.3,36,25.2,16.2,15.9,13.6,16.2,30.1,31.6,27.1,28.5,29.3,33.2,34.1,29.8,
鳳山,2023/11/24 00:00:00,O3,31.3,31.3,32.6,32.4,30.8,33.5,29.4,27.6,28.2,34.6,34.8,44.7,53.9,54.8,55,61.6,49.9,52.9,60.5,49,39.3,28.4,24.9,21.4,
鳳山,2023/11/24 00:00:00,PM10,47,30,26,30,22,26,29,35,42,58,46,37,29,31,32,45,52,57,72,88,96,100,99,102,
鳳山,2023/11/24 00:00:00,PM2.5,27,21,15,15,15,20,16,17,23,25,8,10,9,8,13,19,18,29,37,35,31,36,34,42,
鳳山,2023/11/24 00:00:00,RAINFALL,0,0,0,0,0,0,0,0,0,0,0,0,0,0,0,0,0,0,0,0,0,0,0,0,
鳳山,2023/11/24 00:00:00,RH,78,70,68,66,66,63,63,61,56,57,51,43,40,40,40,50,53,56,57,56,56,57,57,59,
鳳山,2023/11/24 00:00:00,SO2,1.3,1.2,1.1,1,1,1.1,1.2,1.2,1.9,2.8,2.6,2.1,1.5,1.4,1.1,1.2,1.4,1.5,1.7,1.9,2,2.1,2.4,2.5,
鳳山,2023/11/24 00:00:00,THC,2.41,2.32,2.23,2.2,2.29,2.25,2.28,2.29,2.3,2.33,2.24,2.19,2.12,2.15,2.13,2.2,2.28,2.42,2.36,2.44,2.46,2.54,2.53,2.56,
鳳山,2023/11/24 00:00:00,WD_HR,104,97,107,101,101,105,99,106,99,94,274,271,263,271,269,285,272,275,295,296,277,299,281,297,
鳳山,2023/11/24 00:00:00,WIND_DIREC,92,102,104,106,111,106,109,95,107,315,276,295,281,267,284,273,292,250,269,127,42,290,260,108,
鳳山,2023/11/24 00:00:00,WIND_SPEED,0.4,0.8,0.8,0.5,0.3,0.6,0.4,1.2,1.1,1.1,1.4,1.2,1.4,1.5,1.3,1.2,0.8,0.8,0.3,0.7,0.4,0.4,0.7,0.3,
鳳山,2023/11/24 00:00:00,WS_HR,0.6,0.5,0.6,0.6,0.2,0.4,0.5,0.8,0.8,0.2,0.5,0.6,0.7,1,1.1,1.2,0.8,0.6,0.1,0.2,0.3,0.2,0.5,0.3,
鳳山,2023/11/25 00:00:00,AMB_TEMP,22.1,21.3,21,21,20.6,20.4,20.4,21,23.3,25.4,27.1,27.5,27.9,28.3,28,27.7,26.4,25.3,24.8,24.5,24.3,23.6,23.2,22.4,
鳳山,2023/11/25 00:00:00,CH4,2.35,2.38,2.37,2.4,2.45,2.4,2.45,2.43,2.29,2.17,2.12,2.13,2.09,2.08,2.08,2.08,2.09,2.1,2.09,2.11,2.13,2.21,2.29,2.36,
鳳山,2023/11/25 00:00:00,CO,0.66,0.57,0.52,0.47,0.45,0.5,0.61,0.77,0.71,0.56,0.58,0.67,0.48,0.45,0.44,0.53,0.69,0.86,0.75,0.71,0.65,0.57,0.68,0.57,
鳳山,2023/11/25 00:00:00,NMHC,0.33,0.29,0.2,0.17,0.18,0.25,0.33,0.39,0.25,0.19,0.18,0.19,0.1,0.08,0.1,0.14,0.21,0.23,0.19,0.2,0.19,0.21,0.29,0.24,
鳳山,2023/11/25 00:00:00,NO,0.9,1.6,1.1,1,1,1.4,2.3,9.7,6.5,3.9,3.1,3.3,2.6,2.5,2.4,3.6,2.7,2.6,1.9,1.5,1.6,1.2,1.1,0.9,
鳳山,2023/11/25 00:00:00,NO2,29.3,27.6,25.1,19.1,15.9,19.1,25.3,32.7,26.3,18.7,17,17.8,11.1,11.6,12.5,14,19.1,25.6,22.2,21.4,20.5,19.1,25.7,21.7,
鳳山,2023/11/25 00:00:00,NOx,30.2,29.2,26.2,20.1,16.9,20.6,27.7,42.4,32.9,22.6,20.2,21.1,13.8,14.2,15,17.7,21.9,28.2,24.1,23,22.2,20.3,26.8,22.7,
鳳山,2023/11/25 00:00:00,O3,14.1,11.1,10.3,18.2,21.8,12.2,10.1,8.4,30.4,52.6,58.9,60.3,59.7,58.8,58,54.5,51.3,49.5,51.5,47.1,44.2,37.8,24.9,27.1,
鳳山,2023/11/25 00:00:00,PM10,104,94,91,90,74,82,83,76,78,66,56,56,44,45,49,42,53,58,48,48,58,61,65,67,
鳳山,2023/11/25 00:00:00,PM2.5,42,37,39,34,32,38,43,45,40,29,21,19,16,11,14,13,14,17,18,21,19,18,32,29,
鳳山,2023/11/25 00:00:00,RAINFALL,0,0,0,0,0,0,0,0,0,0,0,0,0,0,0,0,0,0,0,0,0,0,0,0,
鳳山,2023/11/25 00:00:00,RH,65,70,71,70,77,79,83,79,66,52,43,43,41,38,41,42,51,57,61,62,64,67,69,74,
鳳山,2023/11/25 00:00:00,SO2,2.1,2.1,2.4,2.3,1.6,1.4,1.7,2.9,3.1,2.5,2,1.5,1.6,1.2,1.4,1.3,1.2,1.5,1.4,1.3,1.3,1.1,1.3,1.3,
鳳山,2023/11/25 00:00:00,THC,2.68,2.67,2.57,2.57,2.63,2.65,2.78,2.82,2.54,2.36,2.3,2.32,2.19,2.16,2.18,2.22,2.3,2.33,2.28,2.31,2.32,2.42,2.58,2.6,
鳳山,2023/11/25 00:00:00,WD_HR,334,74,90,70,89,93,90,105,102,132,278,276,275,282,288,285,273,270,269,287,279,85,80,93,
鳳山,2023/11/25 00:00:00,WIND_DIREC,338,105,101,63,118,69,115,105,134,103,282,279,264,288,281,291,285,279,229,297,135,79,82,92,
鳳山,2023/11/25 00:00:00,WIND_SPEED,0.4,0.4,0.5,0.3,0.4,0.3,0.7,1.1,0.6,0.8,1.6,1.5,1.1,1.5,1.1,1,1,0.8,0.4,0.5,0.3,0.3,0.3,0.7,
鳳山,2023/11/25 00:00:00,WS_HR,0.1,0.2,0.3,0.2,0.3,0.3,0.4,0.5,0.3,0.2,0.7,1,1,1,0.9,0.8,0.8,0.6,0.4,0.3,0.2,0.3,0.3,0.5,
鳳山,2023/11/26 00:00:00,AMB_TEMP,21.7,21.6,21.5,21.3,21.1,20.9,20.8,21.5,23.4,25.5,26.7,27.7,27.9,28.1,28,27.3,26.6,25.9,24.7,23.8,23.1,22.6,22.2,22.1,
鳳山,2023/11/26 00:00:00,CH4,2.44,2.28,2.18,2.18,2.19,2.22,2.19,2.19,2.15,2.12,2.12,2.11,2.09,2.08,2.12,2.11,2.08,2.09,2.09,2.08,2.1,2.12,2.14,2.18,
鳳山,2023/11/26 00:00:00,CO,0.49,0.4,0.37,0.35,0.36,0.42,0.46,0.52,0.52,0.45,0.5,0.56,0.53,0.45,0.52,0.48,0.56,0.69,0.56,0.42,0.47,0.45,0.42,0.45,
鳳山,2023/11/26 00:00:00,NMHC,0.14,0.1,0.09,0.12,0.11,0.15,0.15,0.15,0.16,0.14,0.13,0.14,0.11,0.09,0.15,0.1,0.13,0.22,0.16,0.12,0.14,0.15,0.15,0.2,
鳳山,2023/11/26 00:00:00,NO,1.1,1.2,1.2,1.2,1.2,1.2,1.2,1.6,2,2.3,2.4,7,2.7,2.2,2.1,1.7,2.1,3.1,3.4,2.7,2.9,2.5,2.7,2.2,
鳳山,2023/11/26 00:00:00,NO2,15.8,10.5,9.5,8,8.2,10,10.7,11.4,11.8,13.3,13.9,19.6,16.2,14.8,13.3,11.8,15.3,22.2,18.5,14.5,16.4,18.5,20,21.6,
鳳山,2023/11/26 00:00:00,NOx,16.9,11.8,10.7,9.2,9.5,11.3,12,13,13.8,15.6,16.4,26.6,19,17.1,15.5,13.6,17.4,25.4,22,17.2,19.3,21.1,22.7,23.9,
鳳山,2023/11/26 00:00:00,O3,29.6,36.9,41.1,40.1,38.6,32.5,32.5,31.5,43.7,55.9,68.4,76.4,73.1,71.3,79.2,69.5,51.3,32.1,32,31.7,27.3,22.5,18.4,13.4,
鳳山,2023/11/26 00:00:00,PM10,69,51,48,37,48,46,42,49,49,49,46,52,43,45,52,51,51,54,46,38,36,44,41,43,
鳳山,2023/11/26 00:00:00,PM2.5,37,23,17,20,20,20,28,24,25,21,21,19,15,11,21,22,17,16,13,12,15,16,14,16,
鳳山,2023/11/26 00:00:00,RAINFALL,0,0,0,0,0,0,0,0,0,0,0,0,0,0,0,0,0,0,0,0,0,0,0,0,
鳳山,2023/11/26 00:00:00,RH,78,75,73,74,75,77,75,70,64,54,48,45,46,44,45,53,57,59,60,64,67,72,75,77,
鳳山,2023/11/26 00:00:00,SO2,1.2,1.1,1.3,1.2,1.3,1.4,1.7,1.3,2.2,3.1,2.5,2.8,3.4,2.7,2.3,1.9,1.6,1.5,1.8,1.6,1.6,2.1,2.1,2.4,
鳳山,2023/11/26 00:00:00,THC,2.58,2.38,2.27,2.3,2.3,2.37,2.34,2.34,2.31,2.26,2.25,2.25,2.2,2.17,2.27,2.21,2.21,2.31,2.25,2.2,2.24,2.27,2.29,2.38,
鳳山,2023/11/26 00:00:00,WD_HR,99,101,102,95,88,91,95,99,112,90,96,277,250,249,271,275,284,281,277,279,276,269,294,282,
鳳山,2023/11/26 00:00:00,WIND_DIREC,105,100,106,105,91,93,82,93,113,112,108,299,222,244,281,297,250,269,279,283,277,274,91,277,
鳳山,2023/11/26 00:00:00,WIND_SPEED,0.7,0.5,0.7,0.4,0.3,0.3,0.3,0.6,0.8,1,1.2,1.5,1.1,1.3,1,1.2,0.8,1.2,1.3,1.6,1.1,0.7,0.4,0.5,
鳳山,2023/11/26 00:00:00,WS_HR,0.6,0.4,0.6,0.3,0.3,0.2,0.3,0.5,0.6,0.2,0.5,0.4,0.4,0.6,0.7,0.9,0.7,0.6,1,0.8,1,0.4,0.3,0.6,
鳳山,2023/11/27 00:00:00,AMB_TEMP,21.6,21.2,20.9,20.7,20.9,20.9,20.7,21.5,23.1,24.6,25.9,27.1,28,28.8,29,29,28.5,27.6,26.7,25.9,25.8,25.2,24.6,24.2,
鳳山,2023/11/27 00:00:00,CH4,2.2,2.22,2.21,2.2,2.22,2.3,2.35,2.35,2.17,2.14,2.15,2.15,2.15,2.17,2.12,2.11,2.12,2.12,2.12,2.13,2.17,2.19,2.21,2.24,
鳳山,2023/11/27 00:00:00,CO,0.4,0.38,0.33,0.31,0.31,0.34,0.49,0.93,0.65,0.5,0.63,0.7,0.61,0.51,0.48,0.63,0.8,0.76,0.7,0.49,0.7,0.7,0.58,0.56,
鳳山,2023/11/27 00:00:00,NMHC,0.24,0.24,0.08,0.07,0.08,0.13,0.2,0.35,0.22,0.15,0.28,0.24,0.2,0.15,0.14,0.18,0.25,0.22,0.19,0.14,0.26,0.26,0.22,0.26,
鳳山,2023/11/27 00:00:00,NO,1.9,1.3,1.4,1,1.1,1,2.3,16.8,9.3,5.4,5.1,4.8,3.8,2.7,2.3,2.5,4.6,2.4,2.7,1.2,1.6,2.1,1.8,1.6,
鳳山,2023/11/27 00:00:00,NO2,21.7,19.7,15.1,9,8.1,10.9,18.2,26.1,20.9,18.2,24.8,24.5,20.2,17.7,16,19.7,28.5,24.7,21.5,16.5,23.8,24.9,23.4,23.4,
鳳山,2023/11/27 00:00:00,NOx,23.6,21,16.5,10,9.3,12,20.5,43,30.2,23.6,30,29.3,24,20.4,18.4,22.3,33.1,27.1,24.3,17.7,25.5,27.1,25.3,25,
鳳山,2023/11/27 00:00:00,O3,11.2,9.5,14.7,21.6,26.7,14.4,7.2,5,15.7,28.9,34,43.4,53.4,60.2,62.7,55.9,41.2,40.6,39.6,43,30.7,27.4,24.1,18.5,
鳳山,2023/11/27 00:00:00,PM10,43,45,37,39,36,40,42,59,46,54,63,63,55,49,45,50,58,58,54,48,62,57,59,63,
鳳山,2023/11/27 00:00:00,PM2.5,19,21,12,20,21,22,23,35,25,33,31,28,26,23,22,16,19,21,17,22,22,30,28,29,
鳳山,2023/11/27 00:00:00,RAINFALL,0,0,0,0,0,0,0,0,0,0,0,0,0,0,0,0,0,0,0,0,0,0,0,0,
鳳山,2023/11/27 00:00:00,RH,85,90,91,91,89,90,91,88,72,64,59,52,47,44,43,46,49,53,57,61,61,61,60,59,
鳳山,2023/11/27 00:00:00,SO2,2.2,2,1.7,1.5,1.2,1.5,1.3,2.1,3,2.4,2.8,2.7,2.6,2.1,1.8,1.9,1.9,1.9,1.6,1.8,1.9,2.2,2,2.2,
鳳山,2023/11/27 00:00:00,THC,2.44,2.46,2.29,2.27,2.3,2.43,2.55,2.7,2.39,2.29,2.43,2.39,2.35,2.32,2.26,2.29,2.37,2.34,2.31,2.27,2.43,2.45,2.43,2.5,
鳳山,2023/11/27 00:00:00,WD_HR,283,276,91,92,78,95,83,271,249,93,87,269,272,276,268,262,275,279,268,91,294,282,294,288,
鳳山,2023/11/27 00:00:00,WIND_DIREC,288,82,78,106,241,105,94,275,149,110,66,204,273,50,317,287,135,284,109,100,270,283,285,315,
鳳山,2023/11/27 00:00:00,WIND_SPEED,1.2,0.4,0.5,0.3,0.3,0.5,0.3,1.1,1,0.7,0.8,1.3,1,0.9,0.7,1,0.8,0.9,0.5,0.6,0.7,0.9,0.9,0.5,
鳳山,2023/11/27 00:00:00,WS_HR,0.9,0.4,0.3,0.3,0.1,0.5,0.3,0.5,0.1,0.3,0.2,0.6,0.4,0.4,0.6,0.3,0.4,0.3,0.2,0.4,0.2,0.7,0.4,0.6,
鳳山,2023/11/28 00:00:00,AMB_TEMP,23.9,23.4,22.8,22.7,22.7,21.9,21.6,22.2,24,25.7,27.2,28.3,28.8,29,28.1,27.7,26.7,26.2,26.1,26,26.2,26,25.6,25.3,
鳳山,2023/11/28 00:00:00,CH4,2.27,2.28,2.3,2.25,2.23,2.29,2.32,2.32,2.24,2.2,2.26,2.15,2.1,2.1,2.1,2.09,2.08,2.1,2.1,2.1,2.14,2.11,2.2,2.28,
鳳山,2023/11/28 00:00:00,CO,0.54,0.48,0.46,0.39,0.37,0.43,0.69,0.9,0.77,0.86,1.04,0.78,0.51,0.51,0.51,0.57,0.73,0.92,0.82,0.75,0.9,0.6,0.63,0.6,
鳳山,2023/11/28 00:00:00,NMHC,0.31,0.35,0.36,0.22,0.17,0.3,0.37,0.44,0.28,0.26,0.39,0.33,0.12,0.12,0.13,0.16,0.18,0.25,0.2,0.16,0.23,0.14,0.21,0.29,
鳳山,2023/11/28 00:00:00,NO,1.6,1.7,1.6,1.2,0.9,1.7,11.1,26.3,11.1,8.5,8.9,4.6,2.7,3.1,4,2.8,3.3,3.7,2.2,1.4,1.5,1.3,0.8,0.9,
鳳山,2023/11/28 00:00:00,NO2,26.6,27.5,28.1,23.4,14.9,25.7,26.7,29.6,26.5,29.4,45.3,34.3,21.2,26.9,27.7,26.6,33.4,35,29.2,23.1,26.6,18.5,21.3,24.4,
鳳山,2023/11/28 00:00:00,NOx,28.2,29.3,29.7,24.7,15.9,27.4,37.8,55.9,37.6,37.9,54.3,38.9,24,30.1,31.7,29.5,36.8,38.7,31.5,24.6,28.2,19.8,22.2,25.3,
鳳山,2023/11/28 00:00:00,O3,11.9,9.5,5.8,13.7,22,3.3,1.2,2.5,12.4,22.7,31.2,47.8,56.9,53.3,47.1,47.7,39,36.4,39.1,43.2,37.2,45.5,30.6,22.6,
鳳山,2023/11/28 00:00:00,PM10,61,61,63,56,46,54,62,79,67,66,82,62,49,50,48,41,43,48,45,37,40,42,44,66,
鳳山,2023/11/28 00:00:00,PM2.5,28,31,32,26,19,28,32,39,30,30,42,30,24,21,24,21,20,20,21,20,22,18,23,38,
鳳山,2023/11/28 00:00:00,RAINFALL,0,0,0,0,0,0,0,0,0,0,0,0,0,0,0,0,0,0,0,0,0,0,0,0,
鳳山,2023/11/28 00:00:00,RH,59,60,64,71,78,79,79,77,70,65,58,53,51,51,54,57,61,63,64,64,63,64,68,71,
鳳山,2023/11/28 00:00:00,SO2,2.6,3.4,3.7,3.2,2.1,2.5,3.1,4.1,3.6,4.4,7,6.7,3.6,3,2.6,2.6,2.4,2.5,2.2,2.5,2.4,2.1,1.9,2.3,
鳳山,2023/11/28 00:00:00,THC,2.58,2.63,2.66,2.47,2.4,2.59,2.69,2.76,2.52,2.46,2.65,2.48,2.22,2.22,2.23,2.25,2.26,2.35,2.3,2.26,2.37,2.25,2.41,2.57,
鳳山,2023/11/28 00:00:00,WD_HR,292,288,285,296,321,286,279,300,87,276,182,279,272,272,271,279,266,264,270,319,298,14,70,72,
鳳山,2023/11/28 00:00:00,WIND_DIREC,22,287,262,281,282,290,284,78,138,127,60,247,276,262,262,295,263,253,313,63,293,73,77,80,
鳳山,2023/11/28 00:00:00,WIND_SPEED,0.4,0.8,0.6,0.7,0.6,1.4,0.6,0.4,0.5,0.6,0.9,1.1,1,1.2,1.1,1.1,0.7,0.9,0.4,0.4,0.4,0.5,0.5,0.3,
鳳山,2023/11/28 00:00:00,WS_HR,0.3,0.7,0.8,0.2,0.1,1,0.6,0.2,0.3,0.2,0.1,0.6,0.6,0.8,0.8,0.8,0.5,0.6,0.4,0.1,0.3,0.2,0.4,0.3,
鳳山,2023/11/29 00:00:00,AMB_TEMP,24.7,24.3,23.7,23.4,23.2,23,23.3,24.3,25.8,27,27.8,28.6,29.2,29.2,29.1,28.8,28.2,27.5,27.1,26.9,26.5,26,25.8,25.2,
鳳山,2023/11/29 00:00:00,CH4,2.5,2.51,2.68,2.33,2.25,2.28,2.22,2.19,2.22,2.16,2.13,2.14,2.13,2.11,2.1,2.12,2.18,2.24,2.23,2.27,2.22,2.26,2.28,2.31,
鳳山,2023/11/29 00:00:00,CO,0.58,0.48,0.44,0.36,0.33,0.37,0.46,0.6,0.79,0.59,0.66,0.61,0.59,0.51,0.61,0.73,0.99,1.04,0.95,0.89,0.74,0.61,0.59,0.57,
鳳山,2023/11/29 00:00:00,NMHC,0.33,0.26,0.15,0.12,0.1,0.14,0.15,0.21,0.31,0.22,0.21,0.23,0.17,0.14,0.19,0.22,0.35,0.31,0.3,0.33,0.25,0.28,0.33,0.34,
鳳山,2023/11/29 00:00:00,NO,0.7,1,0.6,0.8,0.5,0.7,0.9,1.7,5.4,4.5,3.3,2.4,2.3,2.2,2.8,2.8,3.4,2.7,1.6,0.9,1.5,0.8,0.6,0.8,
鳳山,2023/11/29 00:00:00,NO2,22.3,17.5,15.6,11.8,9.3,10.9,13.7,16.9,32,27.3,24.1,23.3,21.4,19.8,22.2,25.3,35.7,35.1,30.6,32.4,25.7,19.4,19.6,20.6,
鳳山,2023/11/29 00:00:00,NOx,23,18.5,16.2,12.6,9.9,11.7,14.7,18.7,37.5,31.9,27.5,25.8,23.8,22.1,25,28.2,39.1,37.9,32.3,33.3,27.2,20.3,20.3,21.5,
鳳山,2023/11/29 00:00:00,O3,17.9,18.7,18.5,22.2,27.6,22.6,22.9,28.1,26.4,46.2,59,71.6,69.1,60.9,55.7,52.6,42.6,44.3,47.5,37.7,37.4,37.9,33.4,26.6,
鳳山,2023/11/29 00:00:00,PM10,67,68,68,59,51,37,54,54,77,63,54,66,57,48,60,52,64,84,97,86,74,76,69,78,
鳳山,2023/11/29 00:00:00,PM2.5,39,42,38,31,23,25,22,29,31,26,25,23,22,20,18,20,20,26,34,32,34,35,39,35,
鳳山,2023/11/29 00:00:00,RAINFALL,0,0,0,0,0,0,0,0,0,0,0,0,0,0,0,0,0,0,0,0,0,0,0,0,
鳳山,2023/11/29 00:00:00,RH,76,81,90,91,90,90,90,82,71,59,52,50,46,45,47,44,47,56,65,65,57,58,61,66,
鳳山,2023/11/29 00:00:00,SO2,2.3,1.2,0.9,0.7,0.8,0.8,0.7,1.8,3.6,3.2,2.2,1.7,1.9,1.7,1.3,1.6,1.6,2,2.2,1.9,2.2,2.5,2.2,2.1,
鳳山,2023/11/29 00:00:00,THC,2.83,2.77,2.83,2.45,2.35,2.42,2.37,2.4,2.53,2.38,2.34,2.37,2.3,2.25,2.29,2.34,2.53,2.55,2.53,2.6,2.47,2.54,2.61,2.65,
鳳山,2023/11/29 00:00:00,WD_HR,89,91,96,89,94,87,78,98,87,85,254,247,287,283,281,272,283,255,313,63,92,61,72,72,
鳳山,2023/11/29 00:00:00,WIND_DIREC,78,88,94,78,97,47,94,100,118,114,248,122,277,286,273,280,276,208,357,112,126,72,92,45,
鳳山,2023/11/29 00:00:00,WIND_SPEED,0.3,0.3,0.6,0.3,0.5,0.3,0.4,0.7,0.7,0.4,1,0.7,0.9,1.3,0.9,0.7,0.8,0.5,0.3,0.5,0.3,0.3,0.3,0.3,
鳳山,2023/11/29 00:00:00,WS_HR,0.4,0.5,0.6,0.4,0.4,0.3,0.3,0.4,0.1,0.1,0.3,0.1,0.6,0.9,0.7,0.6,0.6,0.4,0.2,0.3,0.1,0.3,0.3,0.2,
鳳山,2023/11/30 00:00:00,AMB_TEMP,24.9,24.8,24.2,24,23.7,23.4,23.3,24.1,25.1,26.7,27.8,29.2,29.6,30.1,29.7,29,28,27.4,27.4,26.7,25.9,25.1,24.3,24,
鳳山,2023/11/30 00:00:00,CH4,2.42,2.31,2.27,2.24,2.2,2.19,2.24,2.24,2.2,2.18,2.21,2.22,2.2,2.19,2.17,2.17,2.18,2.21,2.21,2.23,2.22,2.24,2.24,2.25,
鳳山,2023/11/30 00:00:00,CO,0.52,0.46,0.37,0.36,0.38,0.4,0.49,0.8,0.69,0.59,0.76,0.88,0.78,0.71,0.72,0.77,0.88,1.16,1.1,1.08,0.92,0.84,0.65,0.56,
鳳山,2023/11/30 00:00:00,NMHC,0.34,0.21,0.13,0.12,0.11,0.11,0.15,0.25,0.22,0.18,0.32,0.34,0.31,0.29,0.26,0.27,0.28,0.4,0.35,0.45,0.38,0.28,0.23,0.24,
鳳山,2023/11/30 00:00:00,NO,0.8,0.7,0.7,0.7,0.9,0.7,0.9,6,6.3,4.3,3.6,3.8,2.9,2.3,2.4,2.4,1.9,2.4,1.8,2.8,2.3,2.4,1.8,1.4,
鳳山,2023/11/30 00:00:00,NO2,16.9,20.5,16,14,10.9,9.8,11.7,23.1,22.7,18.6,29.3,34.6,31.2,27.4,29.5,26,30.5,39.7,34,37,29.1,26.6,24.4,24.8,
鳳山,2023/11/30 00:00:00,NOx,17.8,21.3,16.7,14.7,11.8,10.6,12.7,29.2,29.1,23,32.9,38.4,34.1,29.7,31.9,28.5,32.4,42.2,35.9,39.9,31.5,29.1,26.2,26.2,
鳳山,2023/11/30 00:00:00,O3,29.3,21.6,21.4,26.1,30.2,25.7,19.8,11.7,16.9,33.3,40.6,54.8,66.9,70.6,65.9,61.2,58.3,41.7,40.4,26,25.5,20.4,17.1,11.8,
鳳山,2023/11/30 00:00:00,PM10,71,62,66,70,81,67,70,77,76,75,85,#,86,75,70,82,82,86,86,91,92,97,87,75,
鳳山,2023/11/30 00:00:00,PM2.5,34,34,24,29,35,29,31,35,28,34,#,#,36,37,36,33,40,34,33,39,34,34,30,32,
鳳山,2023/11/30 00:00:00,RAINFALL,0,0,0,0,0,0,0,0,0,0,0,0,0,0,0,0,0,0,0,0,0,0,0,0,
鳳山,2023/11/30 00:00:00,RH,72,68,79,91,92,92,93,91,85,69,63,55,51,49,50,56,60,64,62,61,63,65,69,71,
鳳山,2023/11/30 00:00:00,SO2,1.6,2.7,2.5,2.3,1.7,1.5,1.6,2.1,2.8,2.7,3.4,4.5,3.6,3.2,2.7,2.5,2.6,2.5,2.7,2.8,2.9,3.4,3.2,3.3,
鳳山,2023/11/30 00:00:00,THC,2.76,2.52,2.4,2.36,2.31,2.3,2.39,2.49,2.42,2.36,2.53,2.56,2.51,2.48,2.43,2.44,2.46,2.61,2.56,2.68,2.6,2.52,2.47,2.49,
鳳山,2023/11/30 00:00:00,WD_HR,355,292,282,281,287,34,52,308,50,126,42,287,285,279,286,273,283,279,287,277,282,279,283,286,
鳳山,2023/11/30 00:00:00,WIND_DIREC,274,290,273,276,99,55,81,63,70,98,67,283,278,278,271,286,291,266,313,264,272,288,283,354,
鳳山,2023/11/30 00:00:00,WIND_SPEED,0.7,0.6,0.6,1.1,0.7,0.3,0.3,0.5,0.7,1,0.7,0.9,0.8,0.9,0.8,1,0.8,0.5,0.7,0.6,1,1.2,0.7,0.4,
鳳山,2023/11/30 00:00:00,WS_HR,0.1,0.5,0.6,0.5,0.5,0.1,0.1,0.2,0,0.2,0.1,0.2,0.3,0.7,0.5,0.8,0.6,0.4,0.5,0.4,1,0.6,0.7,0.4,
鳳山,2023/12/01 00:00:00,AMB_TEMP,23.9,23.4,22.7,22.7,22.4,22,22.1,22.9,23.4,23.7,25.3,25.6,25.5,26.5,27,27,26.3,25.2,24.3,23.1,22.2,21.5,20.9,20.6,
鳳山,2023/12/01 00:00:00,CH4,2.28,2.27,2.26,2.26,2.29,2.29,2.25,2.25,2.27,2.29,2.3,2.28,2.23,2.21,2.19,2.2,2.19,2.19,2.19,2.19,2.2,2.19,2.22,2.22,
鳳山,2023/12/01 00:00:00,CO,0.57,0.54,0.51,0.44,0.45,0.48,0.56,0.88,0.97,0.83,1.04,0.97,0.8,0.65,0.63,0.8,0.89,1.15,0.89,0.76,0.72,0.65,0.6,0.51,
鳳山,2023/12/01 00:00:00,NMHC,0.29,0.28,0.22,0.18,0.19,0.2,0.19,0.32,0.34,0.35,0.45,0.37,0.33,0.26,0.2,0.27,0.32,0.4,0.34,0.31,0.31,0.24,0.26,0.23,
鳳山,2023/12/01 00:00:00,NO,1.1,1.6,1.3,1.3,1.4,2.2,3.8,14.9,19.5,14.9,20.1,11.9,7.6,6.2,4.1,2.5,3.2,7.1,4.7,5.6,5.6,5,4.4,3.3,
鳳山,2023/12/01 00:00:00,NO2,27.3,23.5,19.7,18.2,19.7,21.2,18.7,25.5,29,30.8,38.7,34.5,30.7,27,27.9,28.3,31,38.1,32.4,30.9,30.3,25.4,24.7,25.4,
鳳山,2023/12/01 00:00:00,NOx,28.4,25.1,21.1,19.5,21.2,23.5,22.6,40.5,48.6,45.8,58.9,46.4,38.4,33.2,32.1,30.8,34.2,45.3,37.1,36.5,35.9,30.5,29.1,28.7,
鳳山,2023/12/01 00:00:00,O3,8.7,9.6,10.4,10.5,8.3,5.5,8.9,3.5,3.8,6.5,10.2,17.1,23,34.9,44.1,47,37.6,22.4,22.2,15.3,9.7,10,7.1,5.5,
鳳山,2023/12/01 00:00:00,PM10,65,74,60,57,52,48,48,53,71,66,83,81,69,71,68,75,64,61,52,60,60,51,46,42,
鳳山,2023/12/01 00:00:00,PM2.5,32,28,26,26,27,22,22,27,35,27,36,39,38,37,39,38,38,29,31,21,24,20,21,20,
鳳山,2023/12/01 00:00:00,RAINFALL,0,0,0,0,0,0,0,0,0,0,0,0,0,0,0,0,0,0,0,0,0,0,0,0,
鳳山,2023/12/01 00:00:00,RH,71,73,77,79,79,82,81,76,74,73,66,64,65,62,59,58,59,61,62,64,66,67,68,68,
鳳山,2023/12/01 00:00:00,SO2,4,3.4,3.1,2.9,2.8,3.1,2.7,3.6,3.5,3.7,4,3.5,3.3,3.8,3.3,2.8,2.5,2.6,2.8,2.6,3.2,3,2.8,3.1,
鳳山,2023/12/01 00:00:00,THC,2.57,2.55,2.48,2.44,2.48,2.49,2.44,2.57,2.61,2.64,2.75,2.65,2.56,2.47,2.39,2.47,2.51,2.59,2.53,2.5,2.51,2.43,2.48,2.45,
鳳山,2023/12/01 00:00:00,WD_HR,288,283,281,277,280,274,276,260,283,97,279,270,273,287,266,291,279,276,258,277,268,271,275,276,
鳳山,2023/12/01 00:00:00,WIND_DIREC,281,287,306,280,280,267,282,239,295,260,270,269,102,315,269,296,279,255,272,262,271,275,281,277,
鳳山,2023/12/01 00:00:00,WIND_SPEED,0.9,1.1,0.5,0.9,1.2,1.2,0.7,0.6,0.8,0.6,1.1,1.1,0.5,0.8,0.7,0.7,0.8,0.6,0.9,1.3,1.2,1.3,1,1.6,
鳳山,2023/12/01 00:00:00,WS_HR,0.4,0.7,0.9,0.4,0.9,0.7,0.7,0.4,0.5,0.1,0.9,0.7,0.7,0.5,0.3,0.5,0.4,0.7,0.5,1,0.8,0.9,0.9,1.1,
鳳山,2023/12/02 00:00:00,AMB_TEMP,20.2,20.2,20.2,20,19.9,19.8,19.7,20.1,21,22.7,24.5,26.2,27.3,28.2,27.6,26.5,25.8,25.4,24.5,23.6,22.8,22.3,21.8,21.6,
鳳山,2023/12/02 00:00:00,CH4,2.22,2.23,2.22,2.21,2.23,2.24,2.24,2.22,2.22,2.24,2.19,2.17,2.14,2.17,2.17,2.12,2.11,2.14,2.15,2.16,2.17,2.19,2.2,2.21,
鳳山,2023/12/02 00:00:00,CO,0.44,0.44,0.42,0.39,0.4,0.44,0.52,0.6,0.6,0.72,0.68,0.6,0.57,0.61,0.63,0.63,0.78,0.96,0.76,0.66,0.63,0.59,0.53,0.5,
鳳山,2023/12/02 00:00:00,NMHC,0.19,0.2,0.18,0.18,0.19,0.2,0.21,0.23,0.25,0.29,0.24,0.22,0.23,0.19,0.18,0.19,0.23,0.32,0.25,0.23,0.23,0.23,0.21,0.17,
鳳山,2023/12/02 00:00:00,NO,2.1,1,1.1,1,1.2,1.9,4.7,8.1,13.1,14.1,5.9,3.8,2.3,1.8,1.9,1.8,2.2,3,2.2,2.9,2.7,2.6,2.4,2,
鳳山,2023/12/02 00:00:00,NO2,20,20.6,20.4,18.7,18.4,18.9,20.2,20.6,20.9,26.5,21.7,19.5,19.9,19.1,18.7,16.3,23.1,32.5,23.7,26.1,23.7,22.2,20.7,20.6,
鳳山,2023/12/02 00:00:00,NOx,22.1,21.6,21.5,19.8,19.7,20.9,24.9,28.7,34,40.6,27.7,23.3,22.2,20.9,20.7,18.1,25.3,35.6,25.9,29.1,26.4,24.8,23.1,22.6,
鳳山,2023/12/02 00:00:00,O3,9.9,7.3,6.2,7.1,6.3,5.8,4.8,5.5,8.2,13.9,31.4,52.3,72.7,78,71.8,63.6,50.7,33.2,36.1,27.5,23,19.4,16.9,12.3,
鳳山,2023/12/02 00:00:00,PM10,37,32,28,27,25,23,28,35,38,51,60,59,58,66,72,60,72,69,67,67,62,55,65,57,
鳳山,2023/12/02 00:00:00,PM2.5,20,19,17,11,18,10,19,14,26,32,33,28,30,33,32,25,22,22,29,23,24,28,23,23,
鳳山,2023/12/02 00:00:00,RAINFALL,0,0,0,0,0,0,0,0,0,0,0,0,0,0,0,0,0,0,0,0,0,0,0,0,
鳳山,2023/12/02 00:00:00,RH,68,68,69,69,69,69,69,70,68,62,59,55,51,48,51,56,59,60,59,63,66,69,72,75,
鳳山,2023/12/02 00:00:00,SO2,2.5,2.7,3.1,3.2,2.8,3.2,3.1,3.7,4.2,4,3.9,3.4,3.2,2.7,2.6,2.5,2.6,2.5,2.5,2.6,2.4,2.6,2.7,3.4,
鳳山,2023/12/02 00:00:00,THC,2.41,2.43,2.4,2.39,2.42,2.44,2.45,2.45,2.47,2.53,2.43,2.39,2.37,2.36,2.35,2.31,2.34,2.46,2.4,2.39,2.4,2.42,2.41,2.38,
鳳山,2023/12/02 00:00:00,WD_HR,277,284,284,284,275,282,278,302,302,294,272,332,287,271,277,267,274,275,280,272,277,277,281,279,
鳳山,2023/12/02 00:00:00,WIND_DIREC,273,287,288,275,276,280,239,278,129,33,245,285,279,284,288,285,269,270,285,258,275,272,284,293,
鳳山,2023/12/02 00:00:00,WIND_SPEED,1.6,0.6,0.8,1.2,1.3,1.1,0.7,0.8,0.7,1,1,0.8,1.2,1.4,1.4,1.1,0.5,0.6,1.4,0.7,1.1,1.3,1.5,0.6,
鳳山,2023/12/02 00:00:00,WS_HR,1.3,0.5,0.8,1,0.9,1,0.9,0.1,0.2,0.2,0.3,0.1,0.2,0.6,1.1,0.9,0.6,0.4,0.9,0.6,0.9,0.8,1,0.8,
鳳山,2023/12/03 00:00:00,AMB_TEMP,21.3,20.6,20.4,20.2,20.2,20.6,21.2,21.7,22.9,24,25.2,26.4,26.9,26.5,27,27,26.2,25.5,24.9,24.3,23.9,23,22.5,22.4,
鳳山,2023/12/03 00:00:00,CH4,2.2,2.2,2.22,2.22,2.18,2.18,2.17,2.23,2.26,2.26,2.17,2.2,2.21,2.21,2.21,2.24,2.22,2.2,2.21,2.23,2.23,2.21,2.18,2.18,
鳳山,2023/12/03 00:00:00,CO,0.47,0.48,0.47,0.42,0.38,0.41,0.46,0.58,0.67,0.6,0.55,0.68,0.75,0.65,0.73,0.76,0.77,0.8,0.75,0.64,0.66,0.56,0.49,0.45,
鳳山,2023/12/03 00:00:00,NMHC,0.17,0.16,0.17,0.16,0.12,0.14,0.12,0.2,0.27,0.2,0.14,0.21,0.22,0.17,0.19,0.2,0.21,0.23,0.22,0.23,0.21,0.16,0.11,0.11,
鳳山,2023/12/03 00:00:00,NO,1.3,1.2,1.5,1.5,1.3,1.4,2.2,4,10,6.1,3.1,2.9,2.3,2.2,2,1.9,2.9,3.4,2.3,1.6,3.3,2.9,2.3,2,
鳳山,2023/12/03 00:00:00,NO2,22.3,18.1,19.4,17.8,16.5,17.3,14.2,19,22.2,16.8,12.3,20.2,19.1,18.1,20.9,24.3,25.2,24.5,22.7,21.3,24,20.8,17.1,14.7,
鳳山,2023/12/03 00:00:00,NOx,23.6,19.3,21,19.4,17.8,18.8,16.4,23,32.2,23,15.4,23.1,21.4,20.3,23,26.3,28.1,27.9,25,23,27.3,23.7,19.4,16.8,
鳳山,2023/12/03 00:00:00,O3,9.8,10.5,7.3,8.7,10.1,9.7,14,10.3,13.5,25.7,42.1,46.2,54.2,55.5,59,51.4,41.8,33,27.1,24.9,16.5,16,18.6,19,
鳳山,2023/12/03 00:00:00,PM10,50,42,45,40,36,26,36,41,47,67,54,60,60,56,61,64,59,55,68,57,61,48,46,51,
鳳山,2023/12/03 00:00:00,PM2.5,22,24,23,23,16,12,13,19,29,35,36,36,34,34,38,35,33,30,39,35,33,21,21,25,
鳳山,2023/12/03 00:00:00,RAINFALL,0,0,0,0,0,0,0,0,0,0,0,0,0,0,0,0,0,0,0,0,0,0,0,0,
鳳山,2023/12/03 00:00:00,RH,77,81,85,85,83,78,74,73,68,64,60,56,53,54,53,53,57,61,65,68,71,77,81,82,
鳳山,2023/12/03 00:00:00,SO2,3.7,2.7,2.6,2.4,2.4,2.7,1.9,2,3,2.7,1.8,2.5,1.8,1.8,2.3,1.9,2.1,1.8,1.5,1.4,1.5,1.4,1.8,1.5,
鳳山,2023/12/03 00:00:00,THC,2.37,2.36,2.39,2.38,2.3,2.32,2.29,2.43,2.53,2.46,2.31,2.41,2.43,2.38,2.4,2.44,2.43,2.43,2.43,2.46,2.44,2.37,2.29,2.29,
鳳山,2023/12/03 00:00:00,WD_HR,278,278,282,281,279,277,266,339,280,289,283,296,286,276,272,284,284,287,309,317,273,276,272,288,
鳳山,2023/12/03 00:00:00,WIND_DIREC,273,283,277,280,282,232,100,286,241,287,290,295,286,226,266,288,291,295,83,283,280,178,255,64,
鳳山,2023/12/03 00:00:00,WIND_SPEED,1.3,1.5,0.5,1.3,1.3,0.5,0.5,1.1,0.9,1.5,1.1,0.8,1.1,0.7,1.1,0.7,0.8,0.5,0.4,1,1.2,0.8,0.5,0.3,
鳳山,2023/12/03 00:00:00,WS_HR,0.6,1.1,0.6,0.9,1,0.6,0.1,0.1,0.6,0.5,0.8,0.4,0.8,0.4,0.6,0.7,0.4,0.2,0.1,0.2,0.8,0.8,0.5,0.3,
鳳山,2023/12/04 00:00:00,AMB_TEMP,22.1,22.1,21.6,21.4,21.2,21.2,21.4,21.9,22.5,24.1,26.4,26.7,26.9,27.4,27.9,27.1,25.8,25,24.8,24.4,24.1,23.9,23.9,23.8,
鳳山,2023/12/04 00:00:00,CH4,2.22,2.27,2.26,2.26,2.28,2.29,2.27,2.25,2.25,2.2,2.21,2.23,2.12,2.04,2.02,2.03,2.02,2.03,2.01,2.02,2.03,2.03,2.07,2.1,
鳳山,2023/12/04 00:00:00,CO,0.44,0.45,0.4,0.38,0.39,0.41,0.55,0.92,0.91,0.65,0.71,0.67,0.52,0.39,0.41,0.48,0.51,0.69,0.62,0.43,0.42,0.39,0.44,0.32,
鳳山,2023/12/04 00:00:00,NMHC,0.11,0.2,0.12,0.11,0.17,0.21,0.21,0.29,0.34,0.21,0.29,0.26,0.18,0.09,0.12,0.15,0.16,0.22,0.19,0.15,0.15,0.1,0.14,0.16,
鳳山,2023/12/04 00:00:00,NO,1,1,0.9,0.9,1.6,2.1,8.1,16.1,22.5,8.8,5.9,5.7,4.9,4.2,4.5,5.1,5.6,8.6,6.2,4.7,3.9,3.4,2.3,1.3,
鳳山,2023/12/04 00:00:00,NO2,12.6,20.8,17.3,13.5,20.6,19.8,19.4,21.1,24.7,21.4,23.1,23,16.7,11.5,13.1,16.1,15.7,18.2,16.1,15.2,14.8,11.3,13.9,15.3,
鳳山,2023/12/04 00:00:00,NOx,13.6,21.9,18.2,14.4,22.3,21.9,27.5,37.3,47.3,30.3,29,28.7,21.6,15.7,17.7,21.2,21.4,26.8,22.4,19.9,18.7,14.7,16.2,16.7,
鳳山,2023/12/04 00:00:00,O3,17.5,9.3,9.6,9.2,4,3,2.2,2.9,2.7,14.2,32.6,30.5,27.3,26.9,27.8,22.5,16.8,11.4,12.3,12.7,12.1,13.9,9.9,8.3,
鳳山,2023/12/04 00:00:00,PM10,49,52,46,44,43,38,40,50,55,61,81,66,48,37,24,36,32,27,11,9,11,10,9,11,
鳳山,2023/12/04 00:00:00,PM2.5,26,26,23,24,20,24,24,23,30,37,43,31,11,8,4,4,5,4,3,1,0,0,1,1,
鳳山,2023/12/04 00:00:00,RAINFALL,0,0,0,0,0,0,0,0,0,0,0,0,0,0,0,0,0,0,0,0,0,0,0,0,
鳳山,2023/12/04 00:00:00,RH,87,89,91,91,91,91,91,91,91,77,64,61,57,54,52,55,60,64,63,63,64,66,67,71,
鳳山,2023/12/04 00:00:00,SO2,1.3,1.9,2.1,1.7,2.2,2.2,2.4,2.4,2.7,2.3,2.9,3.1,2.2,1.7,1.5,1.3,1.4,1.7,1.3,2.2,2,1.2,1.1,1.9,
鳳山,2023/12/04 00:00:00,THC,2.33,2.47,2.38,2.37,2.45,2.5,2.48,2.54,2.59,2.41,2.5,2.49,2.3,2.13,2.14,2.18,2.18,2.25,2.2,2.17,2.18,2.13,2.21,2.26,
鳳山,2023/12/04 00:00:00,WD_HR,62,282,278,280,287,276,278,280,260,104,284,260,270,273,266,259,264,269,273,282,267,273,285,90,
鳳山,2023/12/04 00:00:00,WIND_DIREC,28,280,336,267,290,284,292,270,277,97,283,258,205,275,275,242,243,282,271,285,286,73,342,92,
鳳山,2023/12/04 00:00:00,WIND_SPEED,0.3,1.6,0.4,0.6,1.1,1.1,0.7,0.5,0.8,0.8,1.1,1.2,1.2,1.8,1,1.3,1.4,1.4,1.2,1.4,1,0.3,0.3,0.5,
鳳山,2023/12/04 00:00:00,WS_HR,0.3,0.8,0.4,0.3,0.8,0.5,1,0.2,0.3,0.2,0.4,0.3,0.8,0.8,0.6,0.4,0.7,1,0.8,0.9,0.4,0.1,0.3,0.3,
鳳山,2023/12/05 00:00:00,AMB_TEMP,23.7,23.5,22.5,21.9,21.7,21.7,21.8,22.3,23.1,24.5,26.2,27.6,28.6,29.4,28.4,27.6,25.9,25.2,24.9,24.2,23.5,23,22.6,22.3,
鳳山,2023/12/05 00:00:00,CH4,2.15,2.14,2.2,2.15,2.12,2.11,2.1,2.11,2.11,2.11,2.1,2.1,2.09,2.1,2.09,2.08,2.08,2.11,2.12,2.14,2.14,2.16,2.16,2.18,
鳳山,2023/12/05 00:00:00,CO,0.37,0.32,0.26,0.25,0.26,0.29,0.43,0.67,0.62,0.51,0.5,0.57,0.51,0.48,0.51,0.56,0.75,1.02,0.81,0.67,0.57,0.6,0.48,0.45,
鳳山,2023/12/05 00:00:00,NMHC,0.15,0.16,0.1,0.08,0.08,0.08,0.12,0.21,0.21,0.23,0.24,0.27,0.19,0.15,0.17,0.17,0.23,0.32,0.29,0.27,0.2,0.2,0.16,0.15,
鳳山,2023/12/05 00:00:00,NO,0.5,0.9,1.2,1.1,1.2,1.6,4.3,10.7,11.9,13.2,9.2,8.2,5.3,3.2,2.7,2.7,5,6.1,4.4,3.6,3.3,3.4,1.9,1.3,
鳳山,2023/12/05 00:00:00,NO2,9.8,11.9,15.9,13,12.3,10.9,12.9,19,17.5,16.9,17.3,20.6,18.1,16,16.8,16.5,23.3,31.9,27.8,25,19.5,23.9,19,17.8,
鳳山,2023/12/05 00:00:00,NOx,10.3,12.8,17.2,14.1,13.6,12.6,17.2,29.7,29.5,30.2,26.5,28.9,23.5,19.3,19.5,19.3,28.4,38,32.2,28.7,22.8,27.3,20.9,19.2,
鳳山,2023/12/05 00:00:00,O3,11.9,10,5.9,10.8,10.9,13.6,10.8,6.6,7.6,10.7,17.6,26.8,39.6,51.6,53.4,47.7,36.2,23.1,22.9,20.2,22.3,17.8,19.5,17.1,
鳳山,2023/12/05 00:00:00,PM10,11,15,17,28,28,25,21,30,47,25,28,32,28,37,44,43,40,42,42,40,33,38,41,39,
鳳山,2023/12/05 00:00:00,PM2.5,4,5,4,14,15,14,10,7,9,11,8,6,5,15,13,9,12,16,14,11,13,21,14,23,
鳳山,2023/12/05 00:00:00,RAINFALL,0,0,0,0,0,0,0,0,0,0,0,0,0,0,0,0,0,0,0,0,0,0,0,0,
鳳山,2023/12/05 00:00:00,RH,77,78,84,92,93,93,92,90,86,73,63,56,51,51,56,61,68,69,66,67,69,72,72,73,
鳳山,2023/12/05 00:00:00,SO2,1.2,1.1,1.5,1,1,0.7,1.1,1.5,1.7,2,2.1,2.1,1.9,1.5,1.4,1.2,1.4,1.3,1.5,1.6,1,1.2,1.4,1.7,
鳳山,2023/12/05 00:00:00,THC,2.3,2.3,2.3,2.23,2.2,2.19,2.22,2.32,2.32,2.34,2.34,2.37,2.28,2.25,2.26,2.25,2.31,2.43,2.41,2.41,2.34,2.36,2.32,2.33,
鳳山,2023/12/05 00:00:00,WD_HR,87,273,278,275,276,275,277,278,244,286,224,250,257,277,279,289,276,270,275,274,268,267,273,274,
鳳山,2023/12/05 00:00:00,WIND_DIREC,98,268,273,271,278,284,284,276,272,89,300,261,298,293,266,268,274,256,285,275,209,284,261,280,
鳳山,2023/12/05 00:00:00,WIND_SPEED,0.4,0.8,1.4,1.2,1.2,1.7,1.2,1,1.1,0.8,0.9,1.2,1,1.2,1.2,1.4,1,1,1.4,1.3,0.6,1.1,1.3,0.8,
鳳山,2023/12/05 00:00:00,WS_HR,0.3,0.5,1,1,0.8,1.2,0.7,0.4,0.3,0.2,0.1,0.4,0.7,0.7,1,1.1,1,0.6,0.7,0.8,0.5,0.7,1.1,0.8,
鳳山,2023/12/06 00:00:00,AMB_TEMP,22,21.7,21.4,20.9,21.2,21.3,21.4,22.2,23.9,26,27.1,28,28.5,28.7,28.1,26.7,24.7,23.9,23.4,22.8,22.2,22,21.8,21.7,
鳳山,2023/12/06 00:00:00,CH4,2.2,2.2,2.23,2.19,2.16,2.18,2.16,2.17,2.16,2.16,2.12,2.11,2.12,2.13,2.13,2.16,2.16,2.15,2.17,2.18,2.18,2.18,2.14,2.16,
鳳山,2023/12/06 00:00:00,CO,0.39,0.44,0.48,0.45,0.45,0.48,0.58,0.86,0.77,0.68,0.62,0.63,0.57,0.59,0.53,0.62,0.59,0.73,0.8,0.65,0.61,0.56,0.4,0.4,
鳳山,2023/12/06 00:00:00,NMHC,0.12,0.14,0.18,0.1,0.11,0.16,0.16,0.29,0.24,0.27,0.28,0.25,0.18,0.18,0.16,0.17,0.19,0.23,0.25,0.25,0.22,0.21,0.14,0.16,
鳳山,2023/12/06 00:00:00,NO,1.2,1.3,1,0.9,0.9,1.9,6,11.2,12,9.2,6.7,4.5,4,3.9,4.1,4.5,3.8,3.7,4.5,3.8,3.2,2.6,1.7,1.4,
鳳山,2023/12/06 00:00:00,NO2,16.8,17,19.3,16.2,14,18.8,17.7,23.4,20.8,24.3,22.7,18.6,17,18.4,17.6,21.1,22,23.8,27,26.2,22.4,20.8,15.3,15.8,
鳳山,2023/12/06 00:00:00,NOx,18,18.4,20.4,17.1,14.9,20.7,23.7,34.7,32.8,33.5,29.5,23.1,21.1,22.3,21.8,25.6,25.9,27.5,31.6,30,25.6,23.4,17,17.3,
鳳山,2023/12/06 00:00:00,O3,15.5,11.2,8.4,13.7,15.5,10.5,13.9,11,17.6,24,32.7,40.4,47.9,46.8,45.2,39.8,31.4,25.4,18.3,16.1,16.4,16.9,23.6,19.8,
鳳山,2023/12/06 00:00:00,PM10,42,39,46,33,23,24,25,25,46,35,35,34,43,40,42,48,55,52,52,45,48,40,29,29,
鳳山,2023/12/06 00:00:00,PM2.5,21,25,26,19,14,12,17,14,19,17,13,12,9,14,16,23,26,25,23,26,31,28,20,17,
鳳山,2023/12/06 00:00:00,RAINFALL,0,0,0,0,0,0,0,0,0,0,0,0,0,0,0,0,0,0,0,0,0,0,0,0,
鳳山,2023/12/06 00:00:00,RH,74,77,78,79,75,74,73,70,64,56,52,48,47,46,48,52,61,63,66,70,73,73,70,71,
鳳山,2023/12/06 00:00:00,SO2,1.9,2.1,2.5,2.6,2.5,2.8,1.9,2.5,2.4,2.4,2.4,2,1.9,1.9,2,2.5,1.8,1.8,2.2,2.4,2.4,2,1.5,1.6,
鳳山,2023/12/06 00:00:00,THC,2.32,2.34,2.41,2.29,2.27,2.34,2.32,2.46,2.4,2.43,2.4,2.36,2.3,2.31,2.29,2.33,2.35,2.38,2.42,2.43,2.4,2.39,2.28,2.32,
鳳山,2023/12/06 00:00:00,WD_HR,186,285,277,266,280,277,272,283,265,277,276,270,280,270,273,274,270,274,274,274,278,273,277,283,
鳳山,2023/12/06 00:00:00,WIND_DIREC,306,282,237,219,283,271,285,284,189,273,287,265,344,275,275,277,279,265,250,268,284,283,279,292,
鳳山,2023/12/06 00:00:00,WIND_SPEED,0.6,1.4,1.1,0.8,1.8,0.9,1.4,1.1,1,1.4,1.3,1.4,1.4,1.3,1.8,1.5,1.1,1.8,1.4,1.5,1.5,1.4,1.2,1,
鳳山,2023/12/06 00:00:00,WS_HR,0.1,1,0.7,0.4,1,0.6,0.8,1.2,0.5,0.9,1.2,1.1,0.9,1,1.4,0.9,0.9,1,1.1,0.8,1.1,0.9,1,1,
鳳山,2023/12/07 00:00:00,AMB_TEMP,21.3,21,20.9,20.8,20.5,20.1,20.5,21.2,21.7,23.2,25.7,26.8,27.2,27.5,27,26.2,25.6,25.1,24.7,24.4,23.9,23.3,22.8,22.5,
鳳山,2023/12/07 00:00:00,CH4,2.17,2.18,2.2,2.21,2.23,2.22,2.23,2.24,2.24,2.25,2.19,2.13,2.12,#,#,#,2.1,2.1,2.09,2.14,2.19,2.28,2.53,2.69,
鳳山,2023/12/07 00:00:00,CO,0.39,0.37,0.36,0.35,0.36,0.38,0.5,0.81,0.81,0.8,0.81,0.63,0.6,0.5,#,0.58,0.63,0.87,0.7,0.69,0.74,0.78,0.63,0.55,
鳳山,2023/12/07 00:00:00,NMHC,0.16,0.14,0.17,0.18,0.21,0.19,0.23,0.38,0.38,0.34,0.27,0.17,0.15,#,#,#,0.15,0.24,0.16,0.22,0.28,0.36,0.35,0.25,
鳳山,2023/12/07 00:00:00,NO,1.3,0.8,0.6,1,0.9,1.9,6.2,22.4,17.9,16,10.4,5.6,4.2,2.6,#,2.3,2.5,3.8,1.4,0.7,0.7,0.8,1.4,0.5,
鳳山,2023/12/07 00:00:00,NO2,16.4,13.2,14.9,16.7,19.6,20.3,23.7,31.4,32.2,33.4,32.2,22.5,21.5,16.3,#,22.8,26,34.9,25.4,26.4,31,37.6,28.2,21.2,
鳳山,2023/12/07 00:00:00,NOx,17.8,14.1,15.6,17.8,20.5,22.3,29.9,53.9,50.1,49.4,42.7,28.2,25.7,19,#,25.2,28.5,38.8,26.9,27.2,31.7,38.4,29.7,21.7,
鳳山,2023/12/07 00:00:00,O3,16.3,15.8,13,12.5,7.8,8.4,5.7,2.5,6.5,13.7,31,40.4,48.6,#,51.2,42.1,40.3,33.4,40.6,37.2,26.9,16.8,18.3,16.8,
鳳山,2023/12/07 00:00:00,PM10,29,37,33,33,35,33,28,38,77,54,46,32,35,26,#,33,32,35,34,39,36,44,43,36,
鳳山,2023/12/07 00:00:00,PM2.5,25,25,26,21,23,17,15,21,23,32,18,13,16,#,#,15,14,15,13,19,19,21,24,25,
鳳山,2023/12/07 00:00:00,RAINFALL,0,0,0,0,0,0,0,0,0,0,0,0,0,0,#,0,0,0,0,0,0,0,0,0,
鳳山,2023/12/07 00:00:00,RH,75,80,80,72,74,70,67,63,60,59,51,47,48,46,46,47,49,50,52,54,57,62,67,67,
鳳山,2023/12/07 00:00:00,SO2,1.6,1.6,1.8,2.5,2.6,2.8,2.7,4.4,4,4.2,3.8,3.3,3.2,2.8,#,1.9,1.8,2,2.2,2.1,2.2,2.1,4.9,3.7,
鳳山,2023/12/07 00:00:00,THC,2.33,2.32,2.37,2.39,2.44,2.41,2.46,2.62,2.62,2.59,2.46,2.3,2.27,#,#,#,2.25,2.34,2.25,2.36,2.47,2.64,2.88,2.94,
鳳山,2023/12/07 00:00:00,WD_HR,276,275,280,280,279,274,266,281,80,88,216,238,268,255,263,282,273,262,35,61,75,79,88,81,
鳳山,2023/12/07 00:00:00,WIND_DIREC,272,285,260,279,267,276,271,283,132,327,246,164,272,277,267,303,275,272,48,31,79,80,65,76,
鳳山,2023/12/07 00:00:00,WIND_SPEED,0.7,0.6,0.7,0.7,1.2,1,0.4,1.1,0.5,0.5,1,1.2,1.5,1.1,1.2,1,0.6,0.4,0.3,0.3,0.3,0.5,0.4,0.5,
鳳山,2023/12/07 00:00:00,WS_HR,0.5,0.2,0.7,0.5,0.9,0.9,0.4,0.4,0.1,0.2,0.2,0.3,0.5,0.7,0.9,0.6,0.5,0.5,0.1,0.3,0.3,0.4,0.4,0.3,
鳳山,2023/12/08 00:00:00,AMB_TEMP,22,21.7,22.1,22.4,22.4,22.2,22,22.2,23.5,25.1,26.6,26.7,27.5,27.5,27.5,27.3,26.1,25.4,24.9,24.4,23.7,23.5,23.4,22.7,
鳳山,2023/12/08 00:00:00,CH4,2.48,2.32,2.18,2.15,2.17,2.18,2.19,2.17,2.22,2.18,2.19,2.18,2.19,2.19,2.17,2.13,2.13,2.16,2.16,2.22,2.3,2.31,2.44,2.37,
鳳山,2023/12/08 00:00:00,CO,0.48,0.39,0.34,0.32,0.31,0.34,0.42,0.61,0.78,0.65,0.78,0.78,0.7,0.65,0.71,0.66,0.87,1.17,1.1,0.99,1.12,1.38,1.55,0.84,
鳳山,2023/12/08 00:00:00,NMHC,0.18,0.12,0.07,0.07,0.06,0.09,0.1,0.16,0.22,0.22,0.31,0.24,0.25,0.23,0.22,0.19,0.24,0.33,0.33,0.33,0.53,0.55,0.66,0.51,
鳳山,2023/12/08 00:00:00,NO,0.5,1.2,1.1,1.1,1.1,1.1,1.1,2.1,5.5,4.5,6.1,4.8,4,3.4,2.7,3,3.2,6.1,4.9,1.6,1.5,6,14.4,4,
鳳山,2023/12/08 00:00:00,NO2,18.5,10.9,7.6,5.8,6.3,6.9,9.9,15.3,26.5,25.2,36.3,29.6,29.2,27,23.8,21.7,26.1,38.8,38.9,36.8,45.7,50.3,52,36.3,
鳳山,2023/12/08 00:00:00,NOx,19.1,12.2,8.7,7,7.4,8,11,17.4,32.1,29.8,42.4,34.4,33.2,30.4,26.5,24.7,29.4,45,43.8,38.4,47.2,56.4,66.5,40.3,
鳳山,2023/12/08 00:00:00,O3,21.4,27.8,36.1,38.8,38.2,38,31.1,22.9,23.6,38.1,44.2,47.4,52.2,63.5,67.3,58.8,48.8,31.4,24.9,22.2,9.8,4.2,0.5,9.4,
鳳山,2023/12/08 00:00:00,PM10,44,42,31,35,31,32,35,43,108,54,59,58,69,63,65,50,46,51,51,51,59,62,59,82,
鳳山,2023/12/08 00:00:00,PM2.5,26,28,22,22,18,16,21,19,27,21,26,25,29,28,28,18,17,18,17,21,30,24,24,32,
鳳山,2023/12/08 00:00:00,RAINFALL,0,0,0,0,0,0,0,0,0,0,0,0,0,0,0,0,0,0,0,0,0,0,0,0,
鳳山,2023/12/08 00:00:00,RH,75,83,77,73,72,74,75,72,67,59,53,52,49,48,48,50,54,57,57,57,65,67,68,72,
鳳山,2023/12/08 00:00:00,SO2,1.9,1.4,1.5,1.7,1.6,1.6,1.5,1.6,3,2.7,3.5,2.5,2.6,2.7,2.5,1.9,1.9,2,1.6,1.6,2.1,2.7,2.3,2.3,
鳳山,2023/12/08 00:00:00,THC,2.66,2.44,2.25,2.22,2.23,2.27,2.29,2.33,2.44,2.4,2.5,2.42,2.44,2.42,2.39,2.32,2.37,2.49,2.49,2.55,2.83,2.86,3.1,2.88,
鳳山,2023/12/08 00:00:00,WD_HR,93,95,96,81,89,104,105,109,103,51,275,288,280,275,280,284,282,280,283,73,52,358,46,92,
鳳山,2023/12/08 00:00:00,WIND_DIREC,96,92,96,36,93,82,71,118,92,270,304,100,271,253,259,209,306,291,311,66,13,42,41,87,
鳳山,2023/12/08 00:00:00,WIND_SPEED,0.6,0.8,0.5,0.3,0.5,0.5,0.3,0.5,0.6,0.7,0.6,0.7,1.3,0.9,0.9,0.8,0.4,0.5,0.3,0.3,0.3,0.3,0.3,0.4,
鳳山,2023/12/08 00:00:00,WS_HR,0.6,0.7,0.6,0.3,0.4,0.5,0.5,0.4,0.3,0.1,0.2,0.2,0.8,0.7,0.8,0.6,0.7,0.6,0.3,0.3,0.3,0.2,0.2,0.4,
鳳山,2023/12/09 00:00:00,AMB_TEMP,22,22.1,21.9,21.7,21.3,21.2,21.2,21.8,24.2,26.4,28,29.2,30.3,31.1,30.2,29,28.1,27.5,27,26.6,26.4,26.1,25.5,25.1,
鳳山,2023/12/09 00:00:00,CH4,2.37,2.31,2.2,2.17,2.22,2.3,2.32,2.26,2.24,2.19,2.09,2.09,2.07,2.16,2.19,2.15,2.18,2.17,2.19,2.18,2.18,2.22,2.28,2.32,
鳳山,2023/12/09 00:00:00,CO,0.58,0.46,0.37,0.33,0.35,0.41,0.54,0.75,0.8,0.65,0.49,0.47,0.43,0.58,0.57,0.62,0.8,0.91,0.71,0.81,0.64,0.73,0.59,0.5,
鳳山,2023/12/09 00:00:00,NMHC,0.23,0.15,0.09,0.08,0.08,0.12,0.18,0.22,0.27,0.25,0.35,0.16,0.13,0.19,0.21,0.26,0.4,0.35,0.25,0.26,0.19,0.28,0.22,0.22,
鳳山,2023/12/09 00:00:00,NO,1.5,0.8,0.8,0.8,0.7,0.6,0.9,2.5,4.7,4.9,3.1,2.1,2,1.7,1.4,1.8,3.9,3.3,1.7,2.4,1.6,2.1,1.1,0.8,
鳳山,2023/12/09 00:00:00,NO2,22.5,13.3,9.8,7.3,7.5,9.4,15.7,20.6,23.3,26.2,13.2,10.6,12,17.6,17.4,19.8,29.6,32.2,26.1,28.2,19.4,27,21.5,16.8,
鳳山,2023/12/09 00:00:00,NOx,24,14.2,10.6,8.1,8.2,10,16.7,23.1,28,31.2,16.4,12.8,14.1,19.3,18.9,21.6,33.6,35.5,27.9,30.7,21.1,29.1,22.6,17.7,
鳳山,2023/12/09 00:00:00,O3,23.5,30.9,35.9,31.1,31.2,28.4,22.2,16.3,28.3,38.3,51.9,61.3,68.6,86.2,88.7,60.4,49.7,44.5,48,41.2,40.2,27.7,28.3,36,
鳳山,2023/12/09 00:00:00,PM10,68,49,45,28,42,42,44,49,52,62,33,31,24,54,65,45,53,57,59,55,47,54,55,53,
鳳山,2023/12/09 00:00:00,PM2.5,30,23,18,17,17,18,22,21,27,27,7,14,9,16,26,18,22,25,30,24,25,26,29,27,
鳳山,2023/12/09 00:00:00,RAINFALL,0,0,0,0,0,0,0,0,0,0,0,0,0,0,0,0,0,0,0,0,0,0,0,0,
鳳山,2023/12/09 00:00:00,RH,79,82,83,82,88,90,89,80,65,53,43,40,37,38,39,41,46,48,45,47,48,50,53,56,
鳳山,2023/12/09 00:00:00,SO2,2.5,1.7,1.6,1.3,1.7,1.5,2.1,2.4,3,2.6,1.9,2,1.8,2.2,2.4,2.1,2,2.2,2.7,2.5,2.2,2.7,2.7,2.5,
鳳山,2023/12/09 00:00:00,THC,2.6,2.46,2.29,2.25,2.3,2.42,2.5,2.48,2.51,2.44,2.44,2.25,2.2,2.35,2.4,2.41,2.58,2.52,2.44,2.44,2.37,2.5,2.5,2.54,
鳳山,2023/12/09 00:00:00,WD_HR,94,93,106,100,97,86,81,94,102,253,267,272,262,283,288,287,277,274,75,269,293,319,82,73,
鳳山,2023/12/09 00:00:00,WIND_DIREC,94,106,103,97,72,73,94,82,90,123,258,290,331,287,25,285,270,269,97,277,285,325,65,51,
鳳山,2023/12/09 00:00:00,WIND_SPEED,0.6,0.3,0.4,0.6,0.3,0.3,0.5,0.4,0.7,1,0.8,0.9,0.7,1.3,0.7,1.4,1,0.7,0.4,0.6,0.8,0.4,0.3,0.3,
鳳山,2023/12/09 00:00:00,WS_HR,0.6,0.3,0.4,0.5,0.4,0.4,0.3,0.4,0.6,0.1,0.4,0.3,0.6,0.8,0.7,1,1,0.4,0.2,0.3,0.3,0.1,0.3,0.2,
鳳山,2023/12/10 00:00:00,AMB_TEMP,24.9,24.6,24.2,23.8,23.8,23.6,23.4,23.9,26,27.9,29,30.7,30.9,30.3,29.9,29.7,28.8,28.4,28.1,27.5,26.9,26.5,25.7,25.2,
鳳山,2023/12/10 00:00:00,CH4,2.31,2.28,2.3,2.32,2.39,2.26,2.38,2.58,2.37,2.23,2.19,2.15,2.22,2.25,2.21,2.18,2.16,2.15,2.14,2.18,2.26,2.4,2.8,2.67,
鳳山,2023/12/10 00:00:00,CO,0.46,0.37,0.38,0.33,0.39,0.35,0.52,0.79,0.72,0.58,0.71,0.6,0.58,0.56,0.55,0.59,0.68,0.9,0.84,0.75,0.79,0.8,0.67,0.63,
鳳山,2023/12/10 00:00:00,NMHC,0.21,0.11,0.12,0.11,0.16,0.15,0.22,0.38,0.28,0.21,0.22,0.24,0.19,0.17,0.14,0.16,0.18,0.28,0.25,0.24,0.29,0.34,0.25,0.31,
鳳山,2023/12/10 00:00:00,NO,0.7,0.8,0.9,0.8,0.9,0.8,1.1,3.5,3.7,3,1.9,1.8,1.4,1.5,1.4,1.6,2,1.7,1.7,1.1,0.9,0.8,1.1,1,
鳳山,2023/12/10 00:00:00,NO2,14.1,9.5,9.4,8.5,10.4,9.9,15.7,22.7,19.3,19.1,16.9,15.3,16.6,18.8,15.8,20.7,22.5,22.6,23.3,20.5,23.7,29.5,24,18,
鳳山,2023/12/10 00:00:00,NOx,14.8,10.4,10.3,9.3,11.4,10.8,16.8,26.3,23,22.2,18.9,17.2,18,20.4,17.2,22.3,24.5,24.3,25.1,21.6,24.6,30.4,25.2,19,
鳳山,2023/12/10 00:00:00,O3,39.7,37.2,37.3,31,28,29.2,19.1,13.3,35.4,53.7,78.8,84,94.2,90.6,87.1,76,67.1,52,46.2,41.9,31.1,21.8,23.6,28,
鳳山,2023/12/10 00:00:00,PM10,56,42,40,36,48,27,38,46,50,45,50,42,58,61,56,57,51,41,40,42,44,58,73,82,
鳳山,2023/12/10 00:00:00,PM2.5,31,23,22,24,24,13,19,31,28,21,24,19,34,36,31,27,25,22,20,20,26,31,44,51,
鳳山,2023/12/10 00:00:00,RAINFALL,0,0,0,0,0,0,0,0,0,0,0,0,0,0,0,0,0,0,0,0,0,0,0,0,
鳳山,2023/12/10 00:00:00,RH,59,64,67,70,70,70,73,74,61,52,47,41,42,45,49,50,52,55,56,61,66,64,81,89,
鳳山,2023/12/10 00:00:00,SO2,2.4,0.9,0.8,0.5,0.8,0.9,0.7,1,1.4,2,2.6,2.5,2.2,2.5,2.1,2,2.2,1.5,1.2,1,1,1.5,1.2,1,
鳳山,2023/12/10 00:00:00,THC,2.52,2.39,2.42,2.43,2.55,2.41,2.6,2.96,2.65,2.44,2.41,2.39,2.41,2.42,2.35,2.34,2.34,2.43,2.39,2.42,2.55,2.74,3.05,2.98,
鳳山,2023/12/10 00:00:00,WD_HR,92,88,92,91,87,82,79,84,204,260,113,270,237,252,244,266,268,298,293,66,86,68,89,79,
鳳山,2023/12/10 00:00:00,WIND_DIREC,100,108,95,86,108,64,85,64,254,191,11,260,241,257,257,268,306,292,241,91,73,78,62,74,
鳳山,2023/12/10 00:00:00,WIND_SPEED,0.4,0.3,0.5,0.3,0.4,0.3,0.3,0.3,0.7,0.8,1.1,1.1,1.2,1.1,0.9,1,0.9,0.6,0.4,0.3,0.3,0.3,0.3,0.3,
鳳山,2023/12/10 00:00:00,WS_HR,0.3,0.4,0.4,0.5,0.4,0.3,0.3,0.3,0,0,0.1,0.3,0.3,0.7,0.5,0.6,0.6,0.5,0.3,0.2,0.4,0.3,0.3,0.3,
鳳山,2023/12/11 00:00:00,AMB_TEMP,25.1,24.9,24.9,24.9,25,25.1,25.1,25.3,26,27.4,29.2,30.1,30.2,29.2,29.9,29.6,29.3,28.3,27.8,27.4,26.9,26.4,26.1,25.9,
鳳山,2023/12/11 00:00:00,CH4,2.7,2.61,2.37,2.29,2.28,2.23,2.33,2.33,2.18,2.23,2.15,2.05,2.14,2.25,2.19,2.12,2.06,2.06,2.05,2.05,2.17,2.28,2.31,2.22,
鳳山,2023/12/11 00:00:00,CO,0.64,0.56,0.54,0.53,0.5,0.51,0.59,0.79,0.69,0.8,0.66,0.49,0.78,0.8,0.69,0.68,0.63,0.91,0.73,0.67,0.88,0.82,0.75,0.6,
鳳山,2023/12/11 00:00:00,NMHC,0.2,0.15,0.11,0.11,0.11,0.1,0.13,0.2,0.15,0.22,0.18,0.13,0.32,0.48,0.33,0.31,0.18,0.26,0.21,0.19,0.42,0.49,0.47,0.35,
鳳山,2023/12/11 00:00:00,NO,0.9,1,1,1.3,1.1,0.9,1.2,1.7,2.2,3.9,5,2.8,3.8,3.5,3.4,2.4,3.3,5.4,4.9,4.3,6.3,2.3,1.6,1.3,
鳳山,2023/12/11 00:00:00,NO2,16.1,11.7,9.2,7.3,6.9,6.6,10.4,15.6,15.7,21.6,20,11,28.8,26.2,23.3,24.9,23.7,31.7,35.4,34.6,35.9,35.2,32.4,22.9,
鳳山,2023/12/11 00:00:00,NOx,17.1,12.8,10.3,8.7,8,7.6,11.6,17.4,18,25.5,25,13.8,32.7,29.7,26.7,27.4,27.1,37.1,40.4,38.9,42.2,37.5,34,24.2,
鳳山,2023/12/11 00:00:00,O3,27.6,34.2,40.7,42.9,44.7,44.6,32.6,23.4,28.5,35.4,40,47.4,34.5,48.3,46.4,37.1,26.3,10.4,4.2,2.2,1.2,4.3,7,13.1,
鳳山,2023/12/11 00:00:00,PM10,72,71,67,62,51,49,53,61,56,58,51,39,41,65,#,50,30,29,25,23,39,53,58,54,
鳳山,2023/12/11 00:00:00,PM2.5,52,51,42,42,36,34,35,35,27,31,26,16,22,#,#,22,12,9,9,11,11,20,27,26,
鳳山,2023/12/11 00:00:00,RAINFALL,0,0,0,0,0,0,0,0,0,0,0,0,0,0,0,0,0,0,0,0,0,0,0,0,
鳳山,2023/12/11 00:00:00,RH,89,87,82,78,76,74,75,74,70,66,61,58,58,63,60,62,65,70,74,83,87,88,89,90,
鳳山,2023/12/11 00:00:00,SO2,0.8,1.5,1.5,1.6,1.7,1.6,1.8,1.8,2.6,4.8,5.5,2.6,3.3,3,3.3,2.8,3.2,3.2,3.1,2.5,2,2.2,2.1,2.2,
鳳山,2023/12/11 00:00:00,THC,2.9,2.76,2.48,2.4,2.39,2.33,2.46,2.53,2.33,2.45,2.33,2.18,2.46,2.73,2.52,2.43,2.24,2.32,2.26,2.24,2.59,2.77,2.78,2.57,
鳳山,2023/12/11 00:00:00,WD_HR,58,96,91,84,84,76,89,92,90,116,110,189,291,283,293,285,280,303,10,8,68,57,73,74,
鳳山,2023/12/11 00:00:00,WIND_DIREC,87,109,96,69,101,67,83,103,46,196,109,356,285,285,112,308,259,16,43,6,77,59,63,72,
鳳山,2023/12/11 00:00:00,WIND_SPEED,0.5,0.5,0.6,0.3,0.4,0.4,0.4,0.7,0.4,0.8,0.8,0.7,1,1.1,0.5,0.7,0.5,0.3,0.3,0.3,0.3,0.3,0.3,0.3,
鳳山,2023/12/11 00:00:00,WS_HR,0.2,0.5,0.5,0.3,0.3,0.3,0.3,0.4,0.4,0.1,0.2,0.2,0.5,0.9,0.3,0.3,0.3,0.2,0.1,0.2,0.3,0.3,0.3,0.3,
鳳山,2023/12/12 00:00:00,AMB_TEMP,25.5,25.3,25.1,24.9,24.8,24.9,24.7,25.4,26.6,28.1,29.1,30.6,31.4,31.2,29.4,28.9,28.4,27.9,27.5,27.2,26.5,25.5,25.1,24.3,
鳳山,2023/12/12 00:00:00,CH4,2.35,2.39,2.51,2.46,2.51,2.41,2.36,2.36,2.22,2.2,2.25,2.27,2.26,2.19,2.14,2.15,2.14,2.17,2.2,2.23,2.23,2.24,2.27,2.29,
鳳山,2023/12/12 00:00:00,CO,0.67,0.57,0.58,0.47,0.49,0.5,0.53,0.88,0.7,0.57,0.63,0.74,0.67,0.58,0.58,0.79,0.93,1.31,1.31,1.01,0.74,0.67,0.66,0.54,
鳳山,2023/12/12 00:00:00,NMHC,0.47,0.37,0.34,0.25,0.28,0.26,0.22,0.34,0.2,0.23,0.25,0.3,0.22,0.18,0.16,0.23,0.27,0.41,0.41,0.36,0.29,0.28,0.28,0.23,
鳳山,2023/12/12 00:00:00,NO,1.4,0.5,0.3,0.1,0.3,0.2,0.7,6.3,8.8,7.5,6,3.5,2.2,1.3,1.1,1.4,2.5,4.1,3.5,3.1,2.4,2.7,3.1,2,
鳳山,2023/12/12 00:00:00,NO2,24.2,22.6,22.9,16.9,17.8,16.4,17.1,23.1,21,22,24.4,26.2,21.2,16.5,15.7,21.9,29.8,35.9,37.4,35,27.1,27,26,25.6,
鳳山,2023/12/12 00:00:00,NOx,25.6,23.2,23.3,17.1,18.2,16.6,17.8,29.4,29.8,29.5,30.5,29.7,23.5,17.8,16.8,23.4,32.3,40.1,41,38.2,29.6,29.8,29.1,27.7,
鳳山,2023/12/12 00:00:00,O3,6.6,8,5.4,10.2,6.5,10.5,7,5.1,12.3,19.3,34.1,55.5,64,63.3,58.1,52.3,42.9,30.7,22,17.7,15.2,9.7,6.3,3.7,
鳳山,2023/12/12 00:00:00,PM10,63,55,51,55,43,49,53,60,53,54,83,66,64,59,63,66,65,63,63,64,59,53,51,53,
鳳山,2023/12/12 00:00:00,PM2.5,27,27,26,28,26,24,32,28,29,26,37,38,36,34,21,21,21,16,19,22,20,17,18,20,
鳳山,2023/12/12 00:00:00,RAINFALL,0,0,0,0,0,0,0,0,0,0,0,0,0,0,0,0,0,0,0,0,0,0,0,0,
鳳山,2023/12/12 00:00:00,RH,91,92,93,94,95,94,95,93,78,68,63,56,54,57,66,67,69,71,73,72,70,74,75,79,
鳳山,2023/12/12 00:00:00,SO2,2.1,2.1,1.8,1.5,1.3,1.3,1.2,1.7,2.6,3.5,4,3.7,3,2.9,2.1,2,2,1.8,1.6,2,2.1,2.2,2.5,2.4,
鳳山,2023/12/12 00:00:00,THC,2.82,2.76,2.85,2.71,2.79,2.67,2.58,2.7,2.42,2.43,2.5,2.57,2.48,2.37,2.3,2.38,2.41,2.58,2.61,2.59,2.52,2.52,2.55,2.52,
鳳山,2023/12/12 00:00:00,WD_HR,78,73,85,80,59,78,78,84,215,61,230,262,281,291,259,275,265,271,280,276,272,275,281,277,
鳳山,2023/12/12 00:00:00,WIND_DIREC,50,48,92,95,34,85,77,99,147,81,278,242,279,276,288,280,267,265,295,277,246,297,286,281,
鳳山,2023/12/12 00:00:00,WIND_SPEED,0.3,0.3,0.4,0.3,0.3,0.3,0.3,0.5,0.7,1.1,1,1,1.3,1.3,0.9,0.8,0.8,0.7,0.3,0.6,0.5,0.6,0.7,1.1,
鳳山,2023/12/12 00:00:00,WS_HR,0.3,0.3,0.3,0.2,0.3,0.3,0.3,0.3,0.1,0.2,0.1,0.6,0.8,1,0.9,0.8,0.6,0.6,0.3,0.5,0.5,0.5,0.6,0.8,
鳳山,2023/12/13 00:00:00,AMB_TEMP,23.8,23.1,22.6,22.3,22.2,22,21.8,22.3,24.1,26,27.4,28.5,29.3,29.6,29.3,28.5,27.7,26.8,26.3,26.1,26.1,25.6,25.3,24.7,
鳳山,2023/12/13 00:00:00,CH4,2.32,2.31,2.33,2.32,2.3,2.32,2.32,2.34,2.33,2.3,2.27,2.2,2.13,2.13,2.14,2.11,2.13,2.12,2.12,2.12,2.11,2.16,2.27,2.3,
鳳山,2023/12/13 00:00:00,CO,0.55,0.5,0.5,0.49,0.5,0.55,0.66,1.03,1.14,1.01,0.92,0.85,0.66,0.56,0.65,0.6,0.8,0.9,0.86,0.7,0.56,0.67,0.81,0.63,
鳳山,2023/12/13 00:00:00,NMHC,0.21,0.2,0.22,0.22,0.23,0.3,0.32,0.45,0.5,0.45,0.42,0.25,0.16,0.12,0.17,0.16,0.23,0.31,0.26,0.2,0.12,0.19,0.33,0.31,
鳳山,2023/12/13 00:00:00,NO,2.7,5.6,2.5,3.2,4.8,7.3,15.5,32.6,36.7,21.8,10.8,4.4,2.4,1.5,1.5,1.4,1.7,1.6,1.6,1.2,0.8,0.8,0.6,0.7,
鳳山,2023/12/13 00:00:00,NO2,25,25.5,23.8,22.7,22.1,22,19.6,21.2,29.1,34,35.2,24.2,15.4,14.3,17.1,16.4,24.8,27.7,24.6,21.7,19,19.3,22.3,20.6,
鳳山,2023/12/13 00:00:00,NOx,27.7,31.2,26.4,25.9,26.9,29.3,35.2,53.9,65.9,55.9,46.1,28.7,17.8,15.8,18.7,17.9,26.5,29.3,26.3,22.9,19.9,20.1,22.9,21.3,
鳳山,2023/12/13 00:00:00,O3,2.2,1.2,0.5,0.3,0.1,0.3,0.1,1.2,3.6,9.6,25.5,48.6,58.5,61.3,68.9,60,51.7,42.2,44.7,45.7,48.6,39.9,26.2,24,
鳳山,2023/12/13 00:00:00,PM10,49,44,35,35,33,28,35,46,57,70,68,63,46,43,49,44,49,51,44,46,46,47,51,66,
鳳山,2023/12/13 00:00:00,PM2.5,19,15,14,14,11,16,13,17,27,28,32,30,24,19,29,25,21,23,22,13,18,22,21,31,
鳳山,2023/12/13 00:00:00,RAINFALL,0,0,0,0,0,0,0,0,0,0,0,0,0,0,0,0,0,0,0,0,0,0,0,0,
鳳山,2023/12/13 00:00:00,RH,78,81,86,87,88,88,89,88,76,68,63,60,58,56,57,60,63,67,70,73,73,77,82,87,
鳳山,2023/12/13 00:00:00,SO2,2.6,2.2,2.4,2.4,2.4,2.3,2.7,2.9,3.5,3.8,3.8,3.2,2.1,1.4,1.6,1.6,2,2.2,1.7,1.9,1.6,1.6,0.9,1.5,
鳳山,2023/12/13 00:00:00,THC,2.53,2.51,2.55,2.54,2.53,2.62,2.64,2.79,2.83,2.75,2.69,2.45,2.29,2.25,2.31,2.27,2.36,2.43,2.38,2.32,2.23,2.35,2.6,2.61,
鳳山,2023/12/13 00:00:00,WD_HR,284,283,280,280,279,282,283,276,285,269,270,269,269,266,274,272,280,289,258,270,306,23,76,44,
鳳山,2023/12/13 00:00:00,WIND_DIREC,283,267,283,267,308,263,264,287,283,151,279,259,272,297,281,290,303,299,292,64,312,83,55,277,
鳳山,2023/12/13 00:00:00,WIND_SPEED,0.9,0.4,1.3,1.1,0.5,0.6,0.7,0.7,1.3,0.9,1,1,1.2,1.4,1,0.9,0.5,0.5,0.4,0.3,0.3,0.3,0.3,0.6,
鳳山,2023/12/13 00:00:00,WS_HR,0.8,0.9,0.9,1.1,0.5,0.9,0.9,0.7,0.9,0.5,0.4,0.6,0.8,1,0.8,0.6,0.4,0.3,0.3,0.3,0.3,0.1,0.3,0.1,
鳳山,2023/12/14 00:00:00,AMB_TEMP,24.1,23.5,23.3,23.2,23,22.7,22.7,23.1,24.6,26.1,27.1,27.7,28.1,29,28.9,28.3,27.4,26.6,26.3,25.9,25.4,24.9,24.3,23.8,
鳳山,2023/12/14 00:00:00,CH4,2.37,2.34,2.31,2.34,2.35,2.36,2.34,2.34,2.33,2.26,2.28,2.24,2.22,2.19,2.15,2.13,2.13,2.14,2.14,2.17,2.19,2.19,2.23,2.24,
鳳山,2023/12/14 00:00:00,CO,0.59,0.47,0.48,0.48,0.47,0.57,0.71,0.81,1.01,0.89,1.1,1,0.82,0.76,0.66,0.77,0.94,1.16,0.98,0.83,0.77,0.75,0.68,0.53,
鳳山,2023/12/14 00:00:00,NMHC,0.32,0.3,0.18,0.31,0.25,0.28,0.35,0.35,0.35,0.26,0.36,0.34,0.36,0.23,0.25,0.22,0.29,0.34,0.32,0.35,0.34,0.39,0.39,0.25,
鳳山,2023/12/14 00:00:00,NO,1.1,0.7,0.8,1.1,0.9,2.1,8.3,11.3,6.8,4.4,5.7,2.7,1.6,1.4,1.8,2.1,3.7,3.7,2.2,2.6,1.7,3.1,2.6,1,
鳳山,2023/12/14 00:00:00,NO2,20.8,18.7,15.9,22.3,19.9,20.7,23.5,23.6,26.9,23.4,35.8,30.3,22.3,20.3,18.5,21.2,29.1,32.7,30.9,30.9,27.8,30.6,31.8,23.4,
鳳山,2023/12/14 00:00:00,NOx,21.9,19.5,16.7,23.4,20.9,22.8,31.8,34.9,33.8,27.8,41.5,33.1,24,21.7,20.3,23.4,32.9,36.5,33.2,33.5,29.5,33.7,34.5,24.4,
鳳山,2023/12/14 00:00:00,O3,16.2,16.1,14.9,7.1,9.7,2.5,0.6,2.4,14.7,30.6,39.5,57.9,73.5,84.3,69.4,56.9,44.6,34.2,28.9,22.7,20.2,12.8,8.5,12.5,
鳳山,2023/12/14 00:00:00,PM10,59,59,59,56,69,64,67,63,115,90,103,103,91,84,66,58,62,57,61,67,63,72,63,59,
鳳山,2023/12/14 00:00:00,PM2.5,25,24,27,22,26,25,29,32,44,53,66,66,63,53,35,25,33,24,26,25,29,29,28,24,
鳳山,2023/12/14 00:00:00,RAINFALL,0,0,0,0,0,0,0,0,0,0,0,0,0,0,0,0,0,0,0,0,0,0,0,0,
鳳山,2023/12/14 00:00:00,RH,89,91,92,93,93,94,94,94,90,79,69,65,63,59,59,59,65,71,72,74,80,87,90,92,
鳳山,2023/12/14 00:00:00,SO2,1.3,1.5,2,2.8,2.8,2.3,2.6,3.1,2.9,3.3,5.9,6,3.9,2.9,2.2,2,1.7,1.5,1.5,1.6,1.5,1.6,2.4,1.7,
鳳山,2023/12/14 00:00:00,THC,2.69,2.64,2.49,2.65,2.6,2.64,2.69,2.69,2.68,2.52,2.64,2.58,2.58,2.42,2.4,2.35,2.42,2.48,2.46,2.52,2.53,2.58,2.62,2.49,
鳳山,2023/12/14 00:00:00,WD_HR,278,296,283,275,286,280,291,98,96,97,96,296,61,278,280,276,277,281,269,62,330,284,297,65,
鳳山,2023/12/14 00:00:00,WIND_DIREC,265,21,272,286,311,290,51,132,96,104,97,68,288,278,270,288,311,271,269,87,303,276,276,64,
鳳山,2023/12/14 00:00:00,WIND_SPEED,0.6,0.4,0.5,1,0.6,0.5,0.3,0.3,0.5,1,0.4,0.7,1,1.2,0.8,0.9,0.4,0.7,0.7,0.5,0.4,0.5,0.3,0.3,
鳳山,2023/12/14 00:00:00,WS_HR,0.4,0.2,0.7,0.4,0.8,0.6,0.2,0.4,0.3,0.3,0.3,0.1,0.1,0.8,0.6,0.8,0.7,0.5,0.4,0.1,0.1,0.4,0.2,0.3,
鳳山,2023/12/15 00:00:00,AMB_TEMP,23.3,23.2,23.1,23,23,22.6,22.6,22.8,24.1,26.1,28,29.6,30.4,30.8,30.8,30.7,29.6,28.2,27.3,27,26.8,26.4,26.1,26.2,
鳳山,2023/12/15 00:00:00,CH4,2.26,2.38,2.42,2.34,2.41,2.37,2.34,2.39,2.25,2.19,2.14,2.11,2.11,2.11,2.14,2.15,2.14,2.16,2.19,2.19,2.16,2.16,2.24,2.2,
鳳山,2023/12/15 00:00:00,CO,0.46,0.45,0.47,0.45,0.47,0.5,0.65,0.8,0.67,0.56,0.48,0.56,0.55,0.51,0.63,0.73,1.01,1.18,1.23,0.86,0.76,0.81,0.78,0.58,
鳳山,2023/12/15 00:00:00,NMHC,0.23,0.16,0.15,0.26,0.31,0.29,0.23,0.33,0.23,0.19,0.14,0.19,0.19,0.16,0.24,0.26,0.34,0.34,0.32,0.25,0.24,0.25,0.3,0.23,
鳳山,2023/12/15 00:00:00,NO,0.6,0,0,0.3,0.4,0.3,2.2,8.7,4.5,2.4,1.9,1.7,1.7,0.8,1.5,0.9,3,2,2.7,2,1.5,1.2,0.9,0.6,
鳳山,2023/12/15 00:00:00,NO2,18.3,11.7,10.5,9.1,9.8,10.9,16,22.6,16.2,14.4,10.9,13.8,17.7,15.3,22,22.8,32.9,33.4,32,27,27,26.3,30.1,22.6,
鳳山,2023/12/15 00:00:00,NOx,18.9,11.8,10.5,9.4,10.2,11.2,18.2,31.4,20.7,16.9,12.8,15.6,19.4,16.1,23.5,23.7,35.9,35.4,34.7,29.1,28.5,27.6,31.1,23.2,
鳳山,2023/12/15 00:00:00,O3,13.7,20.9,24.1,24.8,22.8,21.5,13.8,7.1,21.4,37.3,51,61.8,78.8,86.3,74,73,52.9,44,39.9,38,28,24.6,15.9,22.7,
鳳山,2023/12/15 00:00:00,PM10,54,66,62,63,70,69,63,78,70,69,53,52,49,49,51,56,52,38,53,49,37,36,39,31,
鳳山,2023/12/15 00:00:00,PM2.5,26,28,37,35,41,41,38,41,44,42,27,21,26,24,26,21,28,23,32,26,21,23,19,16,
鳳山,2023/12/15 00:00:00,RAINFALL,0,0,0,0,0,0,0,0,0,0,0,0,0,0,0,0,0,0,0,0,0,0,0,0,
鳳山,2023/12/15 00:00:00,RH,93,95,95,94,94,95,94,95,91,76,60,50,45,43,45,45,47,53,64,62,58,60,64,66,
鳳山,2023/12/15 00:00:00,SO2,1.3,2.2,1.9,1.8,2.3,2,1.8,2.3,2.3,2.6,2.4,2.4,2.8,2.7,2.5,2.4,2.2,2.2,2.1,2.4,2.9,2.3,2.4,2.1,
鳳山,2023/12/15 00:00:00,THC,2.49,2.54,2.57,2.6,2.72,2.66,2.57,2.72,2.48,2.38,2.28,2.3,2.3,2.27,2.38,2.41,2.48,2.5,2.51,2.44,2.4,2.41,2.54,2.43,
鳳山,2023/12/15 00:00:00,WD_HR,82,97,86,60,77,94,312,290,101,109,126,267,167,287,288,300,281,298,272,265,283,338,66,330,
鳳山,2023/12/15 00:00:00,WIND_DIREC,70,93,80,31,76,77,284,96,106,74,106,289,152,274,300,317,288,#,294,244,23,31,40,309,
鳳山,2023/12/15 00:00:00,WIND_SPEED,0.3,0.4,0.3,0.3,0.3,0.3,1.1,0.5,0.6,0.4,0.7,0.6,0.7,1.1,0.7,0.6,0.6,#,0.5,0.3,0.3,0.3,0.3,0.4,
鳳山,2023/12/15 00:00:00,WS_HR,0.3,0.5,0.3,0.2,0.3,0.3,0.1,0.2,0.3,0.4,0.3,0.2,0.1,0.2,0.7,0.4,0.7,0.7,0.4,0.2,0.2,0.2,0.2,0.2,
鳳山,2023/12/16 00:00:00,AMB_TEMP,25.5,25,24.6,24.1,23.8,23.6,23.4,24.2,26,27.5,29,29.9,29.6,29.5,28.1,26.8,25,23.2,22.1,20.7,19.6,19,18.5,17.9,
鳳山,2023/12/16 00:00:00,CH4,2.29,2.29,2.4,2.47,2.45,2.36,2.31,2.31,2.31,2.15,2.11,2.19,2.19,2.22,2.18,2.18,2.19,2.19,2.22,2.24,2.24,2.25,2.25,2.27,
鳳山,2023/12/16 00:00:00,CO,0.53,0.47,0.42,0.42,0.44,0.44,0.5,0.84,0.76,0.57,0.52,0.68,0.79,0.76,0.68,0.68,0.7,0.77,0.78,0.75,0.73,0.72,0.7,0.64,
鳳山,2023/12/16 00:00:00,NMHC,0.26,0.25,0.17,0.17,0.18,0.2,0.19,0.32,0.37,0.19,0.16,0.2,0.2,0.2,0.21,0.2,0.21,0.23,0.23,0.21,0.18,0.19,0.17,0.15,
鳳山,2023/12/16 00:00:00,NO,0.4,0.6,0.7,0.8,0.8,0.8,1.8,6.4,10.5,5.9,3.3,3.4,3.5,3.3,2.8,2.4,2.4,3.3,3.7,3.6,3.4,2.9,2.6,2,
鳳山,2023/12/16 00:00:00,NO2,18.5,16.8,14.2,12.9,12.3,12.2,13.3,23.1,29.9,15.6,12.9,17.2,17,17.2,16.4,17.4,18.2,18.3,18.1,17.8,17.5,16.7,16.1,14.3,
鳳山,2023/12/16 00:00:00,NOx,18.9,17.4,14.9,13.8,13.1,13,15.2,29.5,40.4,21.5,16.3,20.6,20.6,20.5,19.2,19.8,20.6,21.7,21.9,21.4,21,19.6,18.7,16.4,
鳳山,2023/12/16 00:00:00,O3,17.5,18.1,18,18.3,18.5,18.8,18.8,14,15.9,29,38.9,46.5,47.6,46.4,50.8,49.2,42.4,31.2,21.9,15.1,11.5,10.4,10.3,12,
鳳山,2023/12/16 00:00:00,PM10,36,47,42,41,42,42,37,49,54,38,38,40,69,120,133,147,134,127,113,78,69,48,37,31,
鳳山,2023/12/16 00:00:00,PM2.5,23,28,21,23,27,27,24,24,32,19,5,16,17,17,16,23,20,15,21,15,10,14,10,6,
鳳山,2023/12/16 00:00:00,RAINFALL,0,0,0,0,0,0,0,0,0,0,0,0,0,0,0,0,0,0,0,0,0,0,0,0,
鳳山,2023/12/16 00:00:00,RH,71,71,74,79,85,87,87,83,69,57,50,48,54,49,48,48,48,48,50,53,55,57,57,58,
鳳山,2023/12/16 00:00:00,SO2,2,1.3,1.3,1,0.8,1,1.2,1.6,3.3,2.5,1.7,2.2,2.2,2.1,2,2.1,1.8,1.4,1.4,1.3,1.1,1.1,1.2,1.2,
鳳山,2023/12/16 00:00:00,THC,2.55,2.54,2.57,2.64,2.63,2.56,2.5,2.63,2.68,2.34,2.27,2.39,2.39,2.42,2.39,2.38,2.4,2.42,2.45,2.45,2.42,2.44,2.42,2.42,
鳳山,2023/12/16 00:00:00,WD_HR,76,88,90,87,78,79,65,292,92,257,237,285,281,274,273,278,272,273,272,271,272,268,275,269,
鳳山,2023/12/16 00:00:00,WIND_DIREC,86,77,88,47,284,51,336,282,104,280,266,295,282,269,284,274,284,275,265,267,276,263,272,274,
鳳山,2023/12/16 00:00:00,WIND_SPEED,0.5,0.3,0.3,0.3,0.3,0.3,0.3,0.8,0.7,0.8,0.8,1.6,1.8,1.5,1.4,1.6,1.7,1.2,1.5,1.7,1.8,1.7,1.7,1.1,
鳳山,2023/12/16 00:00:00,WS_HR,0.3,0.3,0.3,0.3,0,0.2,0.2,0.2,0.2,0.2,0.1,0.9,1.3,1.1,1.2,1.3,1.2,1.1,1.1,1.2,1.2,1.2,1.4,0.9,
鳳山,2023/12/17 00:00:00,AMB_TEMP,17.4,16.9,17,16.5,16.5,17.1,16.9,16.8,17.6,19,21.1,22.6,23,22.6,23.4,22.8,22.2,22.2,22.1,21.6,21.1,20.9,20.7,20.2,
鳳山,2023/12/17 00:00:00,CH4,2.27,2.25,2.24,2.23,2.23,2.24,2.24,2.23,2.24,2.25,2.27,2.18,2.17,2.15,2.15,2.15,2.16,2.17,2.18,2.22,2.22,2.23,2.26,2.29,
鳳山,2023/12/17 00:00:00,CO,0.6,0.54,0.51,0.48,0.48,0.52,0.55,0.6,0.64,0.66,0.82,0.68,0.6,0.57,0.59,0.63,0.7,0.71,0.66,0.57,0.57,0.55,0.62,0.58,
鳳山,2023/12/17 00:00:00,NMHC,0.15,0.15,0.12,0.12,0.11,0.13,0.15,0.17,0.16,0.15,0.27,0.17,0.13,0.1,0.11,0.13,0.15,0.14,0.13,0.13,0.11,0.11,0.19,0.21,
鳳山,2023/12/17 00:00:00,NO,1.3,1,1.3,1.1,1.3,2,2.9,6.1,21.9,6.9,13.2,9.4,4,3.2,3.1,2.3,2.9,2.3,2.2,1.5,1.9,1.6,3.3,3.2,
鳳山,2023/12/17 00:00:00,NO2,13.8,12.7,12.8,11.9,12.1,14.8,15,15.2,21,15.7,26.4,20.6,16.3,15.5,14.3,16.5,19.2,18.1,16.8,16.8,16,15.4,23.5,23.5,
鳳山,2023/12/17 00:00:00,NOx,15.1,13.7,14.2,13.1,13.4,16.8,17.9,21.4,43,22.6,39.6,30,20.3,18.8,17.4,18.9,22.1,20.5,19.1,18.4,17.9,17.1,26.8,26.8,
鳳山,2023/12/17 00:00:00,O3,12.8,13.7,13.4,14,12.6,8.5,8.3,7.7,7.7,13.6,16.1,26.9,36.3,40.2,44.7,46,42,40,36.6,27.8,26.7,24.5,13.7,9,
鳳山,2023/12/17 00:00:00,PM10,23,23,23,24,26,21,22,28,34,35,46,35,33,25,32,35,38,42,38,51,40,39,41,38,
鳳山,2023/12/17 00:00:00,PM2.5,9,10,9,11,12,10,11,7,11,17,23,12,14,12,11,11,13,15,12,32,19,22,28,20,
鳳山,2023/12/17 00:00:00,RAINFALL,0,0,0,0,0,0,0,0,0,0,0,0,0,0,0,0,0,0,0,0,0,0,0,0,
鳳山,2023/12/17 00:00:00,RH,59,65,60,68,70,67,66,70,68,63,56,55,53,54,51,54,57,57,56,53,53,55,56,58,
鳳山,2023/12/17 00:00:00,SO2,1.4,1.8,1.8,1.7,1.7,1.8,2,2.2,2.3,2.8,3.9,3,2.4,1.8,2.2,2.1,2,1.8,1.8,2.7,2,1.8,2.5,3,
鳳山,2023/12/17 00:00:00,THC,2.42,2.4,2.36,2.35,2.34,2.37,2.39,2.4,2.4,2.4,2.54,2.35,2.3,2.25,2.26,2.28,2.31,2.31,2.31,2.35,2.33,2.34,2.45,2.5,
鳳山,2023/12/17 00:00:00,WD_HR,275,276,281,277,279,283,275,279,277,99,296,273,269,233,271,249,266,285,316,93,228,25,290,282,
鳳山,2023/12/17 00:00:00,WIND_DIREC,269,276,283,285,322,297,277,4,96,137,277,270,293,249,268,245,295,284,96,105,355,286,285,282,
鳳山,2023/12/17 00:00:00,WIND_SPEED,1.5,1.2,1.9,1.2,0.5,0.7,1.2,0.6,0.8,0.5,1,1.3,0.8,0.8,1.2,1.1,1.1,0.5,0.4,0.6,0.5,0.8,0.7,1.1,
鳳山,2023/12/17 00:00:00,WS_HR,1.3,1,1.2,0.9,1,0.3,1,0.8,0.3,0.4,0.4,0.8,0.6,0.3,0.5,0.6,0.7,0.5,0.3,0.3,0,0.1,0.4,0.5,
鳳山,2023/12/18 00:00:00,AMB_TEMP,19.7,19.1,18.7,18.8,19,19.2,19.1,19.3,20.9,23.1,24.8,25.9,26.3,26.6,26.6,26.4,25.3,24,23.7,23,22.5,22.2,21.8,21.5,
鳳山,2023/12/18 00:00:00,CH4,2.27,2.27,2.26,2.22,2.21,2.24,2.28,2.35,2.34,2.26,2.19,2.22,2.25,2.19,2.17,#,2.12,2.11,2.12,2.12,2.14,2.18,2.19,2.18,
鳳山,2023/12/18 00:00:00,CO,0.5,0.47,0.43,0.41,0.41,0.48,0.61,1.03,0.93,0.74,0.7,0.71,0.81,0.63,0.65,#,0.76,0.69,0.7,0.61,0.54,0.65,0.48,0.46,
鳳山,2023/12/18 00:00:00,NMHC,0.21,0.19,0.14,0.11,0.08,0.1,0.19,0.43,0.39,0.24,0.19,0.24,0.22,0.16,0.15,#,0.24,0.24,0.23,0.2,0.19,0.3,0.24,0.16,
鳳山,2023/12/18 00:00:00,NO,1.8,1,1.5,1.4,1.1,1.1,4.2,26.2,23.6,8.7,5.7,5.6,5.1,2.3,2.4,#,5.1,4.6,4.9,3.6,2.2,4.2,2.5,1,
鳳山,2023/12/18 00:00:00,NO2,22.8,20.5,21.2,17.3,9.1,10.3,18.7,25.4,30.7,25.9,20.5,21.7,24.8,18,17.7,#,26.1,23.2,25,20.5,18.4,28.4,23.9,13.4,
鳳山,2023/12/18 00:00:00,NOx,24.6,21.5,22.8,18.8,10.2,11.5,23,51.6,54.3,34.7,26.3,27.4,29.9,20.3,20.1,#,31.2,27.9,29.9,24.1,20.6,32.6,26.4,14.5,
鳳山,2023/12/18 00:00:00,O3,8,6.8,4.1,10.3,20.6,19.8,11.3,2.6,9,27.7,33.2,38,47.1,58.2,#,46.8,28.9,24.4,21,22.2,21.2,9.2,12,19.4,
鳳山,2023/12/18 00:00:00,PM10,42,40,36,41,39,39,39,49,57,48,39,42,57,40,#,#,51,49,42,39,36,41,35,38,
鳳山,2023/12/18 00:00:00,PM2.5,23,24,24,24,21,24,26,29,32,18,13,10,25,22,17,#,21,14,14,12,14,17,13,13,
鳳山,2023/12/18 00:00:00,RAINFALL,0,0,0,0,0,0,0,0,0,0,0,0,0,0,#,0,0,0,0,0,0,0,0,0,
鳳山,2023/12/18 00:00:00,RH,59,62,65,65,63,64,66,66,61,54,48,44,44,44,47,51,56,60,62,66,70,75,82,86,
鳳山,2023/12/18 00:00:00,SO2,2.9,2.4,2.2,2.5,1.7,1.4,1.5,2.1,2.8,2.5,1.9,2.2,2.1,2.1,2,#,1.6,1.2,1.5,1.5,1.5,2.4,2.1,1.7,
鳳山,2023/12/18 00:00:00,THC,2.48,2.46,2.4,2.33,2.29,2.34,2.47,2.78,2.73,2.5,2.38,2.46,2.47,2.35,2.32,#,2.36,2.35,2.35,2.32,2.33,2.48,2.43,2.34,
鳳山,2023/12/18 00:00:00,WD_HR,285,284,277,269,281,281,280,294,248,178,272,273,277,282,286,279,276,272,262,272,298,282,5,70,
鳳山,2023/12/18 00:00:00,WIND_DIREC,280,283,263,174,271,267,287,286,148,98,280,296,278,285,282,280,279,271,199,94,317,275,79,78,
鳳山,2023/12/18 00:00:00,WIND_SPEED,0.8,1,0.6,0.3,0.5,0.4,0.5,0.5,0.6,1,1,1,1.2,1.2,1,0.9,1.2,0.9,0.7,0.3,0.5,0.4,0.3,0.3,
鳳山,2023/12/18 00:00:00,WS_HR,0.8,0.6,0.6,0.3,0.1,0.4,0.3,0.3,0.3,0.1,0.5,0.5,1.1,1,0.7,1,0.9,0.9,0.5,0.2,0.3,0.3,0.1,0.2,
鳳山,2023/12/19 00:00:00,AMB_TEMP,21.4,21.5,21.4,21.2,21.5,21.4,21.1,21.1,21.9,23,24.3,26.2,26.9,27.3,27.8,27.7,26.8,25.9,24.9,23.8,23.2,22.7,21.5,20.5,
鳳山,2023/12/19 00:00:00,CH4,2.23,2.24,2.33,2.15,2.13,2.12,2.18,2.21,2.18,2.18,2.18,2.17,2.14,2.14,2.13,2.11,2.12,2.14,2.16,2.16,2.18,2.17,2.16,2.17,
鳳山,2023/12/19 00:00:00,CO,0.37,0.35,0.4,0.28,0.3,0.34,0.5,0.81,0.69,0.62,0.58,0.61,0.54,0.54,0.56,0.56,0.72,0.85,0.74,0.71,0.67,0.66,0.46,0.45,
鳳山,2023/12/19 00:00:00,NMHC,0.11,0.12,0.26,0.08,0.07,0.1,0.22,0.32,0.27,0.29,0.29,0.27,0.22,0.19,0.2,0.17,0.22,0.25,0.24,0.25,0.23,0.22,0.16,0.18,
鳳山,2023/12/19 00:00:00,NO,0.8,0.7,0.8,0.7,0.7,1.3,5,14.9,9.5,10.1,8.1,8.1,5.8,3.6,2.6,2.3,4.4,5.4,4,3.7,3.5,3.8,2.5,2.1,
鳳山,2023/12/19 00:00:00,NO2,13.4,11.2,16.9,7.9,7.6,10.6,21.7,23.9,20.1,22.6,24.1,24.3,22.3,22.6,20.4,17.8,24.1,25.8,25,24.4,24.6,24.3,19.6,19.9,
鳳山,2023/12/19 00:00:00,NOx,14.3,12,17.7,8.7,8.3,12,26.8,38.9,29.6,32.8,32.2,32.4,28.1,26.2,23.1,20.2,28.6,31.3,29,28.2,28.1,28.1,22.1,22.1,
鳳山,2023/12/19 00:00:00,O3,19.5,21.5,11.3,24.5,24.8,18.8,4.6,2.5,9.6,12.3,18.2,28.4,33.5,39.5,48,49.2,37.5,31.3,27.4,19.5,14.5,10.1,11,5.9,
鳳山,2023/12/19 00:00:00,PM10,36,38,37,32,35,33,x,x,52,50,56,60,45,50,45,45,48,53,52,43,52,41,35,24,
鳳山,2023/12/19 00:00:00,PM2.5,15,15,13,14,16,16,18,22,22,21,30,24,20,19,20,12,16,16,19,18,27,19,16,16,
鳳山,2023/12/19 00:00:00,RAINFALL,0,0,0,0,0,0,0,0,0,0,0,0,0,0,0,0,0,0,0,0,0,0,0,0,
鳳山,2023/12/19 00:00:00,RH,85,85,87,88,84,84,89,92,89,80,69,59,54,51,49,49,53,56,60,65,69,69,73,83,
鳳山,2023/12/19 00:00:00,SO2,1.6,1.3,1.5,1,1.1,1.1,1.8,2.1,2.1,2.3,2.1,2.4,2,2,1.9,1.8,2,1.8,1.8,2.3,2.2,2.6,1.7,1.9,
鳳山,2023/12/19 00:00:00,THC,2.34,2.36,2.59,2.23,2.2,2.22,2.4,2.53,2.45,2.47,2.47,2.44,2.36,2.33,2.33,2.28,2.34,2.39,2.4,2.41,2.41,2.39,2.32,2.35,
鳳山,2023/12/19 00:00:00,WD_HR,83,49,289,269,282,277,275,280,279,279,284,275,282,277,283,275,279,278,267,275,280,274,274,276,
鳳山,2023/12/19 00:00:00,WIND_DIREC,79,61,254,261,277,286,281,279,173,279,286,91,277,271,174,286,280,268,274,267,291,267,280,263,
鳳山,2023/12/19 00:00:00,WIND_SPEED,0.3,0.3,0.5,0.7,0.9,1.2,1.3,1.4,0.7,1,1.1,1.1,1.1,0.8,1,1,1.3,1.2,1.2,1.1,1.1,1.2,1.8,0.9,
鳳山,2023/12/19 00:00:00,WS_HR,0.2,0.2,0.3,0.3,0.8,0.7,0.6,0.8,1.1,0.3,0.2,0.4,0.7,0.8,0.4,0.2,0.8,0.9,0.7,1.2,1,1,1.3,1.1,
鳳山,2023/12/20 00:00:00,AMB_TEMP,20,19.4,18.9,18.2,17.5,17,16.9,17.2,17.8,18.4,19.4,20,20.7,20.9,21.1,20.7,20.1,20.2,20,19.9,19.2,18.7,18.4,18,
鳳山,2023/12/20 00:00:00,CH4,2.18,2.17,2.17,2.15,2.16,2.18,2.18,2.16,2.14,2.13,2.13,2.13,2.13,2.15,2.16,2.16,2.14,2.15,2.15,2.16,2.14,2.17,2.18,2.19,
鳳山,2023/12/20 00:00:00,CO,0.39,0.36,0.34,0.32,0.36,0.4,0.5,0.66,0.67,0.65,0.58,0.51,0.58,0.56,0.63,0.68,0.63,0.92,1.01,0.82,0.67,0.69,0.6,0.59,
鳳山,2023/12/20 00:00:00,NMHC,0.2,0.18,0.17,0.12,0.12,0.14,0.18,0.21,0.21,0.21,0.18,0.22,0.22,0.25,0.32,0.27,0.24,0.32,0.32,0.26,0.21,0.24,0.22,0.18,
鳳山,2023/12/20 00:00:00,NO,1.7,1.7,1.2,1.2,1.3,1.9,4.6,9.7,12.2,11.9,10.9,11.3,13,10.8,12.7,9.5,6.7,9.7,9.2,5.4,4.2,4.4,3.6,2.3,
鳳山,2023/12/20 00:00:00,NO2,19.2,17.2,16.5,13.3,13.8,14.4,16.6,16.1,18.1,18,16.2,18.2,18.7,23.5,27.9,25.9,23.9,28.5,32.1,27.9,22.6,23.4,22.3,19.7,
鳳山,2023/12/20 00:00:00,NOx,20.9,18.9,17.7,14.5,15.2,16.4,21.3,25.9,30.4,29.9,27.1,29.6,31.7,34.4,40.6,35.4,30.6,38.3,41.4,33.4,26.9,27.9,25.9,22.1,
鳳山,2023/12/20 00:00:00,O3,5,4.7,5,8.5,6.2,4.3,1.9,4.9,6.1,8.4,10.7,9.7,10.5,10.2,8.9,10.6,12.3,8.7,6.2,7.7,9.7,7.1,6.8,8.6,
鳳山,2023/12/20 00:00:00,PM10,18,16,21,17,21,8,13,17,13,31,29,28,32,37,52,36,37,46,43,45,38,36,36,28,
鳳山,2023/12/20 00:00:00,PM2.5,13,11,11,12,17,16,10,8,7,10,11,12,13,16,22,15,18,21,20,18,12,12,11,15,
鳳山,2023/12/20 00:00:00,RAINFALL,0,0,0,0,0,1,1,0,0,0,0,0,0,0,0,0,0,0,0,0,0,0,0,0,
鳳山,2023/12/20 00:00:00,RH,86,89,90,92,96,99,100,97,93,90,86,86,87,88,79,83,86,82,76,70,68,71,73,73,
鳳山,2023/12/20 00:00:00,SO2,1.9,2.1,1.9,1.5,1.4,1.2,1.4,1.6,1.6,2.1,1.9,2.1,1.9,2,2.2,2,2.1,2,2.1,2.2,2.1,2.2,2.1,2,
鳳山,2023/12/20 00:00:00,THC,2.38,2.35,2.34,2.27,2.28,2.32,2.36,2.37,2.35,2.34,2.31,2.35,2.35,2.4,2.48,2.43,2.38,2.47,2.47,2.42,2.35,2.41,2.4,2.37,
鳳山,2023/12/20 00:00:00,WD_HR,274,271,278,276,278,280,276,258,268,255,274,104,278,281,276,275,279,281,273,276,279,276,275,269,
鳳山,2023/12/20 00:00:00,WIND_DIREC,282,273,281,283,264,278,249,267,287,271,135,149,262,272,274,151,91,279,269,271,280,265,277,279,
鳳山,2023/12/20 00:00:00,WIND_SPEED,1.1,1.4,1.5,2.3,1,1.4,1,1.3,1.1,1,0.3,0.4,0.3,1.1,1.3,0.6,0.3,0.8,1.1,1.2,1,0.8,1,1.2,
鳳山,2023/12/20 00:00:00,WS_HR,0.7,0.7,1,1.5,1.5,1.2,0.8,0.4,0.6,0.2,0.3,0.2,0.4,0.6,0.8,0.3,0.2,0.6,0.9,0.9,1,0.7,0.8,0.8,
鳳山,2023/12/21 00:00:00,AMB_TEMP,17.7,17.4,17.3,17.2,16.9,16.7,16.6,16.9,17.6,18.3,18.9,18.9,19,19.6,19.7,19.2,18.1,17.7,17.6,17.1,16.5,15.6,15,14.7,
鳳山,2023/12/21 00:00:00,CH4,2.19,2.19,2.22,2.22,2.21,2.2,2.2,2.18,2.19,2.18,2.18,#,2.2,2.2,2.2,2.21,2.22,2.21,2.21,2.21,2.21,2.19,2.18,2.18,
鳳山,2023/12/21 00:00:00,CO,0.61,0.43,0.43,0.39,0.37,0.36,0.5,0.68,0.71,0.66,0.64,#,0.71,0.61,0.66,0.76,0.86,0.9,0.76,0.77,0.77,0.6,0.56,0.5,
鳳山,2023/12/21 00:00:00,NMHC,0.16,0.15,0.11,0.12,0.12,0.09,0.13,0.2,0.21,0.23,0.23,#,0.29,0.22,0.27,0.32,0.34,0.3,0.23,0.21,0.22,0.18,0.15,0.13,
鳳山,2023/12/21 00:00:00,NO,1.7,1.2,1.3,1.5,1.2,1.9,3.8,10.1,12.9,13.1,10.9,#,13.2,8.8,9.6,10.5,10.6,10.7,6.4,5.5,5.4,3.4,2.8,2.2,
鳳山,2023/12/21 00:00:00,NO2,18.6,15.6,14.3,13.5,14.3,12.4,16.4,19.1,22.3,23.5,23.2,#,27,26.2,28.4,31.8,32.6,30.1,25,26.1,25.7,22.1,18.8,17.5,
鳳山,2023/12/21 00:00:00,NOx,20.3,16.9,15.6,15,15.6,14.3,20.3,29.3,35.2,36.6,34.1,#,40.3,35,38.1,42.4,43.3,40.8,31.4,31.6,31.1,25.5,21.6,19.8,
鳳山,2023/12/21 00:00:00,O3,10.4,12.4,13.1,11.8,12.4,13.3,11.9,9.9,9.9,12.8,#,10.8,14.4,18.8,17.8,14.5,12,12.6,15.8,12,9.5,12.7,14.3,15,
鳳山,2023/12/21 00:00:00,PM10,26,22,16,21,21,16,23,23,25,27,#,41,42,44,49,51,51,53,57,68,56,48,39,36,
鳳山,2023/12/21 00:00:00,PM2.5,13,15,12,17,13,9,10,15,12,11,#,17,21,26,17,30,28,28,26,25,28,21,17,16,
鳳山,2023/12/21 00:00:00,RAINFALL,0,0,0,0,0,0,0,0,0,0,#,0,0,0,0,0,0,0,0,0,0,0,0,0,
鳳山,2023/12/21 00:00:00,RH,73,72,73,75,77,79,76,75,70,65,63,63,68,62,61,61,65,65,63,60,61,61,62,63,
鳳山,2023/12/21 00:00:00,SO2,2,1.8,1.8,1.7,1.6,1.3,1.6,1.8,1.7,2,2.2,#,2,2.1,2.2,2,1.7,2.2,2,1.8,2.2,2,1.7,1.8,
鳳山,2023/12/21 00:00:00,THC,2.35,2.34,2.33,2.34,2.33,2.29,2.33,2.38,2.4,2.41,2.41,#,2.49,2.42,2.47,2.53,2.56,2.51,2.44,2.42,2.43,2.37,2.33,2.31,
鳳山,2023/12/21 00:00:00,WD_HR,275,269,276,280,273,280,275,275,268,277,275,277,273,277,276,277,270,271,275,271,277,272,279,275,
鳳山,2023/12/21 00:00:00,WIND_DIREC,256,274,276,282,292,277,268,118,277,278,279,278,274,272,280,272,270,265,264,279,271,278,283,277,
鳳山,2023/12/21 00:00:00,WIND_SPEED,0.7,1.5,1.6,1.4,0.7,1.9,0.8,0.8,1.5,1.4,0.9,1,1.1,1.1,1.7,1,1.1,1.2,1.3,1.2,1.3,1.8,1,1.4,
鳳山,2023/12/21 00:00:00,WS_HR,0.8,0.7,0.8,0.9,0.5,1.1,1,0.4,0.6,1.1,0.3,0.9,0.8,1,0.9,1,0.9,1.2,1,1,1.1,1.2,1.2,1.1,
鳳山,2023/12/22 00:00:00,AMB_TEMP,14.4,14.2,14,13.8,13.6,13.4,13.2,13.3,14.2,14.7,16.5,18.2,19.5,20.4,20.4,20.3,19.3,18.4,17.7,17.2,16.9,16.6,16.3,16.2,
鳳山,2023/12/22 00:00:00,CH4,2.17,2.16,A,2.15,2.16,2.16,2.17,2.18,2.17,2.18,2.17,#,2.14,2.15,2.14,2.15,2.16,2.16,2.17,2.16,2.17,2.16,2.17,2.19,
鳳山,2023/12/22 00:00:00,CO,0.43,0.37,0.37,0.34,0.33,0.35,0.44,0.74,0.74,0.63,0.65,0.59,0.62,0.63,0.65,0.71,0.83,0.95,0.86,0.74,0.65,0.57,0.62,0.61,
鳳山,2023/12/22 00:00:00,NMHC,0.11,0.11,A,0.08,0.1,0.1,0.11,0.22,0.24,0.26,0.26,#,0.21,0.18,0.17,0.21,0.28,0.32,0.32,0.28,0.26,0.21,0.3,0.29,
鳳山,2023/12/22 00:00:00,NO,1.5,0.5,0.5,0.5,0.5,0.9,2.7,11.5,15.6,15.9,15.4,10.3,7.9,4.3,3.1,4,5.1,10.3,7.8,6.1,3.9,2.2,4.9,3.2,
鳳山,2023/12/22 00:00:00,NO2,15.3,13.3,13,11.6,12.2,13.1,16.8,25.6,26.8,27.7,27.2,23.7,25.3,23.9,23.7,27.3,30.6,37.4,35.2,33.1,30.9,25.1,30,30.6,
鳳山,2023/12/22 00:00:00,NOx,16.9,13.9,13.6,12.2,12.8,14.1,19.6,37.2,42.4,43.6,42.6,34.1,33.2,28.3,26.8,31.4,35.7,47.7,43,39.3,34.9,27.4,34.9,33.8,
鳳山,2023/12/22 00:00:00,O3,17.1,19.3,19.1,19.5,19.4,19.4,15.6,10.7,9.4,11.7,15.4,23.8,29.8,39.3,41.1,31.1,25.3,14.1,10.7,11.1,9.8,11.4,5.5,3.3,
鳳山,2023/12/22 00:00:00,PM10,29,25,19,25,27,32,32,35,47,46,51,#,50,52,56,54,69,57,63,72,71,60,64,57,
鳳山,2023/12/22 00:00:00,PM2.5,15,11,13,14,13,11,14,22,21,23,26,23,26,28,27,31,31,25,27,30,28,27,22,25,
鳳山,2023/12/22 00:00:00,RAINFALL,0,0,0,0,0,0,0,0,0,0,0,0,0,0,0,0,0,0,0,0,0,0,0,0,
鳳山,2023/12/22 00:00:00,RH,63,64,65,66,65,64,62,61,58,57,53,49,47,46,47,47,49,51,50,48,49,51,52,52,
鳳山,2023/12/22 00:00:00,SO2,1.8,2.3,2.1,2,2,2.1,2,2.4,2.9,3.3,3.5,3.2,2.9,2.9,2.7,1.9,2.4,2.2,2.8,3,3.2,2.5,3.3,3.5,
鳳山,2023/12/22 00:00:00,THC,2.28,2.27,A,2.23,2.26,2.26,2.28,2.4,2.41,2.44,2.43,#,2.35,2.33,2.31,2.36,2.44,2.48,2.49,2.44,2.43,2.37,2.47,2.48,
鳳山,2023/12/22 00:00:00,WD_HR,279,273,272,277,285,276,275,273,275,277,272,279,276,294,241,284,272,272,280,267,263,61,287,286,
鳳山,2023/12/22 00:00:00,WIND_DIREC,66,259,208,274,280,280,276,281,281,272,270,333,231,174,286,292,264,281,283,258,108,155,306,280,
鳳山,2023/12/22 00:00:00,WIND_SPEED,0.9,1.1,0.9,1.4,0.9,1.3,1.4,0.8,1.3,1.1,1,0.7,0.6,1,0.9,0.7,1,0.4,1,0.6,0.3,0.3,0.6,0.6,
鳳山,2023/12/22 00:00:00,WS_HR,0.6,0.7,0.6,0.8,0.7,1.1,1,0.9,1,1.2,1,0.7,0.5,0.4,0.5,0.6,0.6,0.5,0.7,0.6,0.3,0.1,0.7,0.5,
鳳山,2023/12/23 00:00:00,AMB_TEMP,16,16.1,16.2,15.9,15.9,16.2,16.1,16.2,17.2,18.2,19.3,20.2,20.9,20.5,20.3,20.6,20.3,19.7,19.7,19.6,19.5,19.2,18.8,18.7,
鳳山,2023/12/23 00:00:00,CH4,2.2,2.22,2.24,2.26,2.22,2.27,2.28,2.33,2.29,2.18,2.18,2.22,2.14,2.19,2.2,2.19,2.2,2.21,2.22,2.22,2.24,2.28,2.28,2.29,
鳳山,2023/12/23 00:00:00,CO,0.59,0.48,0.48,0.47,0.4,0.44,0.49,0.68,0.62,0.59,0.9,1.27,0.72,0.68,0.55,0.65,0.69,0.63,0.79,0.67,0.67,0.7,0.56,0.58,
鳳山,2023/12/23 00:00:00,NMHC,0.27,0.24,0.28,0.29,0.14,0.18,0.21,0.26,0.19,0.17,0.26,0.38,0.21,0.23,0.19,0.26,0.26,0.24,0.35,0.26,0.24,0.25,0.17,0.2,
鳳山,2023/12/23 00:00:00,NO,3.1,1.6,1.3,1.9,0.8,0.7,2.3,13.9,9.1,6.1,9.3,19.1,7.2,5.2,3.8,4.4,3,0.9,1.6,1,1.6,4.1,1.8,1.6,
鳳山,2023/12/23 00:00:00,NO2,29.6,25.1,26.2,25.4,17.3,16,20,22,19.2,18.2,26.7,41.7,25.2,27.5,25.8,30.7,33.7,27.5,31.4,31.6,26.5,24.7,20.5,22.7,
鳳山,2023/12/23 00:00:00,NOx,32.7,26.8,27.5,27.3,18.1,16.8,22.3,35.9,28.3,24.4,36.1,60.8,32.5,32.7,29.7,35.2,36.8,28.5,33.1,32.6,28.1,28.8,22.3,24.4,
鳳山,2023/12/23 00:00:00,O3,3,4.6,2.3,2.2,9,8.5,1.8,1.6,6.6,14.4,14.6,10.7,25.6,25,29.5,24.8,23.7,22.7,14.6,12.8,12.2,12.9,14.9,10.3,
鳳山,2023/12/23 00:00:00,PM10,58,48,49,42,44,49,46,55,48,57,65,81,55,64,64,64,66,60,64,61,60,66,65,64,
鳳山,2023/12/23 00:00:00,PM2.5,25,20,25,21,27,22,20,30,24,34,31,43,26,33,33,40,36,33,35,34,37,39,39,39,
鳳山,2023/12/23 00:00:00,RAINFALL,0,0,0,0,0,0,0,0,0,0,0,0,0,0,0,0,0,0,0,0,0,0,0,0,
鳳山,2023/12/23 00:00:00,RH,54,58,59,71,73,73,73,83,88,75,61,54,52,57,57,54,57,61,60,60,62,62,63,64,
鳳山,2023/12/23 00:00:00,SO2,3.1,3,3,2.9,2,2,1.9,1.8,2,2.7,3.9,7.9,4.1,2.6,2.7,3.1,2.7,2.4,2.6,2.5,2.5,2.3,2.1,2.6,
鳳山,2023/12/23 00:00:00,THC,2.47,2.46,2.52,2.55,2.36,2.45,2.49,2.59,2.48,2.35,2.44,2.6,2.35,2.42,2.39,2.45,2.46,2.45,2.57,2.48,2.48,2.53,2.45,2.49,
鳳山,2023/12/23 00:00:00,WD_HR,286,321,292,328,82,5,68,68,86,74,282,285,286,283,50,276,11,86,42,73,64,289,57,290,
鳳山,2023/12/23 00:00:00,WIND_DIREC,346,313,52,299,334,66,49,48,89,92,261,298,312,78,303,288,85,66,76,89,72,100,75,288,
鳳山,2023/12/23 00:00:00,WIND_SPEED,0.3,0.4,0.3,0.3,0.3,0.3,0.3,0.3,0.4,0.3,0.3,0.7,0.5,0.4,0.7,0.8,0.4,0.3,0.3,0.3,0.3,0.4,0.3,0.7,
鳳山,2023/12/23 00:00:00,WS_HR,0.5,0.2,0.5,0.1,0.1,0.1,0.2,0.2,0.3,0.2,0.3,0.3,0.5,0.3,0.1,0.3,0.1,0.3,0.1,0.3,0.1,0.3,0.1,0.3,
鳳山,2023/12/24 00:00:00,AMB_TEMP,18.5,18.3,18.3,18,17.7,17.5,17.2,17.2,17.8,18.9,20.4,22.9,24,24.7,24.7,23.9,21.1,19.3,18.6,18.1,17.4,16.4,16,15.6,
鳳山,2023/12/24 00:00:00,CH4,2.28,2.23,2.18,2.22,2.22,2.22,2.21,2.19,2.18,2.18,2.16,2.14,2.13,2.11,2.1,2.09,2.08,2.1,2.12,2.14,2.14,2.13,2.15,2.15,
鳳山,2023/12/24 00:00:00,CO,0.52,0.44,0.43,0.43,0.41,0.42,0.43,0.48,0.56,0.57,0.51,0.51,0.52,0.51,0.47,0.43,0.46,0.49,0.57,0.56,0.51,0.45,0.45,0.41,
鳳山,2023/12/24 00:00:00,NMHC,0.2,0.15,0.15,0.18,0.15,0.18,0.17,0.21,0.21,0.25,0.27,0.23,0.14,0.13,0.13,0.1,0.11,0.14,0.18,0.19,0.17,0.15,0.19,0.14,
鳳山,2023/12/24 00:00:00,NO,1.3,0.9,1,1.3,1.4,2.1,3.3,5.3,7.1,9.2,8.7,6.2,4.1,3.4,3.1,2.8,2.8,3,3.8,4.3,3.4,3,2.9,1.9,
鳳山,2023/12/24 00:00:00,NO2,23.1,15.6,15.2,16.9,15.8,17.3,17,16.7,15.4,17.2,16.9,18.2,14,13,13.4,12.7,12.7,14.6,19.1,20.6,19.9,17.9,19.6,19.1,
鳳山,2023/12/24 00:00:00,NOx,24.4,16.5,16.2,18.2,17.2,19.4,20.4,22,22.5,26.5,25.6,24.5,18.2,16.4,16.6,15.5,15.5,17.7,22.9,24.9,23.3,20.9,22.5,21,
鳳山,2023/12/24 00:00:00,O3,8.7,12.5,12.6,8.4,9.2,4.3,4.1,6.6,8.7,12.1,19.4,30.9,38.8,44.3,44.3,45.5,38.9,32.4,23.8,20.2,18.7,19.2,16.1,16.1,
鳳山,2023/12/24 00:00:00,PM10,63,53,46,40,39,40,35,29,31,36,36,32,30,32,38,43,98,84,64,63,48,41,34,33,
鳳山,2023/12/24 00:00:00,PM2.5,45,39,29,29,26,23,21,21,22,19,18,18,18,10,14,15,15,22,15,16,20,17,15,14,
鳳山,2023/12/24 00:00:00,RAINFALL,0,0,0,0,0,0,0,0,0,0,0,0,0,0,0,0,0,0,0,0,0,0,0,0,
鳳山,2023/12/24 00:00:00,RH,64,66,64,69,74,82,89,90,88,78,66,53,48,47,46,46,52,54,56,57,58,59,60,62,
鳳山,2023/12/24 00:00:00,SO2,2.6,2.1,1.9,2.1,1.7,1.8,1.8,2.1,2.3,2.7,2.9,2.9,2.2,2,2.1,2,1.8,1.8,2,2,2,2.2,2.3,2.1,
鳳山,2023/12/24 00:00:00,THC,2.48,2.38,2.33,2.4,2.37,2.4,2.38,2.4,2.39,2.43,2.43,2.37,2.27,2.24,2.23,2.19,2.19,2.24,2.3,2.33,2.31,2.28,2.34,2.29,
鳳山,2023/12/24 00:00:00,WD_HR,285,274,275,283,286,279,280,275,276,287,275,290,284,278,280,276,276,274,270,276,267,272,278,271,
鳳山,2023/12/24 00:00:00,WIND_DIREC,134,251,276,280,256,278,259,282,268,283,201,312,285,270,283,268,278,278,274,268,270,258,281,260,
鳳山,2023/12/24 00:00:00,WIND_SPEED,0.3,0.9,1.1,1.1,0.3,1,0.5,1,0.4,1,0.8,1,1.2,1.3,1.6,1.3,1.9,1.2,1.3,1,1.3,1.4,1.1,1.4,
鳳山,2023/12/24 00:00:00,WS_HR,0.5,0.6,0.5,0.4,0.2,0.4,0.6,0.7,0.3,0.9,0.6,0.3,0.8,1,1,1.1,1.3,0.9,1,1,1.1,1.3,1,1.1,
鳳山,2023/12/25 00:00:00,AMB_TEMP,15.3,15.1,14.5,14,13.6,13.5,13.2,13.7,15.3,17.5,19.7,21.1,23.3,24,24.2,23.8,22.9,21.8,21.3,20.1,18.9,18.1,17.3,16.6,
鳳山,2023/12/25 00:00:00,CH4,2.16,2.17,2.18,2.19,2.22,2.25,2.25,2.26,2.24,2.25,2.24,2.18,2.17,2.14,2.11,2.12,2.15,2.17,2.19,2.22,2.22,2.25,2.24,2.23,
鳳山,2023/12/25 00:00:00,CO,0.38,0.38,0.4,0.4,0.41,0.44,0.54,0.86,0.87,0.81,0.86,0.67,0.85,0.64,0.56,0.73,1.01,1.19,0.89,1.04,0.8,0.81,0.71,0.68,
鳳山,2023/12/25 00:00:00,NMHC,0.15,0.15,0.12,0.13,0.15,0.16,0.19,0.3,0.29,0.34,0.39,0.27,0.26,0.19,0.16,0.24,0.33,0.41,0.3,0.36,0.32,0.35,0.27,0.23,
鳳山,2023/12/25 00:00:00,NO,1.1,0.8,0.6,0.7,0.8,1.4,3.9,25,24.7,27.3,#,13.6,10.2,5.4,3.3,3.6,5.9,5.1,2.5,4.8,3,4.2,2.3,1.8,
鳳山,2023/12/25 00:00:00,NO2,17,18.1,18.3,18,18.8,20.6,21,24.4,24.6,28.4,#,31.3,29.7,26.3,20.7,27.2,40.5,46.7,33.4,43.8,38.8,39.6,30.5,29.7,
鳳山,2023/12/25 00:00:00,NOx,18.1,19,19,18.7,19.7,22.1,24.9,49.4,49.3,55.8,#,44.9,40,31.8,24.1,30.8,46.4,51.8,36,48.6,41.9,43.8,32.9,31.5,
鳳山,2023/12/25 00:00:00,O3,14.8,12.7,11.2,9.3,7.9,5.5,4.9,2.9,5.4,8.3,11.2,18.2,30.1,37.6,46.9,47.3,33.7,23.4,29.8,16.4,15.3,10,12.5,11.3,
鳳山,2023/12/25 00:00:00,PM10,36,37,37,37,43,46,39,49,51,58,#,63,63,48,48,55,79,83,82,108,100,96,82,77,
鳳山,2023/12/25 00:00:00,PM2.5,22,23,23,23,22,28,24,24,25,28,#,30,30,23,17,21,27,31,34,40,35,41,30,36,
鳳山,2023/12/25 00:00:00,RAINFALL,0,0,0,0,0,0,0,0,0,0,0,0,0,0,0,0,0,0,0,0,0,0,0,0,
鳳山,2023/12/25 00:00:00,RH,65,68,70,75,79,80,81,77,69,61,55,52,45,43,42,45,48,52,46,49,53,55,57,58,
鳳山,2023/12/25 00:00:00,SO2,2,2,1.8,1.7,2.2,2,2.3,2.7,2.7,3.5,3.9,3.3,4.1,2.3,1.6,2,1.8,2,2.5,2.9,3.1,3,3.6,3.5,
鳳山,2023/12/25 00:00:00,THC,2.31,2.32,2.3,2.32,2.37,2.41,2.44,2.56,2.53,2.59,2.63,2.45,2.43,2.33,2.27,2.36,2.48,2.58,2.49,2.58,2.54,2.6,2.51,2.46,
鳳山,2023/12/25 00:00:00,WD_HR,282,280,278,278,277,273,276,270,277,279,276,274,275,283,286,277,281,288,286,275,276,279,283,281,
鳳山,2023/12/25 00:00:00,WIND_DIREC,277,286,279,273,279,277,275,267,287,284,281,79,270,249,280,279,273,295,273,65,280,285,280,283,
鳳山,2023/12/25 00:00:00,WIND_SPEED,0.7,1,1.3,1.4,1.2,1,1.2,1.1,1,1.1,0.9,0.6,1.2,1,1,1,0.6,0.3,0.9,0.4,0.6,0.9,0.9,1.1,
鳳山,2023/12/25 00:00:00,WS_HR,0.8,0.9,1,1,1,0.9,1.1,0.9,1,1.2,0.4,0.2,0.8,0.8,0.7,0.9,0.7,0.2,0.1,0.5,0.3,0.8,0.7,0.7,
鳳山,2023/12/26 00:00:00,AMB_TEMP,16.1,15.9,15.6,15.3,15.6,15.6,16.1,17,18.5,19.9,21.5,22.6,23.2,23.7,23.9,23.9,23.5,22.7,22.5,22.2,21.7,21.5,21.1,20.7,
鳳山,2023/12/26 00:00:00,CH4,2.27,2.32,2.34,2.37,2.45,2.39,2.48,2.45,2.36,2.34,2.27,2.27,2.22,2.2,2.22,2.25,2.25,2.28,2.29,2.28,2.28,2.3,2.34,2.29,
鳳山,2023/12/26 00:00:00,CO,0.6,0.55,0.49,0.48,0.5,0.54,0.69,0.99,1.04,0.97,0.82,0.94,0.86,0.63,0.75,0.99,1.21,1.38,1.32,0.98,0.76,0.74,0.83,0.57,
鳳山,2023/12/26 00:00:00,NMHC,0.32,0.34,0.29,0.31,0.38,0.32,0.34,0.45,0.39,0.4,0.38,0.45,0.31,0.21,0.29,0.39,0.45,0.49,0.5,0.39,0.39,0.32,0.39,0.23,
鳳山,2023/12/26 00:00:00,NO,1.8,1.3,1.4,1.2,2.3,3.9,10.5,21.5,20.1,19.1,13.6,13.3,7.1,5.1,3.9,5.4,5.9,5.7,6.5,2.9,1.6,2.2,4.1,1.9,
鳳山,2023/12/26 00:00:00,NO2,27.9,28.4,26,25.3,26.6,26.2,24.3,27.1,28.9,39.1,42.7,50.4,34.2,30.6,36.8,45.4,48.4,51.8,51.3,41.6,38.8,32,39,24,
鳳山,2023/12/26 00:00:00,NOx,29.7,29.8,27.4,26.5,29,30.1,34.8,48.6,49,58.3,56.3,63.8,41.3,35.8,40.7,50.8,54.3,57.5,57.8,44.6,40.4,34.3,43.2,26,
鳳山,2023/12/26 00:00:00,O3,9.2,6.2,5.7,3.4,1.2,1.4,0.9,1.7,4.7,8.8,22.8,21.4,33.3,42,45.8,39.9,35.5,26.1,15.8,18.1,14.3,15.7,7,20.2,
鳳山,2023/12/26 00:00:00,PM10,67,63,55,51,54,54,60,67,67,83,87,80,75,74,95,111,97,100,90,84,78,71,73,71,
鳳山,2023/12/26 00:00:00,PM2.5,28,34,30,29,25,28,33,30,29,37,39,37,30,35,41,48,48,48,45,43,39,33,38,37,
鳳山,2023/12/26 00:00:00,RAINFALL,0,0,0,0,0,0,0,0,0,0,0,0,0,0,0,0,0,0,0,0,0,0,0,0,
鳳山,2023/12/26 00:00:00,RH,60,63,67,71,71,74,77,74,69,63,56,51,48,47,45,47,48,52,53,54,55,53,55,60,
鳳山,2023/12/26 00:00:00,SO2,3.4,3.3,2.9,2.6,2.7,2.6,2.2,2.6,3.1,5.3,4.9,4.1,2.8,2.7,3.1,2.9,2.7,2.6,2.6,2.8,3,2.6,2.9,2.9,
鳳山,2023/12/26 00:00:00,THC,2.59,2.66,2.63,2.68,2.83,2.71,2.82,2.9,2.75,2.74,2.65,2.72,2.53,2.41,2.51,2.64,2.7,2.77,2.79,2.67,2.67,2.62,2.73,2.52,
鳳山,2023/12/26 00:00:00,WD_HR,281,298,39,62,57,88,88,73,58,95,100,279,279,273,273,270,281,294,297,43,52,3,305,286,
鳳山,2023/12/26 00:00:00,WIND_DIREC,73,246,47,24,55,74,103,82,14,90,231,242,285,279,279,262,301,322,283,52,23,295,312,274,
鳳山,2023/12/26 00:00:00,WIND_SPEED,0.4,0.5,0.3,0.3,0.3,0.3,0.3,0.3,0.3,0.6,0.7,1,0.9,0.5,0.7,0.7,0.4,0.3,0.5,0.3,0.3,0.4,0.3,0.5,
鳳山,2023/12/26 00:00:00,WS_HR,0.5,0.2,0.1,0.2,0.2,0.3,0.3,0.3,0.1,0.3,0.1,0.3,0.6,0.3,0.4,0.5,0.4,0.4,0.3,0.2,0.3,0.1,0.2,0.5,
鳳山,2023/12/27 00:00:00,AMB_TEMP,20.3,19.9,19.6,19.6,19.5,19.7,19.9,19.9,20.4,20.9,21.6,23.1,24.3,23.9,24.2,24.4,24.2,23.6,23.1,23,22.2,21.6,20.8,20.7,
鳳山,2023/12/27 00:00:00,CH4,2.26,2.26,2.27,2.31,2.32,2.34,2.32,2.31,2.26,2.19,2.2,2.22,2.25,2.24,2.21,2.21,2.23,2.26,2.23,2.25,2.22,2.22,2.23,2.25,
鳳山,2023/12/27 00:00:00,CO,0.47,0.43,0.43,0.46,0.44,0.56,0.65,1,0.99,0.82,0.86,0.78,0.81,0.71,0.73,0.83,0.86,0.82,0.81,0.9,0.83,0.76,0.59,0.52,
鳳山,2023/12/27 00:00:00,NMHC,0.19,0.14,0.14,0.25,0.25,0.21,0.27,0.43,0.37,0.28,0.33,0.33,0.34,0.29,0.27,0.28,0.3,0.32,0.34,0.37,0.35,0.28,0.22,0.16,
鳳山,2023/12/27 00:00:00,NO,2,0.5,0.5,0.8,1,1,4.8,22.6,20.7,9.1,9.7,8.3,6.2,6.5,4.3,4.3,2.7,0.9,0.9,1.1,5.5,4,1.9,0.8,
鳳山,2023/12/27 00:00:00,NO2,22.7,15,13.5,21.4,23.2,17.6,23.8,30.9,29.9,24.9,25.5,28,34.8,35.1,30.7,37.3,36.1,31.8,32.5,33.7,34.2,25.4,24.3,16.2,
鳳山,2023/12/27 00:00:00,NOx,24.7,15.5,14,22.2,24.3,18.6,28.6,53.6,50.7,34,35.2,36.4,41.1,41.7,35.1,41.6,38.9,32.7,33.4,34.8,39.8,29.5,26.2,17,
鳳山,2023/12/27 00:00:00,O3,17.4,20.5,20.6,8.3,7.1,13.7,8.8,1,3.4,11.6,15,25.6,32.3,32.4,38.4,36.6,36.2,34.1,28.4,19.9,7.2,13.7,10.9,17.5,
鳳山,2023/12/27 00:00:00,PM10,66,61,63,61,62,66,70,80,81,84,75,85,88,88,78,78,80,88,89,88,80,70,64,62,
鳳山,2023/12/27 00:00:00,PM2.5,34,34,33,31,36,36,40,35,35,31,35,43,46,51,41,35,41,48,55,44,35,33,30,37,
鳳山,2023/12/27 00:00:00,RAINFALL,0,0,0,0,0,0,0,0,0,0,0,0,0,0,0,0,0,0,0,0,0,0,0,0,
鳳山,2023/12/27 00:00:00,RH,65,68,71,74,75,73,72,76,75,71,67,60,54,54,49,48,50,57,60,63,79,87,94,95,
鳳山,2023/12/27 00:00:00,SO2,3.8,2.6,2.1,2.3,2.4,2,2.1,2.7,2.6,2.4,2.5,3.3,3.9,3.5,3,3.1,2.7,2.8,3.2,2.3,2.3,2.1,1.7,1.4,
鳳山,2023/12/27 00:00:00,THC,2.45,2.4,2.41,2.56,2.57,2.55,2.59,2.74,2.63,2.47,2.53,2.55,2.59,2.53,2.48,2.49,2.53,2.58,2.57,2.62,2.57,2.5,2.45,2.41,
鳳山,2023/12/27 00:00:00,WD_HR,287,289,314,301,338,8,297,293,281,271,282,271,287,282,277,287,9,67,65,348,275,285,63,68,
鳳山,2023/12/27 00:00:00,WIND_DIREC,296,288,292,342,0,319,293,289,283,282,285,264,291,283,279,90,39,90,57,294,219,288,51,38,
鳳山,2023/12/27 00:00:00,WIND_SPEED,0.3,0.9,0.3,0.3,0.3,0.3,0.5,1.1,1.2,1,0.8,0.8,1,1.1,0.6,0.3,0.3,0.3,0.3,0.5,0.5,0.7,0.3,0.3,
鳳山,2023/12/27 00:00:00,WS_HR,0.4,0.2,0.2,0.2,0.1,0.2,0.1,0.4,0.3,0.3,0.7,0.4,0.7,0.9,0.8,0.2,0.1,0.2,0.2,0.1,0.2,0.6,0.2,0.3,
鳳山,2023/12/28 00:00:00,AMB_TEMP,20.7,20.4,20.3,20.2,20.1,20.1,20,20.5,21.2,22.5,23.7,24.4,24.7,24.5,25.4,25.2,24.7,22.8,22.1,21.6,21.3,20.9,20.7,20.3,
鳳山,2023/12/28 00:00:00,CH4,2.27,2.25,2.15,2.11,2.1,2.14,2.13,2.13,2.07,2.03,2.02,2.01,2.01,2.01,2.01,2.02,2.07,2.17,2.17,2.19,2.19,2.19,2.16,2.21,
鳳山,2023/12/28 00:00:00,CO,0.49,0.41,0.32,0.26,0.26,0.34,0.38,0.65,0.64,0.41,0.48,0.51,0.45,0.36,0.38,0.46,0.72,0.97,0.85,0.86,0.79,0.66,0.5,0.5,
鳳山,2023/12/28 00:00:00,NMHC,0.19,0.18,0.07,0.05,0.04,0.06,0.07,0.15,0.15,0.12,0.16,0.18,0.14,0.09,0.1,0.14,0.33,0.55,0.37,0.4,0.35,0.31,0.24,0.28,
鳳山,2023/12/28 00:00:00,NO,0.6,1.2,0.8,0.6,0.6,1.4,1.8,6.8,7.3,5.1,6.1,6,6.7,3.6,5.6,4.4,9.1,27,14.7,10.1,10.3,7.9,5,6,
鳳山,2023/12/28 00:00:00,NO2,13.4,14.4,9.8,7.8,5.8,7.2,9.1,17.5,17.6,12,13.9,14.1,15.1,12.8,13.7,16.4,27.1,31.2,30.8,33.2,31.1,28,22.7,23.6,
鳳山,2023/12/28 00:00:00,NOx,14.1,15.7,10.7,8.4,6.5,8.6,10.9,24.3,24.9,17.2,20,20.2,21.9,16.4,19.3,20.9,36.2,58.2,45.5,43.4,41.5,35.9,27.7,29.6,
鳳山,2023/12/28 00:00:00,O3,20,15.4,21.2,26.3,31.8,24.9,20.4,12,16.1,22,21.3,21.6,22.9,25.5,22.4,19.6,7.4,0,0.8,1.3,0.9,0.8,2.1,0.1,
鳳山,2023/12/28 00:00:00,PM10,56,40,34,21,18,25,27,30,29,23,26,21,37,20,16,21,30,38,37,49,55,53,52,48,
鳳山,2023/12/28 00:00:00,PM2.5,35,32,24,11,20,13,11,9,7,8,6,3,2,2,4,4,10,20,17,31,34,28,30,27,
鳳山,2023/12/28 00:00:00,RAINFALL,0,0,0,0,0,0,0,0,0,0,0,0,0,0,0,0,0,0,0,0,0,0,0,0,
鳳山,2023/12/28 00:00:00,RH,93,94,92,87,85,89,90,89,77,64,62,61,54,53,51,52,59,82,88,91,92,94,95,96,
鳳山,2023/12/28 00:00:00,SO2,1.6,1,1,1,0.8,0.7,0.5,1.1,0.8,0.8,1.1,0.9,1.2,1.2,1.1,1.4,1.5,2.1,1.9,2.1,2.3,2.1,1.7,1.6,
鳳山,2023/12/28 00:00:00,THC,2.46,2.43,2.22,2.16,2.14,2.2,2.2,2.28,2.22,2.15,2.18,2.19,2.15,2.1,2.11,2.16,2.4,2.72,2.54,2.59,2.54,2.5,2.4,2.49,
鳳山,2023/12/28 00:00:00,WD_HR,316,275,281,274,287,272,268,53,266,272,271,274,272,273,245,146,297,292,272,277,273,278,273,278,
鳳山,2023/12/28 00:00:00,WIND_DIREC,295,160,283,274,306,258,98,131,256,253,290,276,272,282,164,87,99,2,270,284,278,251,260,276,
鳳山,2023/12/28 00:00:00,WIND_SPEED,0.3,0.5,0.7,1.4,0.4,0.6,0.3,0.6,1.4,1.1,1.2,1,1.7,0.7,0.8,0.3,0.7,0.4,1.2,0.8,0.6,0.4,0.6,0.5,
鳳山,2023/12/28 00:00:00,WS_HR,0.2,0.2,0.6,0.7,0.4,0.2,0.1,0.1,0.5,0.7,0.4,0.7,1,0.4,0.3,0.1,0.1,0.2,0.7,0.9,0.5,0.7,0.5,0.4,
鳳山,2023/12/29 00:00:00,AMB_TEMP,19.8,19.6,19.5,19.4,19.1,19,18.8,18.9,19.6,21.8,24,26.1,26.9,28.2,28.2,27.2,26,24.2,23.6,22.4,21.6,21,20.5,20.2,
鳳山,2023/12/29 00:00:00,CH4,2.19,2.19,2.21,2.2,2.2,2.18,2.18,2.2,2.17,2.14,2.16,#,#,2.14,2.13,2.12,2.13,2.13,2.16,2.16,2.17,2.19,2.24,2.27,
鳳山,2023/12/29 00:00:00,CO,0.46,0.38,0.36,0.35,0.33,0.35,0.48,0.66,0.7,0.6,0.63,0.79,#,0.63,0.67,0.73,0.97,0.93,1.11,0.82,0.68,0.68,0.67,0.57,
鳳山,2023/12/29 00:00:00,NMHC,0.24,0.22,0.21,0.21,0.21,0.18,0.22,0.27,0.27,0.24,0.33,#,#,0.19,0.22,0.22,0.29,0.3,0.4,0.29,0.24,0.25,0.32,0.3,
鳳山,2023/12/29 00:00:00,NO,4.4,2.6,3.1,2.6,4.3,4.8,9.7,20.2,24.7,20.9,17.6,13.8,#,5.2,5.1,4.8,7,5.9,7.8,5.8,3.7,4,4.5,3.7,
鳳山,2023/12/29 00:00:00,NO2,22.5,19.2,18.7,16.9,16.3,14.3,13.2,12.8,16,15.7,25.5,31.1,#,22.6,26.3,26,33.6,34.2,38.4,30.4,27.7,28.6,29.1,28.2,
鳳山,2023/12/29 00:00:00,NOx,26.9,21.8,21.8,19.6,20.7,19.2,22.9,33,40.7,36.6,43.2,44.9,#,27.9,31.4,30.9,40.6,40.1,46.2,36.3,31.5,32.6,33.6,31.9,
鳳山,2023/12/29 00:00:00,O3,0.8,0.9,0.4,0.5,0,0.4,0,0.4,1.5,5.3,12.7,#,30,39.5,41.9,39.4,28.4,22.7,15.1,18.2,17.1,13.4,8.9,6.8,
鳳山,2023/12/29 00:00:00,PM10,48,48,43,45,49,41,40,53,46,50,53,#,#,45,42,67,82,79,77,68,61,61,61,63,
鳳山,2023/12/29 00:00:00,PM2.5,26,29,30,28,38,28,32,31,34,32,34,#,#,27,22,22,27,20,33,29,28,27,27,33,
鳳山,2023/12/29 00:00:00,RAINFALL,0,0,0,0,0,0,0,0,0,0,0,#,0,0,0,0,0,0,0,0,0,0,0,0,
鳳山,2023/12/29 00:00:00,RH,97,98,98,98,100,100,100,100,98,87,70,58,52,47,46,54,60,68,69,76,85,88,89,91,
鳳山,2023/12/29 00:00:00,SO2,1.6,1.4,1.2,1.2,1,0.9,0.9,1.1,1.1,1.4,2.3,3.6,#,2,1.8,1.6,1.4,1.4,1.9,2.4,2.1,2.1,2.3,2.1,
鳳山,2023/12/29 00:00:00,THC,2.43,2.41,2.42,2.41,2.41,2.36,2.4,2.47,2.44,2.38,2.49,#,#,2.33,2.35,2.34,2.42,2.43,2.56,2.45,2.41,2.44,2.56,2.57,
鳳山,2023/12/29 00:00:00,WD_HR,286,284,297,283,279,286,280,79,81,64,289,288,270,280,285,283,277,264,278,280,254,277,287,282,
鳳山,2023/12/29 00:00:00,WIND_DIREC,288,276,290,282,55,283,285,88,84,62,288,293,316,291,276,271,288,297,280,276,296,254,15,289,
鳳山,2023/12/29 00:00:00,WIND_SPEED,0.5,0.5,0.5,0.8,0.3,0.9,0.7,0.5,0.7,0.4,1,1,0.8,0.9,1.2,1.1,0.5,0.4,1,0.7,0.3,0.5,0.4,0.7,
鳳山,2023/12/29 00:00:00,WS_HR,0.6,0.6,0.4,0.7,0.4,0.5,0.8,0.1,0.3,0.1,0.4,0.5,0.5,0.8,0.9,0.8,0.6,0.4,0.8,1.1,0.1,0.3,0.4,0.5,
鳳山,2023/12/30 00:00:00,AMB_TEMP,19.8,19.5,19.3,19.5,19.6,19.2,19.4,20,20.8,22.4,23.6,24.1,23,23,23.1,23,22.7,22.2,21.9,21.5,21.7,21.8,21.5,21.3,
鳳山,2023/12/30 00:00:00,CH4,2.28,2.27,2.27,2.28,2.28,2.26,2.24,2.33,2.31,2.33,2.37,2.31,2.18,2.14,2.28,2.23,2.29,2.28,2.39,2.23,2.23,2.27,2.29,2.22,
鳳山,2023/12/30 00:00:00,CO,0.52,0.43,0.4,0.4,0.39,0.42,0.43,0.65,0.91,0.97,1.4,1.09,0.61,0.53,0.71,0.64,0.72,0.74,0.74,0.59,0.62,0.57,0.61,0.4,
鳳山,2023/12/30 00:00:00,NMHC,0.32,0.27,0.19,0.18,0.23,0.2,0.12,0.2,0.31,0.5,0.63,0.44,0.25,0.24,0.41,0.29,0.31,0.32,0.33,0.17,0.22,0.22,0.21,0.1,
鳳山,2023/12/30 00:00:00,NO,3.4,1.9,1.6,1.5,1,2.7,1.8,4.2,16.1,33.3,18.1,13,7.1,8.3,8.9,7.7,8.2,8.2,5.8,4.5,4.4,3.5,4.6,2.6,
鳳山,2023/12/30 00:00:00,NO2,28.6,23.7,20.8,17.2,19.6,19.4,11.2,16.3,22,38.6,51.8,39.2,23.3,25.5,32.9,27.8,30.3,29.9,30.6,21,21.7,21.3,20.7,12.8,
鳳山,2023/12/30 00:00:00,NOx,32,25.6,22.4,18.7,20.7,22.1,13,20.6,38.1,72,69.9,52.2,30.5,33.8,41.9,35.6,38.5,38.2,36.5,25.6,26.1,24.8,25.4,15.5,
鳳山,2023/12/30 00:00:00,O3,3.9,4.5,6,8.4,6.4,4.4,9.5,5.2,4.1,5.7,9.9,15.3,20.1,22.2,19,19.6,12,10.5,9.8,12,8.6,8.3,7.5,10.1,
鳳山,2023/12/30 00:00:00,PM10,62,67,68,53,48,45,31,42,47,68,80,76,42,27,53,45,45,39,46,32,25,31,33,24,
鳳山,2023/12/30 00:00:00,PM2.5,29,32,33,30,29,25,20,23,26,37,43,50,23,16,34,26,23,20,30,19,17,19,19,17,
鳳山,2023/12/30 00:00:00,RAINFALL,0,0,0,0,0,0,0,0,0,0,0,0,0,0,0,0,0,0,0,0,0,0,0,0,
鳳山,2023/12/30 00:00:00,RH,92,93,94,93,93,94,93,91,89,80,70,68,64,59,70,63,65,68,78,84,87,87,89,91,
鳳山,2023/12/30 00:00:00,SO2,2.1,2.7,2.6,2.4,2.2,2.2,1.6,1.7,2.1,3.1,3.4,3,2.2,2.3,2,2.2,2.1,2.4,2.4,1.9,2,2.1,1.9,1.6,
鳳山,2023/12/30 00:00:00,THC,2.6,2.54,2.46,2.46,2.51,2.46,2.36,2.53,2.62,2.83,3,2.75,2.43,2.38,2.69,2.52,2.6,2.6,2.72,2.4,2.45,2.49,2.5,2.32,
鳳山,2023/12/30 00:00:00,WD_HR,286,283,285,287,283,278,64,88,330,82,272,290,285,282,281,279,286,276,282,290,285,312,285,342,
鳳山,2023/12/30 00:00:00,WIND_DIREC,288,284,279,283,275,233,47,74,341,107,295,282,279,281,274,264,284,268,83,281,319,278,277,79,
鳳山,2023/12/30 00:00:00,WIND_SPEED,0.5,1.1,0.3,0.3,0.8,0.4,0.3,0.3,0.3,0.3,0.3,1.3,0.7,1.4,1,1,1,0.8,0.4,0.6,0.3,0.3,0.5,0.3,
鳳山,2023/12/30 00:00:00,WS_HR,0.6,0.8,0.6,0.6,0.7,0.4,0.2,0.4,0.1,0.1,0.2,0.7,0.1,1.2,0.9,0.8,0.3,0.8,0.6,0.3,0.2,0.1,0.3,0.1,
鳳山,2023/12/31 00:00:00,AMB_TEMP,20.9,20.7,20.9,21.1,21.3,21.7,21.6,21.6,22,24.8,26.7,27.6,28.8,29.6,29.4,28.7,27.7,26.5,25.5,25.2,24.6,24.1,23.7,22.7,
鳳山,2023/12/31 00:00:00,CH4,2.31,2.36,2.32,2.3,2.28,2.29,2.32,2.36,2.43,2.24,2.31,2.31,2.21,2.23,2.12,2.07,2.09,2.13,2.18,2.29,2.23,2.24,2.29,2.32,
鳳山,2023/12/31 00:00:00,CO,0.42,0.36,0.42,0.36,0.34,0.35,0.49,0.67,0.73,0.57,0.62,0.73,0.61,0.76,0.55,0.45,0.65,0.91,1.06,1.4,0.79,0.68,0.7,0.65,
鳳山,2023/12/31 00:00:00,NMHC,0.15,0.11,0.3,0.24,0.16,0.15,0.21,0.24,0.26,0.18,0.26,0.26,0.18,0.21,0.15,0.1,0.15,0.23,0.3,0.45,0.24,0.19,0.26,0.2,
鳳山,2023/12/31 00:00:00,NO,2.2,2.2,6.2,8.6,2.6,1.1,2.8,9,13.3,6.4,6.6,6.3,2.9,2.5,3.2,3,2.6,2.4,2.4,5.3,2.8,1.8,2.1,2.1,
鳳山,2023/12/31 00:00:00,NO2,14,12.5,16.9,16.8,14.7,11.6,15.6,17.9,18.1,12.4,19.7,21.8,17.3,21.7,17.9,13.3,16.1,24.2,31.5,45,26.4,20.7,28.7,23.1,
鳳山,2023/12/31 00:00:00,NOx,16.3,14.7,23.2,25.5,17.3,12.8,18.4,26.9,31.4,18.8,26.4,28.1,20.3,24.3,21.1,16.4,18.7,26.6,33.9,50.3,29.3,22.6,30.9,25.2,
鳳山,2023/12/31 00:00:00,O3,5.4,4.2,0.9,0.7,4.5,9.6,4.1,4,7.2,16.8,26.1,37.7,57.3,64.6,49.7,43.8,45.6,42.3,31,15.7,29.4,30.4,19.1,22.2,
鳳山,2023/12/31 00:00:00,PM10,43,21,33,27,41,46,47,64,58,29,42,46,45,50,28,22,36,51,54,69,62,64,68,84,
鳳山,2023/12/31 00:00:00,PM2.5,19,12,16,16,26,25,29,41,35,21,19,29,22,30,10,12,16,20,22,35,35,36,41,50,
鳳山,2023/12/31 00:00:00,RAINFALL,0,0,0,0,0,0,0,0,0,0,0,0,0,0,0,0,0,0,0,0,0,0,0,0,
鳳山,2023/12/31 00:00:00,RH,93,94,95,95,92,89,90,89,87,66,56,51,46,42,43,48,52,57,61,66,62,62,66,74,
鳳山,2023/12/31 00:00:00,SO2,1.7,0.5,0.8,1.2,1.3,0.9,0.8,1.5,1.9,1.5,1.9,2.4,2.4,3.9,2.7,1.5,1,1.1,1.3,1.2,1.5,1.4,1.8,1.2,
鳳山,2023/12/31 00:00:00,THC,2.46,2.47,2.62,2.54,2.44,2.44,2.53,2.6,2.69,2.42,2.57,2.57,2.39,2.44,2.27,2.17,2.24,2.36,2.48,2.74,2.47,2.43,2.55,2.52,
鳳山,2023/12/31 00:00:00,WD_HR,51,32,300,275,281,70,336,282,285,293,290,265,275,263,288,293,290,301,321,294,284,291,290,277,
鳳山,2023/12/31 00:00:00,WIND_DIREC,64,337,284,280,280,94,293,280,281,283,296,268,258,286,235,268,301,303,247,278,90,291,283,270,
鳳山,2023/12/31 00:00:00,WIND_SPEED,0.3,0.3,0.6,0.4,0.5,0.3,0.3,0.6,0.9,0.6,1,0.9,0.7,0.9,0.6,0.6,0.6,0.5,0.3,0.6,0.4,0.3,0.5,0.5,
鳳山,2023/12/31 00:00:00,WS_HR,0.2,0.1,0.3,0.5,0.5,0.2,0.1,0.4,0.5,0.2,0.6,0.7,0.3,0.4,0.7,0.6,0.6,0.6,0.1,0.3,0.2,0.3,0.5,0.4,


